0.467183 0.0328168
0.405612 0.094388
0.232093 0.267907
0.272959 0.227041
0.380102 0.119898
0.48702 0.0129802
0.00393291 0.496067
0.0079573 0.492043
0.0439241 0.456076
0.0329932 0.467007
0.298469 0.201531
0.247449 0.252551
0.415996 0.0840042
0.482143 0.0178571
0.0129795 0.487021
0.42094 0.0790602
0.094388 0.405612
0.446049 0.0539514
0.454885 0.0451152
0.0489762 0.451024
0.431122 0.0688778
0.329044 0.170956
0.0229963 0.477004
0.0179385 0.482061
4.98963e-05 0.49995
0.42602 0.0739796
0.196428 0.303572
0.242347 0.257653
0.441327 0.0586735
0.0994897 0.40051
0.222005 0.277995
0.293368 0.206632
0.323979 0.176021
0.0586735 0.441327
0.354592 0.145408
0.262755 0.237245
0.477041 0.0229593
0.334184 0.165816
0.0382653 0.461735
0.359694 0.140306
0.0280612 0.471939
0.344384 0.155616
0.283164 0.216836
0.436004 0.0639961
0.278061 0.221939
0.450002 0.0499983
0.46127 0.0387297
0.1612 0.3388
0.410714 0.0892855
0.313776 0.186224
0.34949 0.15051
0.0690004 0.431
0.17602 0.323979
0.227041 0.272959
0.258341 0.241659
0.109727 0.390273
0.0841835 0.415817
0.0639269 0.436073
0.390306 0.109694
0.0892855 0.410714
0.288265 0.211735
0.303571 0.196429
0.0535715 0.446429
0.0790815 0.420918
0.206633 0.293367
0.375 0.125
0.191025 0.308975
0.181122 0.318878
0.155916 0.344084
0.3951 0.1049
0.49995 4.99463e-05
0.186059 0.313941
0.145764 0.354236
0.166187 0.333813
0.125 0.375
0.15051 0.34949
0.308673 0.191327
0.339285 0.160715
0.364796 0.135204
0.130102 0.369898
0.252551 0.247449
0.400727 0.0992728
0.267857 0.232143
0.135204 0.364796
0.211734 0.288266
0.385204 0.114796
0.0739795 0.426021
0.140964 0.359036
0.490133 0.00986694
0.201531 0.298469
0.471953 0.0280474
0.170994 0.329006
0.237245 0.262755
0.216836 0.283164
0.369898 0.130102
0.119898 0.380102
0.104592 0.395408
0.318878 0.181122
0.114796 0.385204
0.495128 0.00487194
