4.83148e-05 0.499903 4.90849e-05
0.101537 0.280842 0.117621
0.17301 0.258976 0.0680137
1.17318e-05 0.121386 0.378602
0.254725 0.175893 0.0693825
0.325196 0.0514071 0.123397
0.0166385 0.0166676 0.466694
0.466607 0.0333437 4.90849e-05
0.0335416 0.450066 0.0163923
0.380321 0.119629 4.99404e-05
0.24091 0.155423 0.103667
0.237446 0.0509043 0.211649
0.206741 2.06631e-05 0.293239
0.103665 0.327637 0.0686987
0.243206 0.101624 0.15517
0.137941 0.36201 4.90849e-05
0.0164448 0.084115 0.39944
0.433384 0.0501279 0.0164878
0.0163921 0.138106 0.345502
0.141173 0.071332 0.287495
0.209091 0.0510897 0.239819
0.189117 0.189448 0.121434
0.0509406 0.398169 0.05089
0.197092 0.215731 0.0871772
0.4999 4.99634e-05 4.99404e-05
0.278119 0.118665 0.103216
0.0861957 0.206756 0.207048
0.139007 0.309121 0.0518712
0.289761 2.89607e-05 0.21021
0.350709 0.100392 0.0488998
0.0684125 1.82245e-06 0.431586
0.154659 0.190171 0.15517
4.76067e-05 4.92776e-05 0.499903
0.13874 0.255228 0.106032
0.0338691 0.204191 0.26194
0.399803 0.0670508 0.0331462
0.0677933 0.118469 0.313738
0.416699 0.0166186 0.0666823
0.0338617 0.363818 0.102321
0.0487046 0.0334012 0.417894
0.250467 2.50333e-05 0.249508
0.150032 0.333337 0.016631
0.103275 1.0322e-05 0.396715
0.184998 0.0344524 0.28055
0.214591 0.234758 0.0506512
0.0491776 0.224525 0.226297
0.366399 0.0159946 0.117607
0.0868922 0.379112 0.0339953
0.15801 0.0166686 0.325322
0.0855077 0.308574 0.105919
0.0524105 0.0837322 0.363857
0.397877 4.76473e-06 0.102118
0.276246 0.189447 0.0343071
0.293242 0.155626 0.0511319
3.33324e-05 0.344883 0.155083
0.174453 0.291052 0.0344953
0.156917 0.104963 0.23812
0.218604 0.141032 0.140363
0.276531 0.0514988 0.17197
6.45175e-06 0.0667548 0.433239
0.0305731 0.275053 0.194374
0.0663484 0.294235 0.139417
0.327531 0.138159 0.0343097
0.273572 0.226378 4.99404e-05
0.327757 0.172194 4.90849e-05
0.120233 0.161526 0.218241
0.0664767 0.433473 4.99404e-05
0.34495 3.44767e-05 0.155015
2.84527e-05 0.294394 0.205578
0.175706 0.156326 0.167969
0.0677297 0.18574 0.24653
0.232417 0.267533 4.99404e-05
3.69884e-05 0.38271 0.117253
0.136118 2.44913e-05 0.363857
0.0689156 0.344928 0.0861566
1.29303e-05 0.417298 0.0826889
0.309977 0.103756 0.086267
0.450011 4.01376e-05 0.0499485
2.41698e-05 0.25008 0.249896
1.90106e-05 0.196698 0.303283
0.349684 0.0670659 0.0832497
0.381016 0.0509707 0.0680137
0.312968 0.0149609 0.172071
0.103917 0.10368 0.292404
0.193283 0.110223 0.196494
0.0324067 0.152465 0.315128
0.100198 0.399752 4.99404e-05
0.293228 0.0684267 0.138345
0.416688 0.0832617 4.99404e-05
4.18488e-05 0.449971 0.0499875
0.120376 0.241279 0.138345
0.136978 0.174026 0.188996
0.0815894 0.152516 0.265894
0.189629 0.310322 4.90849e-05
0.0711416 0.0481721 0.380686
0.0872326 0.239224 0.173543
0.221695 0.0854598 0.192846
0.12057 0.120781 0.258648
0.103367 0.0511307 0.345502
0.0346105 0.311376 0.154013
