0.237516 0.0676755 0.194809
0.0854827 0.31272 0.101798
0.197304 1.90057e-05 0.302677
4.67236e-06 0.0499947 0.450001
4.672e-05 0.499908 4.48511e-05
0.0330914 0.0666792 0.400229
0.139355 0.292631 0.068014
0.229583 0.270372 4.58882e-05
0.161341 0.100536 0.238122
0.235006 1.4927e-05 0.264979
0.104418 0.0500731 0.345509
0.119236 0.11897 0.261794
0.31054 0.103303 0.0861573
1.71783e-05 0.303718 0.196264
0.189633 0.189961 0.120406
0.15477 0.016306 0.328924
4.91614e-05 0.238906 0.261045
0.380484 0.11947 4.58882e-05
0.150109 0.333491 0.0164001
0.3263 0.13922 0.0344802
0.222107 0.209879 0.068014
0.103423 0.396531 4.58882e-05
0.135967 0.170683 0.19335
0.174212 0.0517086 0.274079
0.0662271 0.0495112 0.384262
0.349158 0.101948 0.0488933
0.249476 0.218249 0.0322744
0.190795 0.309159 4.58882e-05
0.366943 0.0160159 0.117041
0.157781 0.254882 0.087337
0.23401 0.0334492 0.232541
0.0864264 0.0862335 0.32734
0.293656 0.15584 0.0505034
0.449966 3.88276e-05 0.0499947
0.315689 0.015464 0.168847
0.0499741 0.44998 4.58882e-05
0.0508495 0.254342 0.194809
0.0500192 0.0166532 0.433328
1.60682e-05 0.171931 0.328053
0.0151832 0.204266 0.280551
0.171771 0.293206 0.0350233
9.6114e-06 0.102843 0.397148
0.137989 0.361966 4.48511e-05
0.0458574 0.421382 0.0327601
0.351723 0.0650251 0.0832515
0.194079 0.0700804 0.23584
0.209432 0.103785 0.186782
0.0673898 0.118871 0.313739
0.102623 0.0170928 0.380284
0.382197 0.0504981 0.0673046
0.309446 0.190508 4.58882e-05
0.0339693 0.102174 0.363857
0.118853 0.152848 0.228299
0.138745 0.224132 0.137123
4.07494e-05 0.449956 0.0500029
0.0677282 0.185742 0.246529
0.257499 0.154376 0.0881249
0.0337091 0.398986 0.0673046
0.253243 0.103929 0.142828
0.137101 1.32065e-05 0.362886
0.0860771 0.258758 0.155165
0.0333842 1.94855e-06 0.466614
0.416605 0.0833527 4.22756e-05
0.0838861 0.36602 0.0500941
0.396715 0.0689084 0.0343769
0.344102 0.155852 4.58882e-05
0.434425 0.0491753 0.0164001
0.0840088 8.09229e-06 0.415983
0.0293213 0.31509 0.155588
3.27501e-05 0.350429 0.149538
0.193849 0.255126 0.0510258
0.276358 0.0514547 0.172187
0.120554 0.258448 0.120998
0.276334 0.223647 1.95398e-05
0.0833097 0.201471 0.21522
0.155112 0.189723 0.155165
0.0165367 0.466752 0.0167115
0.0338367 0.363613 0.10255
2.54905e-05 0.272751 0.227224
0.466589 0.0333654 4.58882e-05
4.69851e-05 4.50738e-05 0.499908
0.0868951 0.154226 0.258879
0.280768 0.116659 0.102573
0.399524 3.84849e-05 0.100437
0.328611 0.0479912 0.123398
0.344714 3.32051e-05 0.155253
0.139526 0.0682032 0.292271
0.119243 0.329815 0.0509413
0.173909 0.220948 0.105142
0.284558 2.74105e-05 0.215415
0.0684581 0.292129 0.139413
0.069118 0.344725 0.0861573
0.10324 0.103009 0.293751
0.180462 0.139033 0.180505
0.0343956 0.155705 0.3099
0.102557 0.220501 0.176942
0.208024 0.1545 0.137477
0.416381 0.016596 0.0670227
0.499906 4.81543e-05 4.58882e-05
3.71673e-05 0.397693 0.102269
