0.155476 0.189356 0.155168
0.190072 1.19122e-05 0.309916
0.20773 0.154069 0.138201
0.466735 0.0332184 4.70514e-05
0.0516995 0.326863 0.121437
0.0668458 0.183355 0.249799
0.0499532 0.43365 0.0163965
0.38138 0.118571 4.94281e-05
0.257887 0.103767 0.138346
0.0841435 7.95095e-06 0.415849
0.150111 0.33349 0.0163991
0.344891 3.25897e-05 0.155077
0.221614 0.121734 0.156652
0.0333293 0.466621 4.94281e-05
0.2592 0.137559 0.103241
0.194787 0.305163 4.94281e-05
0.135279 0.171366 0.193354
0.292829 0.155406 0.051765
1.52869e-05 0.136125 0.36386
0.293783 0.0859177 0.1203
0.0852023 0.346789 0.068009
0.499906 4.72375e-05 4.70514e-05
0.120208 0.332468 0.0473236
0.105222 0.291032 0.103746
0.141543 0.0684654 0.289992
0.174754 0.0504067 0.274839
0.189472 0.189802 0.120726
0.0343828 0.155702 0.309916
0.310458 0.103395 0.0861472
4.76983e-05 0.499903 4.94281e-05
0.199264 0.0690008 0.231735
0.236712 0.0684849 0.194803
0.0530731 0.247897 0.19903
0.337975 0.161978 4.70514e-05
0.136549 0.295298 0.0681524
0.175674 0.256317 0.068009
1.74869e-05 0.183271 0.316711
0.249943 0.250009 4.70514e-05
0.103881 0.163581 0.232538
0.449907 4.2513e-05 0.0500502
3.28842e-05 0.344643 0.155324
0.309487 0.050589 0.139924
0.382251 0.0504444 0.0673042
7.95892e-06 0.0834136 0.416578
0.0339808 0.0786209 0.387398
0.14282 0.251139 0.106041
0.0502151 0.0503027 0.399482
0.0500771 1.54682e-06 0.449921
0.172781 0.158619 0.1686
0.216152 0.267449 0.0163991
0.160849 0.286619 0.0525322
0.344971 0.10361 0.0514186
0.365174 0.0159413 0.118884
0.102642 0.102413 0.294944
0.1555 0.0166723 0.327827
0.289463 2.73522e-05 0.210509
0.103483 0.0144678 0.382049
4.2939e-05 0.450022 0.0499347
0.39656 0.0693995 0.0340401
2.24165e-05 0.234936 0.265042
0.0660948 0.294492 0.139414
0.326425 0.139276 0.0342991
0.28986 0.210093 4.70514e-05
3.96642e-05 0.415702 0.0842588
0.0509548 0.119069 0.329976
0.276161 0.189385 0.0344533
2.69731e-05 0.282692 0.217281
0.13772 1.30136e-05 0.362267
4.77556e-06 0.0500503 0.449945
0.0872672 0.380759 0.0319733
0.0321768 0.366295 0.101529
0.122048 0.238538 0.139414
0.0860297 0.257776 0.156194
0.161339 0.10054 0.238121
0.416922 0.0164142 0.0666635
0.416594 0.0833671 3.86093e-05
0.349763 0.0669875 0.0832492
0.0341107 0.205642 0.260247
0.134785 0.365166 4.94281e-05
0.244489 0.0173903 0.238121
3.65744e-05 0.383319 0.116645
0.312413 0.0169947 0.170592
0.120919 0.12113 0.257951
0.236732 0.210621 0.0526474
0.0497423 0.382954 0.0673042
0.0680317 0.0681085 0.36386
4.93752e-05 4.76368e-05 0.499903
0.0842935 0.136172 0.279535
0.033248 0.033306 0.433446
0.0171785 0.312229 0.170592
0.193291 0.110225 0.196484
0.0851501 0.220478 0.194372
0.228338 5.06226e-05 0.271611
0.278856 0.0505514 0.170592
0.0829448 0.0828084 0.334247
0.236168 0.175709 0.0881234
0.118076 0.0503792 0.331545
0.397503 3.75611e-05 0.10246
0.202036 0.211465 0.0864989
0.0999917 0.399961 4.70514e-05
