0.83957 0.543251
0.844843 0.535014
0.921719 0.387858
0.676093 0.736817
0.648477 0.761234
0.864719 0.502256
0.948683 0.316228
0.419368 0.907816
0.937899 0.346909
0.873736 0.4864
0.721099 0.692832
0.962702 0.270564
0.316226 0.948684
0.992877 0.119145
0.810677 0.585692
0.89579 0.444477
0.604762 0.796445
0.742218 0.670159
0.53268 0.846317
0.878688 0.477397
0.654929 0.75569
0.184646 0.982805
0.943351 0.331795
0.395536 0.918451
0.614532 0.788892
0.363401 0.931633
1 9.99905e-05
0.46092 0.887442
0.966631 0.256173
0.699855 0.714285
0.477394 0.878689
0.346644 0.937997
0.242466 0.97016
0.106727 0.994288
0.825448 0.564478
0.575844 0.81756
0.953593 0.301099
0.441918 0.897055
0.859951 0.510376
0.0480708 0.998844
0.817559 0.575845
0.788696 0.614784
0.553278 0.833058
0.91779 0.397066
0.301083 0.953624
0.768809 0.639478
0.492736 0.870179
0.761387 0.648297
0.747938 0.663769
0.830146 0.557546
0.958178 0.286171
0.800041 0.599945
0.903738 0.428085
0.228267 0.973599
0.715371 0.698745
0.623821 0.781567
0.888922 0.458186
0.781569 0.623819
9.91319e-05 1
0.271483 0.962443
0.285767 0.958299
0.503336 0.864099
0.584176 0.811763
0.451053 0.892497
0.91129 0.411766
0.774002 0.633184
0.131788 0.991278
0.976791 0.214193
0.883952 0.467578
0.633201 0.774
0.982398 0.1868
0.931865 0.362806
0.973626 0.228148
0.970142 0.242536
0.639379 0.768926
0.56741 0.823436
0.37904 0.925393
0.663373 0.748289
0.0825896 0.996584
0.728412 0.685139
0.256914 0.966434
0.411764 0.911291
0.755689 0.654931
0.985255 0.171092
0.432191 0.901782
0.331793 0.943352
0.692842 0.72109
0.706925 0.707288
0.592753 0.805385
0.15776 0.987478
0.541704 0.840569
0.928385 0.371619
0.995521 0.0945449
0.854502 0.519448
0.998237 0.0593541
0.68514 0.728412
0.21242 0.977178
0.989481 0.144661
0.519603 0.854408
0.7349 0.678175
