0.137894 0.224162 0.137943
0.120646 0.25864 0.120713
9.71e-06 0.332124 0.167866
0.433284 0.0666692 4.6724e-05
0.316809 0.049532 0.133659
0.177456 0.288474 0.0340705
0.174803 0.222079 0.103118
0.0164822 0.033227 0.450291
0.153991 0.190839 0.155169
0.313751 0.0123578 0.173891
0.119174 0.329604 0.0512219
0.293264 0.0857731 0.120963
0.397086 3.62102e-05 0.102878
0.0505598 0.250418 0.199023
0.276165 0.189393 0.0344421
0.466551 0.0334016 4.71757e-05
0.191146 0.240649 0.068205
0.310627 0.103411 0.0859627
0.103283 0.241548 0.155169
3.51949e-05 0.382065 0.1179
0.0859106 0.207039 0.207051
0.416682 0.0166204 0.0666972
0.208868 0.274875 0.0162577
0.0166595 0.0838332 0.399507
5.21489e-06 0.0667035 0.433291
0.190022 1.7328e-05 0.309961
0.121496 0.121238 0.257266
0.382208 0.0504847 0.0673073
0.103498 0.103278 0.293224
0.28578 2.60601e-05 0.214194
0.0672846 0.0671417 0.365574
0.248722 0.102083 0.149195
0.0332971 0.466658 4.497e-05
0.0855358 0.313282 0.101182
0.0868074 0.378745 0.0344476
0.0338495 0.310981 0.155169
4.605e-05 0.499904 4.95613e-05
0.231604 2.11199e-05 0.268375
0.0692641 0.291325 0.13941
0.245363 0.0341314 0.220506
0.197536 0.0699288 0.232536
0.0501377 4.41814e-06 0.449858
0.0860057 0.0167997 0.397195
0.0689051 0.344941 0.0861544
0.136804 0.294586 0.0686109
0.100285 0.399666 4.95613e-05
0.0677316 0.185737 0.246531
0.0343872 0.155713 0.3099
0.366202 0.0159875 0.11781
0.161342 0.100538 0.238121
0.153812 0.016227 0.329961
0.0819277 0.152181 0.265891
0.0499394 0.0332441 0.416816
3.83653e-05 0.416481 0.0834803
0.234883 0.215527 0.0495898
0.262779 0.169914 0.0673073
0.400371 0.0840312 0.0155975
0.347483 0.101728 0.0507887
1.64079e-05 0.178119 0.321864
0.0682229 0.119966 0.311811
0.141735 0.161777 0.196487
0.175843 0.153565 0.170591
0.379929 0.120024 4.71757e-05
0.499907 4.55864e-05 4.71757e-05
0.103146 0.0513439 0.345511
4.13202e-05 0.448558 0.0514005
0.250102 0.249878 1.97818e-05
1.06919e-05 0.116068 0.383921
0.0347132 0.195906 0.269381
0.033879 0.364005 0.102116
0.34468 0.15527 4.95613e-05
0.210582 0.140182 0.149236
0.0165587 0.249497 0.233944
4.84075e-05 4.55572e-05 0.499906
0.293286 0.155648 0.051066
0.189115 0.189446 0.121439
0.219593 0.176442 0.103965
0.350172 0.0665754 0.0832529
2.13642e-05 0.231923 0.268056
0.124606 1.13627e-05 0.375383
0.137619 0.362331 4.95613e-05
0.185006 0.034441 0.280553
2.63295e-05 0.285824 0.214149
0.175321 0.120235 0.204444
0.189563 0.31039 4.71757e-05
0.267077 0.049237 0.183686
0.259652 0.137151 0.103197
0.44998 3.96522e-05 0.0499806
0.0666172 0.417492 0.0158907
0.150113 0.333492 0.0163946
0.326346 0.139245 0.0344093
0.103527 0.172721 0.223752
0.41659 0.0501179 0.0332923
0.0513062 0.103389 0.345304
0.14175 0.0707551 0.287495
0.293367 0.206586 4.71757e-05
0.0488626 0.382071 0.0690668
0.0159942 0.135822 0.348184
0.220095 0.0851035 0.194802
0.344714 3.14343e-05 0.155255
