0.972251 0.233938
9.86769e-05 1
0.438912 0.89853
0.641921 0.766771
0.920484 0.390781
0.778883 0.627169
0.969415 0.245428
0.869524 0.493891
0.692331 0.72158
0.588731 0.808329
0.447831 0.894118
0.995521 0.0945442
0.962488 0.271323
0.979626 0.200832
0.821762 0.56983
0.904666 0.426122
0.976139 0.217147
0.948684 0.316227
0.753717 0.657199
0.701617 0.712554
0.761214 0.648501
0.982805 0.184647
0.503151 0.864199
0.663458 0.748213
0.892601 0.450848
0.184335 0.982864
0.422595 0.906319
0.768809 0.639479
0.68514 0.728411
0.61474 0.78873
0.958349 0.285599
0.596939 0.802286
0.915023 0.403402
0.200266 0.979742
0.0593532 0.998237
0.937915 0.346864
0.992877 0.119144
0.331298 0.943526
0.86011 0.510109
0.565643 0.82465
0.362559 0.931961
0.228347 0.97358
0.943437 0.331553
0.575845 0.817559
0.46114 0.887327
0.738125 0.674664
0.144659 0.989482
0.346848 0.937921
0.966059 0.258323
0.483747 0.875208
0.493442 0.869779
0.910741 0.412979
0.835697 0.54919
0.845053 0.534683
0.214116 0.976808
0.515862 0.856671
0.985256 0.171087
0.729359 0.684131
0.746083 0.665853
0.989482 0.144656
0.814505 0.580157
0.828768 0.559593
0.805953 0.59198
0.30082 0.953681
0.119141 0.992877
0.953621 0.301009
0.925715 0.378222
0.395535 0.918451
0.931633 0.363401
0.876642 0.481144
0.256913 0.966434
0.409834 0.91216
0.882361 0.470573
1 9.99246e-05
0.531311 0.847177
0.286206 0.958168
0.271268 0.962504
0.887443 0.460918
0.623821 0.781567
0.633272 0.773929
0.793016 0.6092
0.379408 0.92523
0.678321 0.734766
0.607981 0.793952
0.54325 0.839571
0.316228 0.948683
0.786902 0.617078
0.798529 0.601957
0.242341 0.970191
0.713648 0.700505
0.554344 0.832288
0.171092 0.985255
0.0933532 0.995633
0.669645 0.742681
0.654932 0.755688
0.471403 0.881918
0.72126 0.692665
0.898313 0.439357
0.997527 0.0702876
0.852189 0.523233
