0.663489 0.748186
0.510377 0.859951
0.19775 0.980287
0.948683 0.316228
0.996584 0.0825886
0.865959 0.500115
0.0480714 0.998844
0.690292 0.723549
0.994288 0.106732
0.973944 0.227052
0.966522 0.256585
1 9.89679e-05
0.845184 0.534476
0.461085 0.887365
0.881101 0.472959
0.761212 0.648503
0.888419 0.459033
0.987478 0.157759
0.082588 0.996584
0.980799 0.195021
0.519444 0.854504
0.301126 0.953584
0.707402 0.706812
0.623823 0.781565
0.811035 0.584998
0.73469 0.678403
0.451262 0.892391
0.536017 0.844214
0.859952 0.510374
0.395534 0.918451
0.89579 0.444478
0.938009 0.346612
0.499194 0.8667
0.646719 0.762728
0.768809 0.639478
0.654931 0.755689
0.786858 0.617274
0.72389 0.689915
0.363399 0.931633
0.470928 0.882171
0.672791 0.739833
0.817559 0.575845
0.958252 0.285924
0.953596 0.30109
0.969517 0.245025
0.598877 0.800841
0.75569 0.654929
0.271028 0.962635
0.874716 0.484783
0.546261 0.837617
0.985255 0.171092
0.907533 0.419982
0.587052 0.809549
0.106728 0.994288
0.607978 0.793954
0.903442 0.42871
0.131787 0.991278
0.557487 0.830225
0.37941 0.925229
0.927094 0.37483
0.411767 0.911289
0.157761 0.987477
0.914901 0.4038
0.832939 0.553494
0.699046 0.715077
0.242656 0.970112
0.854995 0.518636
0.568656 0.822575
0.213472 0.976968
0.347525 0.937671
0.316227 0.948684
0.781385 0.624057
0.998254 0.0593535
0.793952 0.60798
0.931632 0.363402
0.61505 0.788488
0.742216 0.670161
0.57985 0.814723
0.184647 0.982805
0.991278 0.131788
0.632685 0.774409
0.824554 0.565783
0.839665 0.543105
0.773971 0.633221
0.922005 0.387177
0.961745 0.273947
0.680776 0.732491
0.331799 0.94335
0.803236 0.59567
0.976755 0.214359
0.226646 0.973977
0.425656 0.904885
0.255721 0.966751
0.2856 0.958349
9.97124e-05 1
0.438597 0.898684
0.748215 0.663457
0.484791 0.87463
0.943478 0.331434
0.715515 0.698597
