0.631169 0.631169 0.450835
0.0498047 0.0498047 0.997516
0.523205 0.523205 0.672691
0.176086 0.176086 0.968497
0.639603 0.639603 0.426399
0.235702 0.235702 0.942809
0.646763 0.646763 0.404223
0.123091 0.123091 0.984732
0.457494 0.457494 0.762495
0.323379 0.323379 0.889299
0.549972 0.549972 0.628539
0.680414 0.680414 0.272165
0.659736 0.659736 0.359855
0.598671 0.598671 0.532152
0.31579 0.31579 0.894736
0.619585 0.619585 0.4819
0.485074 0.485074 0.727603
0.431889 0.431889 0.791798
0.219381 0.219381 0.950654
0.683486 0.683486 0.256306
0.348156 0.348156 0.870388
0.604708 0.604708 0.518321
0.601318 0.601318 0.52615
0.428392 0.428392 0.795588
0.464207 0.464207 0.754336
0.674579 0.674579 0.299812
0.0764711 0.0764711 0.994135
0.666668 0.666668 0.33333
0.698536 0.698536 0.155228
0.644832 0.644832 0.410345
0.211999 0.211999 0.953998
0.0901625 0.0901625 0.991837
0.109763 0.109763 0.987879
0.264906 0.264906 0.927173
0.201773 0.201773 0.958423
0.358978 0.358978 0.86155
0.502521 0.502521 0.703524
0.68483 0.68483 0.249028
0.0990147 0.0990147 0.990148
0.171219 0.171219 0.970241
0.700141 0.700141 0.140021
0.192444 0.192444 0.962253
0.514496 0.514496 0.685994
0.246632 0.246632 0.937201
0.633724 0.633724 0.443607
0.707107 0.707107 0.000140935
0.60921 0.60921 0.507668
0.301508 0.301508 0.904536
0.694314 0.694314 0.189356
0.140028 0.140028 0.980196
0.131024 0.131024 0.982683
0.545456 0.545456 0.636362
0.658146 0.658146 0.365633
0.331295 0.331295 0.883452
0.650945 0.650945 0.390567
0.539164 0.539164 0.646997
0.706207 0.706207 0.0504427
0.534994 0.534994 0.653883
0.449978 0.449978 0.771389
0.276172 0.276172 0.920575
0.702247 0.702247 0.11704
0.596552 0.596552 0.536891
0.67828 0.67828 0.282616
0.0827603 0.0827603 0.993127
0.366509 0.366509 0.855185
0.50698 0.50698 0.697096
0.57735 0.57735 0.577351
0.408246 0.408246 0.816499
0.676716 0.676716 0.29002
0.444444 0.444445 0.777779
0.529812 0.529812 0.662268
0.468293 0.468293 0.749269
0.65561 0.65561 0.374635
0.691715 0.691715 0.207513
0.0356421 0.0356421 0.998729
0.376288 0.376288 0.84665
0.624695 0.624695 0.468521
0.693103 0.693103 0.198028
0.615457 0.615457 0.492367
0.0663687 0.0663687 0.995585
0.162221 0.162221 0.973329
0.473015 0.473015 0.743312
0.389491 0.389491 0.834622
0.181236 0.181236 0.966596
9.86653e-05 9.86653e-05 1
0.282138 0.282138 0.91695
0.254456 0.254456 0.933008
0.703527 0.703527 0.100502
0.553372 0.553372 0.622543
0.337869 0.337869 0.878458
0.436852 0.436852 0.786333
0.696311 0.696311 0.174075
0.382359 0.382359 0.841191
0.271561 0.271561 0.923314
0.556021 0.556021 0.617803
0.704937 0.704937 0.0782819
0.497468 0.497468 0.710669
0.688247 0.688247 0.229415
0.386494 0.386494 0.837404
0.150328 0.150328 0.97714
