0.862373 0.506274
0.992877 0.119145
0.623821 0.781567
0.535177 0.84474
0.734834 0.678247
0.814496 0.580169
0.60798 0.793953
0.987477 0.157762
0.982805 0.184648
0.856115 0.516786
0.757465 0.652876
0.980116 0.198428
0.909129 0.416515
0.575844 0.81756
0.0945465 0.99552
0.119144 0.992877
0.962453 0.27145
0.564381 0.825514
0.14466 0.989481
0.0708596 0.997486
0.614886 0.788616
0.633305 0.773902
0.931723 0.363169
0.977367 0.211549
0.242342 0.970191
0.171092 0.985255
0.707332 0.706881
0.849967 0.526836
0.692845 0.721086
0.675541 0.737323
0.715916 0.698187
0.546449 0.837492
0.899022 0.437903
0.887442 0.46092
0.970506 0.241078
0.768809 0.639478
0.869525 0.49389
0.184341 0.982862
0.331296 0.943527
0.413145 0.910665
0.471049 0.882107
0.805952 0.591981
0.99002 0.140927
0.93767 0.347527
0.198428 0.980116
0.948683 0.316227
0.839087 0.543997
0.515863 0.856671
0.996584 0.0825898
0.58873 0.80833
0.654512 0.756051
0.844514 0.535534
0.878688 0.477397
0.822457 0.568828
0.796249 0.604969
0.362561 0.93196
0.438848 0.898561
0.998237 0.0593539
0.95359 0.301108
0.645461 0.763794
0.663486 0.748189
0.346685 0.937982
0.920483 0.390782
0.743125 0.669153
9.89504e-05 1
0.684147 0.729344
0.556099 0.831116
0.375533 0.926809
0.48392 0.875112
0.958349 0.285601
1 9.99205e-05
0.926853 0.375424
0.526838 0.849966
0.598969 0.800772
0.399824 0.916592
0.915022 0.403403
0.286119 0.958194
0.8926 0.450849
0.300822 0.95368
0.447831 0.894118
0.973977 0.226648
0.316226 0.948684
0.699154 0.714971
0.391117 0.920341
0.749013 0.662556
0.212425 0.977177
0.493889 0.869525
0.789803 0.613361
0.271277 0.962501
0.778884 0.627167
0.904666 0.426122
0.830842 0.556508
0.96675 0.255722
0.228049 0.97365
0.46092 0.887442
0.943437 0.331553
0.723986 0.689814
0.503477 0.864008
0.256912 0.966435
0.428087 0.903737
