0.800974 0.598699
0.761512 0.64815
0.998155 0.0614031
0.519527 0.854454
0.704647 0.709558
0.821007 0.570918
0.793955 0.607977
0.990346 0.138615
0.599032 0.800725
0.623821 0.781568
0.906734 0.421749
0.994288 0.106731
0.242282 0.970206
0.748249 0.663418
0.470668 0.882311
0.985256 0.171088
0.976776 0.214265
0.579536 0.815221
0.551234 0.83435
0.933366 0.358968
0.427037 0.904234
0.87291 0.487887
0.685142 0.72841
0.678303 0.734789
0.395531 0.918452
0.331795 0.943352
0.899628 0.436701
0.5336 0.845737
0.734752 0.678336
0.95368 0.300823
0.854512 0.519432
0.510021 0.860162
0.0593534 0.998237
0.788756 0.614706
0.972954 0.231
0.812352 0.583167
0.346905 0.9379
0.543248 0.839573
0.721453 0.692463
0.805952 0.59198
0.438836 0.898805
0.728411 0.685141
0.980829 0.194872
0.742811 0.669501
0.828888 0.559677
0.271478 0.962445
0.987477 0.157762
0.106995 0.99426
0.614902 0.788603
0.639477 0.768811
0.919346 0.393451
0.131933 0.991259
0.93767 0.347526
0.630227 0.776411
0.591979 0.805953
0.493883 0.869528
0.768915 0.639351
0.714285 0.699855
0.559591 0.828769
0.300815 0.953682
0.84512 0.534626
0.256824 0.966461
0.567489 0.823381
0.892375 0.451299
1 9.99989e-05
0.695432 0.718616
0.608106 0.793856
0.411761 0.911292
0.379409 0.925229
0.884022 0.467445
0.774195 0.632947
0.929547 0.368704
0.962503 0.271272
0.0825889 0.996584
0.316226 0.948684
9.72621e-05 1
0.15776 0.987477
0.835892 0.549765
0.228138 0.973629
0.659328 0.751855
0.755849 0.654746
0.285593 0.958351
0.482804 0.875728
0.363403 0.931632
0.451854 0.892092
0.646575 0.76285
0.967125 0.254302
0.211584 0.977384
0.996584 0.0825881
0.669397 0.742905
0.878688 0.477397
0.958175 0.286182
0.924507 0.381166
0.184647 0.982805
0.948683 0.316227
0.943467 0.331465
0.461381 0.887202
0.864109 0.503305
0.913617 0.406577
0.781567 0.623822
