0.607673 0.468113 0.641563
1 7.70552e-05 6.22923e-05
0.707055 5.44822e-05 0.707159
0.585199 0.404095 0.703029
0.447442 3.44778e-05 0.894313
0.151241 0.988497 6.22923e-05
3.6016e-07 0.832074 0.554664
8.85531e-05 0.959634 0.281253
0.412893 0.257291 0.873682
7.88324e-05 0.447236 0.894416
0.571685 0.683966 0.453175
0.679803 0.732025 0.0448005
0.554888 0.831925 8.80422e-05
0.795171 6.12721e-05 0.606385
0.501491 0.774255 0.386052
5.11902e-05 0.554739 0.832025
5.60476e-05 0.607377 0.794414
7.04485e-05 9.47315e-05 1
0.654586 0.755988 5.64979e-05
0.50806 0.639639 0.576834
0.731508 0.680359 0.0448005
0.242428 0.970169 6.22923e-05
0.314713 0.313904 0.895779
0.554004 4.26889e-05 0.832514
0.352362 0.901012 0.253018
0.257027 0.874547 0.411222
0.652132 5.02502e-05 0.758105
0.95803 0.286666 6.22923e-05
0.988368 7.61589e-05 0.152082
0.493731 0.328689 0.805104
0.514745 0.513551 0.686515
0.848805 0.373682 0.37402
6.97443e-05 0.755805 0.654796
0.470269 0.705225 0.53057
0.342363 0.744548 0.573094
0.447209 0.89443 8.80422e-05
0.744902 0.573826 0.34036
0.434443 0.839692 0.325847
8.25446e-05 0.89452 0.447028
0.894548 6.13879e-05 0.446971
0.75192 5.79393e-05 0.659255
8.50111e-05 0.92125 0.388972
0.832557 0.55394 6.22923e-05
0.67934 0.0412262 0.732665
0.410039 0.910967 0.0448005
0.471995 0.594234 0.651234
0.501932 3.86765e-05 0.864907
6.05361e-05 0.656018 0.754745
7.96961e-05 0.863652 0.504089
0.644366 0.645501 0.410026
0.832034 6.41126e-05 0.554724
0.644219 0.496266 0.581981
3.08849e-05 0.334694 0.942327
0.34388 0.692983 0.633657
0.596061 0.59711 0.536816
0.610183 4.70178e-05 0.79226
9.05154e-05 0.980899 0.19452
0.257318 0.412717 0.873758
0.922054 0.387061 6.22923e-05
0.287367 2.21431e-05 0.957821
0.385569 0.622873 0.68071
0.326066 0.47697 0.816199
9.22781e-05 1 8.80422e-05
0.894381 0.447305 8.80422e-05
0.73961 0.492378 0.458847
0.799313 0.455782 0.391613
1.03256e-08 0.707103 0.70711
0.960777 7.40329e-05 0.27732
0.394159 0.799545 0.453175
0.707114 0.707099 6.22923e-05
0.46358 0.464396 0.754605
0.243235 0.924973 0.291997
0.75568 0.65494 6.05646e-05
0.861936 0.507016 6.22923e-05
3.58336e-05 0.388322 0.921524
1.84841e-05 0.230511 0.97307
2.19305e-07 0.506659 0.862146
0.874238 0.2557 0.412705
0.389419 3.00068e-05 0.921061
7.33142e-05 0.794492 0.607275
0.868578 6.69285e-05 0.495552
0.684775 0.570716 0.453175
0.706654 0.470438 0.528516
0.905355 0.297881 0.302655
0.204185 0.0398848 0.97812
0.939653 7.24052e-05 0.342128
0.875021 0.412706 0.253004
0.794261 0.607576 8.80422e-05
0.606539 0.795054 8.80422e-05
0.0431169 0.732535 0.679362
0.236229 0.235681 0.942682
0.491615 0.870813 8.80422e-05
0.689707 0.336946 0.640914
0.940321 0.339537 0.0226226
0.978854 0.204561 8.80422e-05
0.808141 0.326326 0.490326
0.372283 0.371682 0.850446
0.330307 0.943874 6.22923e-05
0.343203 0.572679 0.74448
0.57161 0.745444 0.342893
