0.657419 0.753525
0.875298 0.483584
0.570611 0.821221
0.973565 0.228409
0.958219 0.286037
0.347437 0.937703
0.286189 0.958173
0.904394 0.426697
0.962456 0.271439
0.856301 0.516477
0.363395 0.931635
0.933174 0.359424
0.4196 0.907709
0.520828 0.853662
0.92309 0.384585
0.715255 0.698864
0.869818 0.493373
0.796534 0.604594
0.729172 0.684331
0.836385 0.548142
0.943458 0.331491
0.882103 0.471057
0.953679 0.300825
0.93767 0.347528
0.432357 0.901703
0.849966 0.526838
0.755743 0.654868
0.76881 0.639478
0.81756 0.575844
0.774031 0.633147
0.739945 0.672668
0.78866 0.614829
0.0825889 0.996584
0.948683 0.316228
0.301141 0.95358
0.19797 0.980208
0.623822 0.781567
0.748488 0.663148
0.692814 0.721117
0.918451 0.395535
0.582703 0.812685
0.477397 0.878688
0.890651 0.454688
1 9.69573e-05
0.699175 0.714951
0.721334 0.692587
0.980116 0.198427
0.683781 0.729687
0.761339 0.648354
0.225455 0.974253
0.379409 0.925229
0.545208 0.838301
0.0492255 0.998788
0.911289 0.411767
0.131786 0.991278
0.976741 0.214424
0.675466 0.737391
0.811038 0.584994
0.803291 0.595587
0.927037 0.374969
0.487069 0.873363
0.331798 0.943351
0.444969 0.895546
0.862744 0.505641
0.614473 0.788938
0.184645 0.982805
0.992877 0.119144
0.157762 0.987477
0.844182 0.536057
0.455654 0.890157
0.633127 0.774048
0.501797 0.864986
0.393958 0.919128
0.97015 0.242504
0.998237 0.0593537
0.256954 0.966424
0.707156 0.707058
0.533867 0.845568
0.109399 0.993998
0.271379 0.962473
0.64853 0.761189
0.212429 0.977177
9.94164e-05 1
0.828767 0.559594
0.467595 0.883943
0.966453 0.256845
0.316228 0.948683
0.403551 0.914957
0.985255 0.17109
0.601712 0.798713
0.995182 0.0980408
0.781566 0.623823
0.557616 0.830099
0.239256 0.970957
0.591979 0.805953
0.509779 0.860306
0.989482 0.144654
0.898648 0.438671
0.66476 0.747057
0.639478 0.768809
