0.91845 0.395536
0.77419 0.632954
0.271262 0.962506
0.905965 0.423353
0.973649 0.22805
0.970164 0.24245
0.958349 0.285601
0.943471 0.33148
0.72347 0.690368
0.633264 0.773936
0.591984 0.80595
0.989582 0.144675
0.924522 0.381344
0.347526 0.937671
0.648403 0.761298
0.788806 0.614682
0.698338 0.715768
0.356807 0.934178
9.92933e-05 1
0.742807 0.669505
0.245388 0.969425
0.0480721 0.998859
0.930533 0.366208
0.93767 0.347527
0.81756 0.575844
0.948684 0.316225
0.331707 0.943382
0.985255 0.171091
0.157762 0.987477
0.839571 0.543251
0.492096 0.870541
0.844059 0.536395
0.869529 0.493882
0.981946 0.189159
0.860166 0.510161
0.781568 0.62382
0.436169 0.899865
0.570874 0.821038
0.63944 0.768841
0.812256 0.583301
0.962703 0.27056
0.833831 0.55202
0.410548 0.911839
0.805952 0.591981
0.105485 0.994422
0.899948 0.435997
0.371408 0.92847
0.551699 0.834044
0.965857 0.259076
0.607982 0.793951
0.953647 0.300944
0.540673 0.841251
0.503672 0.864091
0.992877 0.11914
0.599214 0.800676
0.690493 0.723339
0.623821 0.781568
0.316225 0.948684
0.582731 0.812665
0.228133 0.97363
0.997486 0.0708586
0.878726 0.477326
0.614903 0.788603
0.286148 0.958185
0.082587 0.996584
1 9.63822e-05
0.477397 0.878688
0.73479 0.678294
0.707076 0.707137
0.893628 0.448809
0.977988 0.208693
0.526837 0.849966
0.825488 0.564428
0.214379 0.976751
0.421811 0.906684
0.854423 0.519578
0.256658 0.966502
0.995521 0.0945449
0.715552 0.69856
0.198427 0.980116
0.184645 0.982805
0.515486 0.856898
0.67016 0.742217
0.448445 0.893811
0.663535 0.748145
0.911289 0.411767
0.768848 0.639431
0.756042 0.654523
0.387253 0.922012
0.559596 0.828766
0.678217 0.734862
0.654661 0.755923
0.887442 0.460918
0.400423 0.916356
0.300824 0.95368
0.460918 0.887443
0.761225 0.648488
0.748187 0.663488
0.131784 0.991278
0.798356 0.602215
