2.72566e-05 0.285015 0.214957
0.0342248 0.155876 0.309899
0.242836 0.122594 0.13457
0.322922 0.0536757 0.123403
1.65474e-05 0.173031 0.326952
0.198852 1.96247e-05 0.301128
0.140823 0.0644087 0.294769
3.29391e-05 0.344435 0.155532
0.433244 0.0503563 0.0163999
0.0869856 0.309871 0.103143
0.0853644 8.42459e-06 0.414627
0.0498801 0.0166199 0.4335
0.0676465 0.381718 0.0506351
0.347269 0.102879 0.049852
0.120907 0.240747 0.138346
0.162774 0.101428 0.235798
0.277178 0.118263 0.104559
0.116655 0.0496527 0.333692
0.100923 0.382677 0.0163999
0.120835 0.29301 0.0861551
0.0169809 0.41501 0.0680095
0.167412 0.316188 0.0163999
0.0316823 0.273942 0.194376
4.7807e-05 0.499904 4.78724e-05
0.344846 3.40327e-05 0.15512
0.416899 0.0830548 4.6665e-05
0.209325 0.102323 0.188351
1.14292e-05 0.119512 0.380477
0.366688 0.0160009 0.117311
2.13584e-05 0.223339 0.276639
0.41668 0.0166201 0.0667
0.499904 4.93354e-05 4.6665e-05
0.0336672 0.194722 0.27161
0.189555 0.18988 0.120565
0.275856 2.72241e-05 0.224117
0.154961 0.189871 0.155169
0.101631 0.347707 0.0506616
0.0670037 0.050473 0.382523
0.344854 0.1551 4.6665e-05
0.215764 0.176931 0.107305
0.173424 0.139795 0.186781
4.80354e-05 4.9756e-05 0.499902
0.014641 0.134513 0.350846
4.78699e-06 0.0500563 0.449939
3.79128e-05 0.396443 0.103519
0.0161463 0.24991 0.233943
0.380922 0.0510684 0.0680095
0.0333621 3.2925e-06 0.466635
0.466635 0.0333232 4.2065e-05
0.0344361 0.0861399 0.379424
0.379959 0.119993 4.78724e-05
4.30277e-05 0.449929 0.0500277
0.0657628 0.223782 0.210456
0.137875 0.362077 4.78724e-05
0.136734 0.172141 0.191125
0.0324526 0.348657 0.118891
0.207137 0.0689557 0.223907
0.102093 0.0340415 0.363865
0.181207 0.254009 0.064784
0.20168 0.298272 4.78724e-05
0.0502092 0.21167 0.238121
0.121345 0.155036 0.223619
0.302038 0.0167273 0.181235
0.349431 0.067315 0.0832536
0.189582 0.276291 0.034127
0.276506 0.0851479 0.138346
0.119872 0.120078 0.260049
0.102857 0.207272 0.18987
0.201634 0.13635 0.162016
0.310218 0.103836 0.0859461
0.0477077 0.119338 0.332954
0.13726 0.256811 0.105929
0.0499009 0.433699 0.0163999
0.267653 0.19733 0.0350169
0.086247 0.13966 0.274093
0.171536 0.223715 0.10475
0.248253 0.0509345 0.200813
0.295361 0.204592 4.6665e-05
0.0158711 0.0667633 0.417366
0.153446 0.0165856 0.329969
0.233772 0.20799 0.0582378
0.0667917 0.0850825 0.348126
0.449951 4.44056e-05 0.0500041
0.397951 0.0680744 0.0339748
0.177659 0.0507309 0.27161
0.137832 1.36026e-05 0.362154
0.326384 0.139257 0.0343581
0.24999 0.249963 4.78724e-05
0.0849535 0.258391 0.156656
0.0833086 0.416645 4.6665e-05
0.0333329 0.466648 1.96096e-05
0.139419 0.310031 0.05055
0.103683 0.103448 0.292869
0.256496 0.158088 0.0854156
0.396645 3.91448e-05 0.103316
0.0652555 0.173695 0.26105
0.0168808 0.314266 0.168854
0.0684122 0.293242 0.138346
0.292878 0.155435 0.0516874
0.236247 0.0166069 0.247147
