0.38949 0.38949 0.834622
0.506979 0.506979 0.697097
0.0764658 0.0764658 0.994136
0.428394 0.428394 0.795586
0.696311 0.696311 0.174078
0.658145 0.658145 0.365636
0.693104 0.693104 0.198024
0.676716 0.676716 0.290021
0.181236 0.181236 0.966596
0.688247 0.688247 0.229416
0.348153 0.348153 0.87039
0.211999 0.211999 0.953998
0.192448 0.192448 0.962251
0.683486 0.683486 0.256307
0.331293 0.331293 0.883453
0.57735 0.57735 0.577351
0.549972 0.549972 0.628539
0.529814 0.529814 0.662264
0.066372 0.066372 0.995585
0.271562 0.271562 0.923313
0.539163 0.539163 0.646997
0.703527 0.703527 0.100501
0.109764 0.109764 0.987878
0.631169 0.631169 0.450835
0.523204 0.523204 0.672692
0.219381 0.219381 0.950654
0.366509 0.366509 0.855186
0.497468 0.497468 0.710669
0.376289 0.376289 0.846648
0.68483 0.68483 0.249028
0.301511 0.301511 0.904535
0.171219 0.171219 0.970241
0.691715 0.691715 0.207514
0.59655 0.59655 0.536896
0.457496 0.457496 0.762493
9.99004e-05 9.99004e-05 1
0.408247 0.408247 0.816497
0.276172 0.276172 0.920575
0.431889 0.431889 0.791797
0.514496 0.514496 0.685994
0.235702 0.235702 0.942809
0.0349029 0.0349029 0.998781
0.624696 0.624696 0.46852
0.0990142 0.0990142 0.990148
0.246631 0.246631 0.937201
0.140028 0.140028 0.980196
0.468293 0.468293 0.749268
0.65561 0.65561 0.374634
0.659736 0.659736 0.359856
0.254457 0.254457 0.933008
0.706207 0.706207 0.0504393
0.436852 0.436852 0.786334
0.315789 0.315789 0.894737
0.704934 0.704934 0.0783256
0.609208 0.609208 0.507672
0.16222 0.16222 0.973329
0.449977 0.449977 0.771389
0.473016 0.473016 0.743312
0.0827606 0.0827606 0.993127
0.633724 0.633724 0.443607
0.0490613 0.0490613 0.99759
0.70014 0.70014 0.140028
0.674579 0.674579 0.299812
0.534995 0.534995 0.653881
0.556022 0.556022 0.617802
0.32338 0.32338 0.889298
0.545455 0.545455 0.636363
0.382359 0.382359 0.841191
0.67828 0.67828 0.282616
0.358979 0.358979 0.86155
0.604708 0.604708 0.518321
0.502519 0.502519 0.703526
0.17609 0.17609 0.968496
0.444444 0.444444 0.777778
0.131024 0.131024 0.982683
0.485073 0.485073 0.727604
0.123091 0.123091 0.984732
0.464208 0.464208 0.754336
0.646762 0.646762 0.404225
0.553371 0.553371 0.622543
0.150329 0.150329 0.97714
0.0901658 0.0901658 0.991837
0.598672 0.598672 0.532151
0.337867 0.337867 0.87846
0.680414 0.680414 0.272165
0.707107 0.707107 0.0001409
0.619586 0.619586 0.4819
0.694314 0.694314 0.189354
0.666667 0.666667 0.333332
0.601317 0.601317 0.526151
0.615457 0.615457 0.492366
0.650945 0.650945 0.390567
0.282138 0.282138 0.91695
0.201773 0.201773 0.958423
0.644832 0.644832 0.410347
0.639602 0.639602 0.426402
0.264906 0.264906 0.927173
0.698536 0.698536 0.155228
0.702247 0.702247 0.11704
0.386494 0.386494 0.837403
