0.545455 0.545455 0.636363
0.358978 0.358978 0.86155
0.376288 0.376288 0.846649
0.680414 0.680414 0.272163
0.386494 0.386494 0.837403
0.331294 0.331294 0.883452
0.70014 0.70014 0.140024
0.282138 0.282138 0.916949
0.65561 0.65561 0.374634
0.666667 0.666667 0.333332
0.633725 0.633725 0.443606
0.696311 0.696311 0.174075
0.706207 0.706207 0.0504212
9.91745e-05 9.91745e-05 1
0.162221 0.162221 0.973329
0.683486 0.683486 0.256307
0.0356165 0.0356165 0.998731
0.171218 0.171218 0.970242
0.323377 0.323377 0.8893
0.43189 0.43189 0.791797
0.464207 0.464207 0.754336
0.246632 0.246632 0.937201
0.457495 0.457495 0.762494
0.382358 0.382358 0.841193
0.485072 0.485072 0.727605
0.644832 0.644832 0.410345
0.674579 0.674579 0.299809
0.693104 0.693104 0.198028
0.0764702 0.0764702 0.994135
0.529812 0.529812 0.662268
0.659736 0.659736 0.359856
0.577351 0.577351 0.577348
0.703527 0.703527 0.100503
0.609208 0.609208 0.507673
0.408248 0.408248 0.816497
0.436852 0.436852 0.786334
0.698536 0.698536 0.155227
0.264906 0.264906 0.927173
0.556022 0.556022 0.617802
0.38949 0.38949 0.834622
0.17609 0.17609 0.968496
0.235702 0.235702 0.942809
0.624695 0.624695 0.468521
0.707107 0.707107 0.000140012
0.181232 0.181232 0.966597
0.688247 0.688247 0.229415
0.523203 0.523203 0.672694
0.691715 0.691715 0.207514
0.0663716 0.0663716 0.995585
0.219378 0.219378 0.950656
0.549972 0.549972 0.628539
0.615459 0.615459 0.492362
0.704936 0.704936 0.0782972
0.0990146 0.0990146 0.990148
0.650945 0.650945 0.390565
0.678281 0.678281 0.282614
0.428393 0.428393 0.795587
0.601318 0.601318 0.52615
0.514496 0.514496 0.685995
0.0901667 0.0901667 0.991837
0.140027 0.140027 0.980196
0.619585 0.619585 0.4819
0.271562 0.271562 0.923314
0.539164 0.539164 0.646997
0.658145 0.658145 0.365636
0.598672 0.598672 0.53215
0.694314 0.694314 0.189356
0.109763 0.109763 0.987879
0.646762 0.646762 0.404226
0.131024 0.131024 0.982683
0.276172 0.276172 0.920575
0.596551 0.596551 0.536892
0.444445 0.444445 0.777778
0.631169 0.631169 0.450835
0.150329 0.150329 0.97714
0.468292 0.468292 0.74927
0.30151 0.30151 0.904535
0.50252 0.50252 0.703525
0.211999 0.211999 0.953998
0.702247 0.702247 0.11704
0.449976 0.449976 0.771391
0.68483 0.68483 0.249028
0.082756 0.082756 0.993128
0.315789 0.315789 0.894737
0.0490604 0.0490604 0.99759
0.534995 0.534995 0.653882
0.506979 0.506979 0.697097
0.12309 0.12309 0.984732
0.473016 0.473016 0.743312
0.201773 0.201773 0.958423
0.604708 0.604708 0.518321
0.337869 0.337869 0.878458
0.639603 0.639603 0.426399
0.497467 0.497467 0.710671
0.348155 0.348155 0.870388
0.192448 0.192448 0.962251
0.254457 0.254457 0.933008
0.553372 0.553372 0.622542
0.676716 0.676716 0.290021
0.366507 0.366507 0.855187
