0.781568 0.62382
0.406755 0.913537
0.228416 0.973567
0.788633 0.614864
0.841276 0.540607
0.35632 0.934364
0.286166 0.95818
0.755686 0.654934
0.903738 0.428087
0.977507 0.210904
0.776393 0.630249
0.537031 0.843563
0.144659 0.989481
0.614773 0.788704
0.81042 0.585855
0.460914 0.887445
0.894206 0.447655
0.970143 0.242533
0.898288 0.439407
0.989482 0.144661
0.693478 0.720478
0.654705 0.755884
0.685141 0.728411
0.301095 0.953594
0.761091 0.648645
0.630141 0.77648
0.559593 0.828768
0.864255 0.503055
0.58336 0.812214
0.648221 0.761453
0.451297 0.892374
0.938 0.346637
0.918451 0.395536
0.793952 0.60798
0.526838 0.849966
0.331798 0.943351
0.849966 0.526838
0.992877 0.119141
0.428928 0.903339
0.985255 0.171092
0.484718 0.874745
0.709433 0.704782
0.27056 0.962703
0.925229 0.37941
0.886112 0.463472
0.203434 0.979092
0.316227 0.948684
0.184643 0.982806
0.817559 0.575845
0.347527 0.93767
0.854501 0.51945
0.982816 0.184648
0.591981 0.805952
0.995521 0.0945449
0.728411 0.68514
1 9.99873e-05
0.599159 0.80063
0.966603 0.256832
0.669878 0.742471
0.998572 0.0534152
9.67576e-05 1
0.470841 0.88225
0.973584 0.228329
0.768809 0.639478
0.800713 0.599048
0.569046 0.822337
0.106729 0.994288
0.943495 0.331388
0.396932 0.917848
0.438881 0.898545
0.932092 0.362223
0.878689 0.477394
0.873274 0.487229
0.721105 0.692826
0.372194 0.92822
0.948684 0.316226
0.253737 0.967273
0.678096 0.734974
0.419434 0.907786
0.383798 0.923507
0.516417 0.8564
0.123183 0.992384
0.503291 0.864117
0.748388 0.663261
0.742421 0.669933
0.823817 0.566856
0.493425 0.869788
0.662957 0.748657
0.549128 0.835738
0.911978 0.41024
0.734928 0.678145
0.700876 0.713283
0.832406 0.554178
0.639477 0.76881
0.953681 0.300821
0.958172 0.286193
0.623822 0.781566
0.0630636 0.99801
0.962457 0.271434
0.171091 0.985255
