0.212976 3.59401
0.742982 2.76753
0.0435603 3.93905
0.684513 3.2009
0.765594 2.61961
0.111715 3.79122
0.0369543 3.95043
0.857925 2.30709
0.145709 3.71141
0.0565816 3.91466
0.0629937 3.90177
0.740087 2.7877
0.668684 3.3186
0.753203 2.69837
0.808765 2.40406
0.831192 2.33779
0.711693 2.99527
0.0693273 3.88853
0.768023 2.60491
0.748269 2.73133
0.746228 2.7452
0.0879207 3.84728
0.800985 2.43497
0.813399 2.38751
0.0202644 3.97589
0.758043 2.66688
0.750717 2.71487
0.050104 3.92711
0.77939 2.53979
0.0756022 3.87497
0.128916 3.75024
0.658589 3.3915
0.848134 2.31197
0.796045 2.45656
0.198821 3.61142
0.167775 3.66446
0.652145 3.43683
0.705702 3.04049
0.676057 3.26419
0.16227 3.6756
0.781816 2.52673
0.099953 3.81921
0.699975 3.08388
0.117504 3.77738
0.774811 2.56527
0.762979 2.63571
0.791233 2.47901
0.827267 2.34682
0.151248 3.6991
0.76043 2.65169
0.77247 2.5787
0.0303038 3.96116
0.184364 3.63383
0.73752 2.80578
0.731922 2.84578
0.662953 3.36025
0.786501 2.50237
0.189962 3.62464
0.734667 2.82607
0.647559 3.46843
0.692615 3.13969
0.703524 3.05698
0.720257 2.93123
0.178812 3.64355
0.729119 2.86608
0.134548 3.73702
0.640281 3.51731
0.140147 3.72406
0.0939728 3.83326
0.237815 3.57586
0.821158 2.36309
0.173286 3.65377
0.637632 3.53468
0.717341 2.95294
0.806109 2.41417
0.000168216 3.99983
0.105863 3.80519
0.156767 3.68715
0.22201 3.5855
0.688682 3.16945
0.726292 2.88671
0.72331 2.90863
0.0817989 3.8612
0.708724 3.01765
0.835662 2.32888
0.840704 2.32062
0.123235 3.76371
0.755708 2.68197
0.655428 3.41387
0.0101451 3.98889
0.714765 2.97221
0.231233 3.57904
0.644023 3.49238
0.673262 3.28492
0.696339 3.11145
0.207117 3.60064
0.817004 2.37565
0.666218 3.3366
0.680226 3.23308
0.251411 3.57319
