0.256847 0.966452
0.903738 0.428087
0.833509 0.552506
0.989482 0.144657
0.679029 0.734112
0.769226 0.638977
0.659748 0.751487
0.362462 0.931999
0.347123 0.93782
0.419674 0.907675
0.397602 0.917558
0.558479 0.829519
0.953624 0.301001
0.910672 0.413131
0.813745 0.581222
0.992877 0.119144
0.962702 0.270562
9.83988e-05 1
0.632701 0.774396
0.840064 0.542487
0.203264 0.979124
0.854463 0.519513
0.2425 0.970151
0.915041 0.40336
0.737565 0.675276
0.805888 0.592067
0.591981 0.805952
0.623819 0.781569
0.781566 0.623822
0.729267 0.684229
0.451535 0.892253
0.883573 0.468293
0.826471 0.562979
0.860161 0.510023
0.477397 0.878687
1 9.79756e-05
0.973977 0.226649
0.371956 0.92825
0.753061 0.65795
0.970199 0.242309
0.798463 0.602047
0.846615 0.532206
0.409321 0.91239
0.995521 0.0945398
0.721064 0.692868
0.932138 0.362102
0.761233 0.648478
0.997486 0.0708596
0.878688 0.477396
0.867782 0.496945
0.651512 0.758638
0.384393 0.92317
0.503017 0.864276
0.710023 0.704178
0.746946 0.664885
0.614997 0.78853
0.598892 0.80083
0.965791 0.259321
0.698827 0.715291
0.522591 0.852584
0.818124 0.575042
0.435363 0.900255
0.937912 0.346874
0.791154 0.611616
0.331488 0.943459
0.493888 0.869525
0.219034 0.975717
0.979157 0.203105
0.513527 0.858073
0.920813 0.390003
0.897024 0.441983
0.548981 0.835835
0.566262 0.824225
0.465368 0.885118
0.534673 0.845059
0.948683 0.316227
0.0708578 0.997486
0.927042 0.374957
0.575845 0.817559
0.60798 0.793952
0.171091 0.985255
0.985256 0.171089
0.0945445 0.995521
0.873341 0.48711
0.642013 0.766694
0.119145 0.992877
0.669 0.743262
0.688972 0.724788
0.286103 0.958199
0.301111 0.953589
0.184647 0.982805
0.890603 0.454782
0.271494 0.96244
0.943411 0.331626
0.316227 0.948684
0.583053 0.812434
0.958267 0.285876
0.14466 0.989481
0.982899 0.184147
0.776433 0.6302
