0.341176 0.939999 9.97551e-05
5.47672e-17 0.894416 0.447236
0.583396 0.409436 0.701436
0.75647 0.655792 9.11644e-05
1.77274e-12 0.194363 0.98093
0.655106 0.755757 0.000100008
0.536457 0.653617 0.536483
0.919795 0.3924 0.000112456
0.631132 0.45515 0.628101
0.793682 0.608333 9.99915e-05
0.493989 0.32875 0.805395
0.0415324 0.679022 0.732945
0.7305 0.385828 0.563476
0.290208 0.956963 9.97551e-05
0.612806 0.27966 0.739937
5.25568e-05 9.42833e-05 1
0.371268 0.371814 0.850831
0.601072 0.799674 0.00010003
1.15756e-09 0.290537 0.956864
0.83356 8.32452e-05 0.552428
0.151776 3.19544e-06 0.988415
0.469916 0.5921 0.654673
0.797161 0.447722 0.405068
3.39685e-17 0.554747 0.832019
0.86251 0.506041 9.97551e-05
0.38883 3.88313e-05 0.921509
0.447278 0.894395 8.08315e-05
0.961452 0.274974 9.97551e-05
0.70714 9.71666e-14 0.707226
0.396216 0.624316 0.673233
0.325102 0.488469 0.810114
0.515047 0.513413 0.686397
0.791599 0.339319 0.508167
0.331087 4.51071e-06 0.943971
0.905005 0.301193 0.300974
0.744504 0.5734 0.342093
0.929549 6.01691e-05 0.368698
1.40895e-14 0.800417 0.599444
0.753128 7.52126e-05 0.657936
0.840299 0.542123 0.000115342
0.554844 0.831954 9.99915e-05
0.501296 5.00629e-05 0.865276
0.339938 0.685486 0.643857
0.44379 0.444442 0.778456
0.243049 0.925292 0.292745
0.93982 0.34167 9.97551e-05
0.980971 2.53027e-05 0.194155
0.488816 0.872394 1.19524e-05
9.80209e-11 0.832077 0.554702
5.00901e-11 0.7071 0.707113
2.72379e-17 0.444829 0.895616
0.310084 0.880752 0.358254
0.571523 0.745311 0.343326
0.206577 0.978525 4.92446e-05
1 9.9867e-05 9.99915e-05
0.2554 0.412713 0.874322
1.77517e-05 0.86238 0.506262
0.860418 0.0338843 0.508461
3.10293e-17 0.506747 0.862095
5.85705e-17 0.95653 0.291636
5.64082e-17 0.921215 0.38906
0.499532 0.774478 0.388138
0.411414 0.256273 0.874679
0.69255 0.338463 0.637038
0.979849 0.201 5.39317e-05
6.00582e-17 0.980824 0.194893
0.595117 0.538307 0.596709
0.644369 0.645316 0.410312
0.6581 2.12952e-05 0.752931
2.79304e-08 0.655073 0.755566
3.71877e-17 0.607321 0.794457
0.395843 0.798218 0.454062
0.301472 0.301915 0.904432
0.894377 0.447336 9.97561e-05
1.55403e-05 0.754948 0.655784
0.707104 0.70711 6.22464e-07
0.409825 0.911064 0.0447971
0.89451 2.65405e-06 0.447067
0.445481 5.37647e-05 0.895291
0.554761 0.000138134 0.83201
2.05845e-05 1 9.97551e-05
0.340909 0.568982 0.748506
0.42121 0.84937 0.318046
0.570452 0.684932 0.453269
0.853483 0.362761 0.374128
0.73202 0.679808 0.0447971
0.79632 7.95261e-05 0.604876
0.26258 0.841337 0.472445
0.59496 5.94169e-05 0.803755
0.875907 0.410829 0.252994
0.706165 0.469954 0.529599
0.874976 0.255976 0.410967
0.6492 0.593339 0.475918
0.734173 0.506973 0.451636
0.342548 0.745992 0.571107
2.21519e-17 0.361768 0.933134
0.450811 0.733089 0.509264
0.242433 0.000102767 0.970168
0.956428 1.34782e-05 0.291967
0.681493 0.730555 0.0448005
