0.866896 6.30509e-05 0.498488
0.862717 0.505729 8.15102e-05
0.464029 0.754382 0.464311
0.734064 0.618493 0.280973
0.894403 4.50547e-05 0.447263
2.8931e-05 0.607364 0.794424
0.151673 7.64037e-06 0.988431
0.961417 0.275094 8.15084e-05
0.532818 3.87528e-05 0.84623
0.324991 0.722693 0.609996
3.60026e-05 0.755821 0.654778
0.329261 2.39477e-05 0.944239
0.389188 2.83063e-05 0.921158
0.0245932 0.264317 0.964122
0.658389 0.585999 0.472366
2.41441e-05 0.506871 0.862072
1 7.27317e-05 8.15084e-05
0.730555 0.0287723 0.682248
0.256882 0.874124 0.412223
4.1611e-05 0.873562 0.486876
0.755369 0.655449 8.15164e-05
0.573001 0.343821 0.743947
0.957854 0.176201 0.226866
0.339786 0.78965 0.511558
0.534739 0.653692 0.535482
0.894617 0.44706 9.58117e-05
0.447135 5.69207e-06 0.894466
0.410038 0.910968 0.0447999
0.372791 0.371988 0.850089
0.912251 0.407189 0.0448001
0.526356 0.46829 0.709685
0.920206 6.69282e-05 0.391434
0.797499 5.80035e-05 0.60332
0.554704 0.832048 9.5802e-05
0.447233 0.894464 9.5806e-05
0.680591 0.731294 0.0447999
1.5796e-05 0.331613 0.943415
0.850008 0.371904 0.373059
0.570928 0.685269 0.453437
0.650527 0.406509 0.641533
0.807848 0.5897 8.15232e-05
0.490581 0.871477 8.15142e-05
0.301162 0.245228 0.922522
2.64286e-05 0.55483 0.831964
3.77655e-05 0.792831 0.609557
3.9641e-05 0.832205 0.554687
0.270013 0.652727 0.709838
0.792523 0.338127 0.507681
0.442522 0.384949 0.809931
0.253482 0.412092 0.875177
4.38619e-05 0.920817 0.389995
0.980632 0.195857 8.15084e-05
0.326891 0.545392 0.77181
0.388827 0.500068 0.773787
0.653782 3.06911e-05 0.756683
0.330598 0.944519 9.58695e-05
0.707206 0.707032 6.26131e-05
0.202544 0.979716 9.58435e-05
0.64338 0.644501 0.413136
0.70698 8.99992e-06 0.707234
3.13207e-07 0.707103 0.707124
2.13048e-05 0.447262 0.894403
0.762974 0.270277 0.587215
0.875368 0.411959 0.253024
0.471267 0.593317 0.652711
0.833249 6.06036e-05 0.552899
0.0414219 0.731813 0.680245
0.939876 0.341515 9.5802e-05
1.8503e-05 0.388443 0.921473
0.612838 0.141992 0.777361
9.55829e-05 8.92684e-05 1
0.820966 0.468105 0.326944
0.496514 0.802096 0.331836
0.242685 5.34219e-05 0.970105
9.33784e-06 0.196034 0.980597
4.26076e-05 0.894485 0.447231
0.653546 0.756887 9.5802e-05
0.755808 5.49712e-05 0.654794
0.706453 0.470257 0.529464
4.66792e-05 0.979962 0.199185
0.681632 0.0453871 0.730286
0.28826 0.957552 9.5802e-05
0.372893 0.849233 0.374065
0.595516 0.756574 0.270105
0.755211 0.517915 0.401772
0.243108 0.925011 0.291982
3.13683e-05 0.658532 0.752742
0.585787 4.26053e-05 0.810635
0.939887 6.83596e-05 0.341553
0.40371 0.709912 0.5771
0.970305 7.05719e-05 0.242244
4.76337e-05 1 9.5802e-05
4.55199e-05 0.955624 0.29459
0.597573 0.801815 9.5802e-05
0.874269 0.25572 0.412628
0.597057 0.537611 0.595398
0.988446 7.18914e-05 0.152194
0.479138 0.260611 0.838236
0.904682 0.301114 0.301643
0.831463 0.555581 8.15084e-05
