0.748453 0.663188
0.878687 0.477398
0.859951 0.510376
0.0593541 0.998237
0.576008 0.817791
0.241081 0.970505
0.810946 0.58512
1 9.99994e-05
0.184647 0.982805
0.85234 0.522988
0.499883 0.866093
0.916469 0.400106
0.553639 0.832757
0.985255 0.17109
0.921125 0.389266
0.525935 0.850537
0.445038 0.895512
0.714672 0.69946
0.685141 0.728411
0.362502 0.93207
0.755689 0.654931
0.0886117 0.996066
0.61289 0.790168
0.433956 0.900934
0.989566 0.144672
0.157795 0.987691
0.271503 0.962438
0.699854 0.714286
0.93767 0.347526
0.654931 0.755689
0.331443 0.943475
0.953679 0.300825
0.458242 0.888979
0.867625 0.49757
0.97496 0.222743
0.227539 0.973769
0.970461 0.24126
0.601565 0.799115
0.932055 0.363004
0.966495 0.256687
0.742162 0.670221
0.316217 0.948687
9.94194e-05 1
0.406693 0.913565
0.510376 0.859951
0.962702 0.270562
0.79395 0.607984
0.846291 0.532721
0.992877 0.119141
0.872484 0.488642
0.13264 0.991164
0.470382 0.882463
0.347527 0.93767
0.54325 0.839571
0.786657 0.617391
0.59198 0.805953
0.692501 0.721834
0.978039 0.208609
0.639477 0.76881
0.820387 0.571808
0.106728 0.994288
0.768809 0.639478
0.943421 0.331598
0.903737 0.428087
0.958157 0.286242
0.623819 0.781569
0.477399 0.878687
0.676099 0.736811
0.800657 0.599148
0.92824 0.371983
0.707035 0.707179
0.490168 0.871664
0.774004 0.633188
0.583142 0.81237
0.663283 0.748397
0.200272 0.97974
0.390761 0.920511
0.419427 0.907789
0.998237 0.0593528
0.256793 0.966478
0.564122 0.825691
0.64829 0.761393
0.887442 0.46092
0.89579 0.444477
0.285601 0.958349
0.827542 0.561403
0.73236 0.68095
0.300825 0.953679
0.948683 0.316228
0.839571 0.543249
0.533813 0.845603
0.995521 0.0945455
0.630799 0.775946
0.761557 0.648131
0.723973 0.689832
0.833524 0.552484
0.781566 0.623823
0.379405 0.925231
0.910805 0.412859
0.98079 0.195068
