0.653518 0.534907 0.535527
0.385949 0.623487 0.679932
0.629422 0.457532 0.628086
0.707095 6.75873e-05 0.707118
0.534886 0.653642 0.535396
1.30483e-05 0.707139 0.707075
0.52911 0.470747 0.706003
1 9.55845e-05 4.39251e-05
0.344026 0.93896 4.39251e-05
9.33021e-05 1 9.65988e-05
0.832118 0.554598 9.65988e-05
0.445363 0.444266 0.777354
0.343288 0.572751 0.744386
0.940302 8.98783e-05 0.340342
0.751211 0.660062 9.65988e-05
0.447268 3.40795e-05 0.8944
0.559058 0.392554 0.730312
0.755796 0.462476 0.46356
0.980969 9.37654e-05 0.194165
2.97798e-05 0.319176 0.947695
0.447281 0.894394 9.65988e-05
0.271884 0.752018 0.600457
0.410032 0.91097 0.0448012
0.634508 0.346081 0.691106
0.862931 0.505322 9.65988e-05
0.25518 0.412263 0.874599
0.920547 0.390632 9.65988e-05
5.18304e-05 0.555512 0.831508
0.000118474 0.387994 0.921662
0.658006 0.753012 9.65988e-05
8.04452e-05 0.862201 0.506566
0.577173 0.513467 0.634999
0.604093 5.77419e-05 0.796914
0.943577 0.235472 0.232844
9.14943e-05 0.980624 0.195897
0.706933 0.70728 8.43378e-05
0.679953 0.732144 0.0403568
0.490255 0.871579 7.12139e-05
0.194548 0.980893 9.65988e-05
0.50556 4.83237e-05 0.862791
0.0284269 0.732902 0.679741
0.894411 0.447245 6.82732e-05
2.2494e-05 0.241088 0.970503
0.338969 0.791562 0.508459
6.10949e-05 0.654808 0.755795
0.980808 0.194974 9.65988e-05
0.961016 9.18582e-05 0.276494
0.463884 0.754149 0.464835
0.831964 7.95228e-05 0.55483
0.680112 0.0334399 0.732345
0.894357 8.54867e-05 0.447354
0.554959 0.831878 4.39251e-05
0.287323 2.18925e-05 0.957834
4.17148e-05 0.447094 0.894487
0.473326 0.590767 0.653419
0.300905 0.299997 0.905239
0.799497 0.600671 9.65988e-05
4.73133e-05 0.507098 0.861888
0.957953 0.286924 4.39251e-05
0.373842 0.848731 0.374029
0.912664 0.0436075 0.406377
0.794753 7.5966e-05 0.606934
0.256983 0.874467 0.41142
3.68345e-06 0.832003 0.554772
0.571587 0.745428 0.342965
0.904062 0.302596 0.301839
0.401164 0.705475 0.584271
0.70443 0.406865 0.581584
0.486223 0.811433 0.32429
0.195986 1.32769e-05 0.980607
0.0030372 0.680018 0.733189
0.871464 8.32984e-05 0.49046
8.75521e-05 0.938373 0.345625
0.554346 5.29869e-05 0.832286
5.65599e-05 0.606203 0.79531
0.411577 0.256405 0.874563
7.05241e-05 0.755869 0.654723
0.361034 3.45093e-05 0.932553
0.599218 0.800586 4.39251e-05
0.873511 0.413366 0.257113
7.23897e-05 0.894447 0.447174
0.300486 0.905018 0.301081
0.757111 7.2368e-05 0.653287
0.372039 0.371096 0.850808
0.570705 0.682851 0.456082
0.800939 0.499133 0.330701
0.654785 8.43336e-05 0.755815
0.7275 0.599387 0.333885
9.00827e-05 0.965495 0.260421
0.644347 0.6455 0.410058
0.32421 0.48876 0.809939
0.576704 0.577666 0.57768
7.46083e-05 0.799643 0.600476
0.506464 0.337152 0.793613
0.849694 0.371648 0.374029
9.51868e-07 0.151032 0.988529
0.732281 0.0464934 0.679413
0.792654 0.336972 0.508084
0.287378 0.957817 9.65988e-05
9.85e-05 7.31755e-05 1
