0.595516 0.803343
0.781569 0.623819
0.448117 0.894037
0.742216 0.670161
0.565244 0.824924
0.774003 0.633182
0.543251 0.839571
0.734549 0.678555
0.0480725 0.998844
0.844587 0.53542
0.458253 0.888822
0.699854 0.714286
0.929533 0.368738
0.557953 0.829873
0.228063 0.973646
0.300824 0.95368
0.68462 0.7289
0.510378 0.859951
0.962441 0.271491
0.761398 0.648285
0.633065 0.774099
0.934385 0.356266
0.882031 0.471192
0.817559 0.575845
0.212429 0.977177
0.132171 0.991227
0.976953 0.213969
0.477398 0.878687
0.937948 0.346827
0.837092 0.547167
0.184647 0.982805
0.966533 0.256544
1 9.93437e-05
0.575849 0.817563
0.678365 0.734725
0.693249 0.720808
0.810722 0.585432
0.585023 0.811017
0.859951 0.510377
0.865074 0.501645
0.413362 0.910747
0.991278 0.131785
0.953681 0.300821
0.92449 0.381221
0.97974 0.200273
0.669792 0.742554
0.987477 0.157763
0.286415 0.958106
0.973747 0.227634
0.390437 0.920675
0.347015 0.937902
0.748806 0.662824
9.9163e-05 1
0.488481 0.872574
0.331442 0.943476
0.496828 0.867849
0.768809 0.639478
0.72127 0.692654
0.917835 0.397008
0.271499 0.962439
0.526835 0.849968
0.316227 0.948683
0.614484 0.788937
0.602463 0.798147
0.895791 0.444476
0.646033 0.763338
0.948684 0.316227
0.823595 0.567178
0.256823 0.966486
0.994278 0.106821
0.94335 0.331799
0.982805 0.184645
0.0825857 0.996584
0.912452 0.409387
0.110246 0.994116
0.82913 0.559057
0.422693 0.906273
0.374569 0.927199
0.65493 0.75569
0.901807 0.432139
0.399945 0.916565
0.958165 0.286216
0.997691 0.0708734
0.709222 0.704985
0.906388 0.422447
0.793516 0.60855
0.755687 0.654933
0.853822 0.520566
0.623821 0.781567
0.873447 0.48692
0.15776 0.987478
0.788661 0.614881
0.437743 0.8991
0.468389 0.883548
0.887442 0.46092
0.802947 0.59605
0.66344 0.748229
0.970199 0.242311
0.362207 0.932098
0.24221 0.970227
