0.510378 0.85995
0.681149 0.732145
0.846417 0.53252
0.858317 0.51312
0.708996 0.705213
0.948684 0.316226
0.943539 0.331262
0.976411 0.21592
0.840101 0.54243
0.719833 0.694148
0.761249 0.64846
0.672409 0.74018
0.748226 0.663444
0.493547 0.869719
0.887442 0.46092
0.742945 0.669352
0.992877 0.119144
0.633386 0.773836
0.807971 0.589222
0.796412 0.604754
0.734828 0.678253
0.76881 0.639478
0.582412 0.812894
0.878688 0.477397
0.781567 0.623821
0.958349 0.285599
0.331711 0.943381
0.86974 0.49351
0.256897 0.966439
0.701623 0.712548
0.953574 0.301159
0.131788 0.991278
0.0593522 0.998237
0.995521 0.094544
0.693497 0.72046
0.374949 0.927045
0.755847 0.654748
0.0825876 0.996584
0.599109 0.800667
0.409084 0.912497
0.906265 0.422711
0.610773 0.791806
0.773971 0.633221
0.966441 0.256889
0.10673 0.994288
0.228368 0.973575
0.384302 0.923208
0.592308 0.805712
0.525723 0.850656
0.242471 0.970159
0.726654 0.687003
0.559592 0.828768
0.931444 0.363885
0.982345 0.187077
0.194948 0.980814
0.157762 0.987477
0.973977 0.226649
0.538726 0.842481
0.397087 0.917781
0.43555 0.900165
0.448785 0.89364
0.980116 0.198425
0.802678 0.596413
0.208845 0.977949
0.639478 0.768809
0.46225 0.88675
0.93767 0.347527
0.30086 0.953668
0.647621 0.761963
0.286204 0.958169
0.89579 0.444477
0.654931 0.755688
0.346832 0.937927
0.900204 0.435469
0.918451 0.395536
0.864459 0.502704
0.962442 0.271488
0.571265 0.820766
0.362337 0.932047
0.316228 0.948683
0.997486 0.0708593
0.852334 0.522998
0.985255 0.171091
0.92545 0.378869
9.84603e-05 1
0.477395 0.878689
0.989482 0.144659
0.823875 0.566772
0.17109 0.985255
0.788683 0.614801
0.912238 0.409661
0.815881 0.57822
0.271472 0.962446
1 9.99075e-05
0.833461 0.552578
0.623821 0.781567
0.420219 0.907423
0.663382 0.748281
0.551914 0.833901
0.97014 0.242544
