0.253963 0.229639 0.0163977
0.118392 0.149065 0.232544
0.0343993 0.292113 0.173487
0.46665 0.0333056 4.48222e-05
0.32258 0.177377 4.31598e-05
1.31105e-05 0.137444 0.362543
0.0341901 0.0855281 0.380282
0.240021 0.0837683 0.176211
0.397965 0.0680903 0.0339451
0.294425 0.205566 8.26379e-06
3.82047e-05 0.400519 0.0994427
0.0798226 0.154281 0.265896
0.0646266 0.0647395 0.370634
0.499904 4.73464e-05 4.87386e-05
0.136908 0.172379 0.190713
0.0511305 0.223289 0.22558
0.172772 0.294953 0.0322753
0.256814 0.105412 0.137775
0.310112 0.103738 0.0861492
0.0162893 0.2121 0.271611
0.194184 0.255557 0.050259
0.0872744 0.241392 0.171334
0.205372 0.0687392 0.225888
0.278695 0.0507092 0.170596
0.259083 0.137493 0.103424
0.198344 1.87854e-05 0.301637
2.8997e-05 0.30399 0.195981
0.27618 0.189402 0.0344182
0.150049 0.333342 0.0166091
0.283713 2.68708e-05 0.21626
0.0677308 0.185742 0.246528
0.233911 0.26604 4.87386e-05
0.0165235 0.0332966 0.45018
0.0861254 0.362171 0.0517039
0.137901 0.362053 4.6298e-05
0.379275 0.120679 4.6298e-05
0.347069 0.101512 0.0514192
0.174382 0.221545 0.104074
0.177312 0.160659 0.162029
4.29226e-05 0.44998 0.0499771
4.54968e-05 4.65193e-05 0.499908
0.0514006 0.327161 0.121438
0.0835872 0.416367 4.6298e-05
0.121806 4.58998e-06 0.378189
0.416292 0.0166026 0.0671052
0.0338553 0.363842 0.102303
0.0687844 0.345066 0.0861492
0.156087 0.10391 0.240003
0.189687 0.310265 4.87386e-05
0.313372 0.0149818 0.171646
0.0509708 0.432836 0.0161935
0.033567 0.399128 0.0673049
0.210066 0.221666 0.0682672
0.344857 3.26618e-05 0.15511
0.103871 0.10364 0.292489
0.101872 0.205284 0.192844
0.155017 0.141577 0.203407
0.399462 3.78334e-05 0.1005
0.416586 0.0833705 4.31598e-05
0.177714 0.0505239 0.271762
1.8605e-07 0.249947 0.250053
0.231518 2.19273e-05 0.26846
0.248445 0.0333204 0.218235
0.140029 0.25729 0.102681
0.155143 0.0163666 0.32849
0.155703 0.189124 0.155173
0.0324672 0.253875 0.213658
0.327822 0.137588 0.0345905
0.434527 0.0499286 0.0155443
0.382086 0.0506086 0.0673049
0.0518939 0.1026 0.345506
0.100446 0.0492165 0.350337
0.450054 4.26251e-05 0.0499033
0.189634 0.189966 0.1204
0.0891269 0.304946 0.105927
3.28678e-05 0.34457 0.155397
0.067524 0.118739 0.313737
0.161306 0.270681 0.068013
6.35825e-06 0.0666568 0.433337
0.0499607 4.73183e-06 0.450035
0.0509227 0.0344991 0.414578
0.119894 0.328791 0.0513148
1.80783e-05 0.189524 0.310458
0.196677 0.106833 0.19649
0.291936 0.086626 0.121438
0.311737 0.0511912 0.137072
0.121095 0.240564 0.138341
0.083342 0.0162798 0.400378
0.0675772 0.270393 0.162029
0.350344 0.0664004 0.0832559
0.292863 0.15542 0.0517166
0.220826 0.142463 0.136711
4.76853e-05 0.499909 4.31598e-05
0.0331456 0.466813 4.17024e-05
0.034131 0.155955 0.309914
0.120654 0.0687976 0.310548
0.234517 0.17736 0.0881232
0.364503 0.0159137 0.119583
9.53527e-06 0.0999631 0.400027
0.100046 0.383557 0.0163977
