0.878688 0.477397
0.903738 0.428087
1 9.98135e-05
0.781567 0.623822
0.93767 0.347527
0.985255 0.171092
0.795975 0.60533
0.682282 0.731089
0.553891 0.832589
0.745634 0.666356
0.973636 0.228109
0.082588 0.996584
0.828767 0.559594
0.106731 0.994288
0.533197 0.845991
0.864127 0.503273
0.970126 0.242603
0.131788 0.991278
0.639395 0.768878
0.661775 0.749703
0.669467 0.742841
0.48703 0.873385
0.99524 0.0974558
0.962508 0.271252
0.454801 0.890593
0.913661 0.406477
0.854266 0.519836
0.931976 0.36252
0.925229 0.37941
0.256688 0.966494
0.0480716 0.998844
0.607981 0.793952
0.872592 0.488451
0.242556 0.970137
0.788769 0.61469
0.575845 0.817559
0.907532 0.419983
0.21151 0.977376
0.953597 0.301085
9.97502e-05 1
0.918852 0.394603
0.157762 0.987477
0.362542 0.931967
0.510376 0.859952
0.410144 0.912021
0.887442 0.460918
0.617422 0.786632
0.702083 0.712096
0.992877 0.119145
0.467777 0.883847
0.692826 0.721105
0.591982 0.805952
0.331798 0.94335
0.519324 0.854577
0.846444 0.532479
0.7553 0.65538
0.286036 0.958219
0.50003 0.866008
0.718065 0.695976
0.27093 0.962599
0.768808 0.63948
0.819105 0.573643
0.989482 0.144659
0.347416 0.937711
0.774061 0.633111
0.94335 0.331799
0.627079 0.778956
0.73818 0.674604
0.316228 0.948683
0.184644 0.982805
0.37505 0.927005
0.397052 0.917796
0.709843 0.70436
0.805953 0.59198
0.728412 0.685139
0.761401 0.648281
0.966443 0.25688
0.54175 0.84054
0.584131 0.81166
0.839571 0.54325
0.958336 0.285642
0.85995 0.510378
0.976749 0.214386
0.225465 0.974251
0.564906 0.825155
0.997486 0.0708586
0.477398 0.878687
0.948684 0.316227
0.894018 0.44803
0.648461 0.761248
0.83421 0.551447
0.812408 0.58309
0.898146 0.439697
0.435764 0.900061
0.444477 0.89579
0.387599 0.921828
0.980272 0.197652
0.300824 0.95368
0.422726 0.906258
0.599817 0.800137
