0.38236 0.38236 0.841191
0.680414 0.680414 0.272165
0.655611 0.655611 0.374632
0.534994 0.534994 0.653882
0.17609 0.17609 0.968496
0.464207 0.464207 0.754337
0.598672 0.598672 0.532151
0.683486 0.683486 0.256306
0.12309 0.12309 0.984732
0.502519 0.502519 0.703526
0.131023 0.131023 0.982683
0.688247 0.688247 0.229415
0.506979 0.506979 0.697097
0.674579 0.674579 0.299812
0.337868 0.337868 0.878459
0.545455 0.545455 0.636363
0.408248 0.408248 0.816496
0.666667 0.666667 0.333331
0.323382 0.323382 0.889297
0.633724 0.633724 0.443607
0.553372 0.553372 0.622543
0.0663703 0.0663703 0.995585
0.150326 0.150326 0.977141
0.0356548 0.0356548 0.998728
0.704938 0.704938 0.0782543
0.624697 0.624697 0.468516
0.703526 0.703526 0.100503
0.386493 0.386493 0.837404
0.631173 0.631173 0.450824
0.271561 0.271561 0.923314
0.171219 0.171219 0.970241
0.497469 0.497469 0.710667
0.16222 0.16222 0.973329
0.691715 0.691715 0.207513
0.331295 0.331295 0.883452
0.639602 0.639602 0.426402
0.707107 0.707107 0.000136532
0.659737 0.659737 0.359854
0.0764694 0.0764694 0.994135
0.376287 0.376287 0.84665
0.706207 0.706207 0.0504424
0.0827604 0.0827604 0.993127
0.615458 0.615458 0.492365
0.67828 0.67828 0.282616
0.192449 0.192449 0.962251
0.549972 0.549972 0.628539
0.0990144 0.0990144 0.990148
0.485072 0.485072 0.727606
0.696311 0.696311 0.174076
0.109763 0.109763 0.987879
0.358978 0.358978 0.861551
0.698536 0.698536 0.155226
0.181235 0.181235 0.966596
0.604709 0.604709 0.518319
0.27617 0.27617 0.920576
0.556022 0.556022 0.617802
0.315785 0.315785 0.89474
0.473017 0.473017 0.743311
0.646763 0.646763 0.404222
0.366507 0.366507 0.855187
0.658146 0.658146 0.365632
0.246631 0.246631 0.937201
0.523205 0.523205 0.672691
0.140028 0.140028 0.980196
0.70014 0.70014 0.140026
0.282138 0.282138 0.91695
0.436852 0.436852 0.786334
0.219381 0.219381 0.950654
0.457498 0.457498 0.76249
0.644832 0.644832 0.410346
0.428392 0.428392 0.795588
0.619586 0.619586 0.481899
0.514496 0.514496 0.685994
0.609208 0.609208 0.507673
0.650945 0.650945 0.390565
0.529812 0.529812 0.662267
0.0496137 0.0496137 0.997535
0.68483 0.68483 0.249028
0.0901648 0.0901648 0.991837
0.264906 0.264906 0.927173
0.693103 0.693103 0.198029
0.301511 0.301511 0.904534
0.539164 0.539164 0.646996
0.444444 0.444444 0.777778
9.85218e-05 9.85218e-05 1
0.59655 0.59655 0.536895
0.601318 0.601318 0.526152
0.254457 0.254457 0.933008
0.449978 0.449978 0.771388
0.702247 0.702247 0.117041
0.468295 0.468295 0.749266
0.235702 0.235702 0.942809
0.201773 0.201773 0.958423
0.211999 0.211999 0.953998
0.676716 0.676716 0.290018
0.694314 0.694314 0.189355
0.38949 0.38949 0.834622
0.577351 0.577351 0.577348
0.348155 0.348155 0.870389
0.43189 0.43189 0.791797
