0.0269786 3.96624
0.740326 2.78602
0.0402663 3.94482
0.0098704 3.98921
0.806001 2.41459
0.800985 2.43497
0.692599 3.1398
0.750723 2.71483
0.0597972 3.90826
0.000168284 3.99983
0.820403 2.36609
0.0724796 3.88177
0.762727 2.63728
0.0468426 3.93314
0.0661727 3.89518
0.102919 3.81219
0.835661 2.32888
0.840737 2.32057
0.0787097 3.86811
0.0909559 3.84028
0.734681 2.82597
0.796046 2.45656
0.187155 3.62917
0.165025 3.66997
0.126081 3.75695
0.789491 2.48746
0.786717 2.50128
0.159519 3.68132
0.142932 3.7177
0.663878 3.35357
0.120377 3.77052
0.0533445 3.92095
0.726293 2.8867
0.154011 3.69307
0.827268 2.34681
0.732069 2.84472
0.743196 2.76604
0.660702 3.37642
0.170528 3.65906
0.774812 2.56527
0.686224 3.188
0.148481 3.70521
0.176048 3.64859
0.131741 3.74359
0.656486 3.40641
0.682039 3.21949
0.769312 2.59722
0.793168 2.46982
0.108796 3.79819
0.766192 2.61597
0.847972 2.31211
0.0336491 3.95586
0.745807 2.74808
0.181583 3.63863
0.857924 2.30709
0.206746 3.60108
0.810722 2.3969
0.640307 3.51713
0.653302 3.42877
0.222014 3.5855
0.667185 3.32955
0.703627 3.05619
0.0848656 3.85427
0.784154 2.51442
0.234452 3.57734
0.823706 2.35598
0.748326 2.73094
0.755707 2.68197
0.710943 3.00092
0.717131 2.9545
0.72035 2.93054
0.779481 2.5393
0.758555 2.66361
0.192771 3.62026
0.213028 3.59396
0.114619 3.78428
0.737417 2.8065
0.699965 3.08395
0.198443 3.61195
0.137354 3.7305
0.678753 3.2441
0.753227 2.69832
0.713923 2.97852
0.688639 3.16977
0.647566 3.46838
0.814337 2.38434
0.671096 3.30089
0.636359 3.54295
0.706937 3.03115
0.649875 3.45254
0.77247 2.5787
0.644008 3.49248
0.0969717 3.82623
0.696351 3.11136
0.0202668 3.97589
0.251412 3.57319
0.723327 2.90851
0.729211 2.86541
0.675758 3.26641
0.83119 2.33779
