0.845082 0.534637
0.857241 0.514916
0.558214 0.829697
0.948683 0.316228
0.793952 0.60798
0.580017 0.814604
0.822078 0.569375
0.37941 0.925229
0.943482 0.331424
0.214345 0.976758
0.90631 0.422614
0.808549 0.588429
0.958187 0.286142
0.878687 0.477398
0.981845 0.189685
0.623821 0.781567
0.997486 0.0708587
0.505183 0.863012
0.570016 0.821634
0.985255 0.171091
0.852536 0.522668
0.933234 0.35927
0.0593546 0.998237
0.732278 0.681006
0.599208 0.800593
0.77686 0.629673
0.962475 0.271371
0.467858 0.883804
0.268511 0.963277
0.630435 0.776242
0.97855 0.206009
0.966457 0.256828
0.897097 0.441834
0.994128 0.108207
0.830531 0.556972
0.301146 0.953578
0.407256 0.913314
0.838279 0.545242
0.687169 0.726498
0.197748 0.980253
0.800724 0.599034
0.998619 0.0525333
0.67016 0.742217
0.748885 0.6627
0.520318 0.853972
0.60798 0.793952
1 9.95312e-05
0.61483 0.78866
0.46092 0.887441
0.286312 0.958136
0.677986 0.735075
0.393868 0.919167
0.93786 0.347014
0.228255 0.973601
0.953599 0.301079
0.639478 0.768809
0.885394 0.464841
0.76881 0.639478
0.242281 0.970206
0.991191 0.132442
0.493886 0.869526
0.87328 0.487218
0.588388 0.808579
0.970195 0.242327
0.552784 0.833325
0.78642 0.617692
0.0952719 0.995451
0.892309 0.451426
0.761019 0.648729
0.814644 0.579961
0.526838 0.849966
0.9108 0.412848
0.538038 0.842921
0.973722 0.227738
0.119144 0.992877
0.660201 0.751089
0.901841 0.432068
0.927002 0.375055
0.25694 0.966427
0.704194 0.710007
0.715201 0.698919
0.422602 0.906315
0.987478 0.15776
9.9802e-05 1
0.695163 0.718852
0.44829 0.893888
0.742218 0.670158
0.171089 0.985256
0.437035 0.899445
0.144656 0.989482
0.331643 0.943405
0.723745 0.690068
0.921936 0.387342
0.864185 0.503174
0.480691 0.87689
0.316228 0.948683
0.363399 0.931634
0.347528 0.93767
0.651282 0.758836
0.915927 0.401345
