7.45649e-05 0.78378 0.621038
0.554709 0.832044 9.06473e-05
1.12434e-07 0.755734 0.654879
0.706414 0.470255 0.529
0.575755 0.332729 0.746858
8.83238e-05 0.297985 0.954571
0.240113 0.940695 0.239664
0.465498 0.593169 0.656863
2.09948e-05 9.98406e-05 1
0.553778 5.4936e-05 0.832664
0.644639 0.645772 0.409169
0.958198 0.286107 9.06473e-05
1.48106e-05 0.680448 0.732968
0.744938 0.632617 0.211807
0.403602 0.709741 0.577385
2.91613e-05 0.44724 0.894414
0.723738 0.151021 0.673347
8.77272e-07 0.387319 0.923031
0.685273 0.570537 0.453334
1.86666e-05 0.196212 0.980561
0.900649 0.353299 0.253012
0.694926 0.339442 0.633921
0.388541 3.85441e-05 0.921431
0.463842 0.464657 0.754287
0.847695 0.425874 0.316299
0.753893 7.47878e-05 0.656997
0.1936 1.92056e-05 0.98108
0.601214 0.799088 9.06473e-05
0.410025 0.910974 0.0447828
0.707336 7.01692e-05 0.706877
0.633067 0.394451 0.66632
6.72709e-05 0.70711 0.707103
0.658881 0.752674 9.06764e-05
0.925126 0.242625 0.292019
0.374587 0.848401 0.374032
0.988451 9.80564e-05 0.151541
0.628569 0.0250032 0.777352
9.51349e-05 1 9.06473e-05
0.893955 8.86822e-05 0.44872
0.528924 0.470588 0.706472
0.447197 4.43629e-05 0.894435
0.593311 5.88577e-05 0.804974
0.256997 0.874437 0.411568
0.799222 0.395022 0.453241
0.831709 0.555211 9.23025e-05
0.534218 0.65416 0.535477
0.343525 0.692287 0.634609
5.61252e-05 0.918954 0.394366
0.302134 0.904367 0.301633
0.38977 0.490733 0.779531
4.27028e-05 0.654924 0.755695
0.801578 7.95182e-05 0.597891
0.980571 0.196165 9.06473e-05
0.46481 0.755667 0.461431
0.0461724 0.732691 0.67946
0.603129 0.72531 0.334136
0.2867 2.84413e-05 0.95802
0.391377 0.62137 0.678767
0.865285 8.58381e-05 0.5028
0.254947 0.411862 0.874855
0.447201 0.894433 9.06473e-05
0.970134 9.62393e-05 0.24257
0.411736 0.256545 0.874447
0.894521 0.447025 9.23025e-05
0.788984 0.578227 0.208507
0.760349 0.324422 0.56269
0.879079 0.310195 0.361939
0.912982 0.0398469 0.406048
0.867134 0.498074 9.06473e-05
0.485915 0.874006 9.06473e-05
0.634499 0.573536 0.518139
0.75257 0.519648 0.40448
0.939687 9.3219e-05 0.342035
0.794603 0.607129 9.23025e-05
0.252088 0.967704 9.23025e-05
0.595438 0.536081 0.598746
0.677983 6.72573e-05 0.73526
8.20281e-05 0.862229 0.506518
4.81902e-05 0.506546 0.862213
1 9.92021e-05 9.23025e-05
0.502819 4.98807e-05 0.864775
8.5634e-06 0.831932 0.554879
0.843054 0.258126 0.472524
9.05013e-05 0.951294 0.309875
0.371578 0.372231 0.850514
5.83035e-05 0.612851 0.790372
1.3306e-06 0.554825 0.831967
0.178252 0.983989 9.23028e-05
0.31227 0.31153 0.897461
0.73438 0.678885 9.23117e-05
0.92165 0.388023 9.06473e-05
1.33079e-07 0.894506 0.447115
0.337613 0.792158 0.508451
0.707096 0.707117 9.23025e-05
5.98873e-05 0.98055 0.196882
0.834411 8.27753e-05 0.551214
0.327433 0.944874 9.23025e-05
0.488857 0.324457 0.810204
0.34313 0.572538 0.744622
0.504293 0.794884 0.337412
