0.569058 0.82231
0.729266 0.684231
0.65493 0.755689
0.559594 0.828767
0.979662 0.200657
0.584432 0.811445
0.953623 0.301003
0.690348 0.723478
0.803054 0.595907
0.0836394 0.996496
0.83957 0.543252
0.926816 0.375516
9.81826e-05 1
0.53627 0.844275
0.887441 0.460921
0.755897 0.654691
0.880438 0.474161
0.982899 0.184147
0.400134 0.916457
0.301112 0.953589
0.763546 0.645753
0.465369 0.885117
0.859953 0.510373
0.41319 0.910645
0.548982 0.835834
0.157761 0.987477
0.614999 0.788528
0.774807 0.632198
0.793952 0.60798
0.901777 0.432201
0.440678 0.897853
0.493888 0.869525
0.849966 0.526838
0.991278 0.131788
0.271496 0.96244
0.958351 0.285594
0.737565 0.675277
0.513524 0.858075
0.915042 0.403358
0.937916 0.346863
0.931965 0.362547
0.746948 0.664883
0.875238 0.483881
0.256847 0.966452
0.721156 0.692772
0.708101 0.706155
0.906393 0.422436
0.647905 0.761721
0.20848 0.978027
0.62382 0.781568
0.976768 0.214302
0.994288 0.106731
0.639478 0.768809
0.17109 0.985255
0.602484 0.798131
0.0480724 0.998844
0.948684 0.316226
0.355962 0.934586
0.425818 0.904809
0.681598 0.731919
0.943412 0.331622
0.242499 0.970152
0.371951 0.928252
0.824614 0.565725
0.526839 0.849965
0.818124 0.575043
0.987478 0.157759
0.194923 0.980819
0.451533 0.892255
0.10673 0.994288
0.810015 0.586409
1 9.69912e-05
0.673354 0.739321
0.920529 0.390674
0.387428 0.9219
0.895795 0.444466
0.962703 0.270562
0.591982 0.805951
0.866227 0.499766
0.228211 0.973612
0.347528 0.93767
0.698377 0.71573
0.910697 0.413097
0.477396 0.878688
0.316227 0.948683
0.966542 0.256508
0.789504 0.614706
0.630191 0.77644
0.973976 0.226649
0.715454 0.698803
0.998844 0.0480724
0.28562 0.958343
0.331489 0.943459
0.503762 0.863844
0.833495 0.552527
0.996584 0.0825894
0.663367 0.748294
0.970199 0.242309
0.781568 0.62382
0.131788 0.991278
