0.375 0.125
0.211734 0.288266
0.492042 0.00795772
0.288266 0.211734
0.242347 0.257653
0.0943879 0.405612
0.471939 0.0280612
0.0180019 0.481998
4.98543e-05 0.49995
0.171723 0.328277
0.431011 0.0689886
0.232143 0.267857
0.0280612 0.471939
0.344365 0.155635
0.303571 0.196429
0.201531 0.298469
0.037984 0.462016
0.339007 0.160993
0.216836 0.283164
0.0420229 0.457977
0.0479659 0.452034
0.359783 0.140217
0.0329196 0.46708
0.334184 0.165816
0.445933 0.0540667
0.00382652 0.496173
0.293368 0.206632
0.390306 0.109694
0.263174 0.236826
0.237245 0.262755
0.477041 0.0229593
0.109726 0.390274
0.34928 0.15072
0.257653 0.242347
0.415816 0.0841835
0.282977 0.217023
0.405612 0.094388
0.496174 0.00382637
0.00999396 0.490006
0.09949 0.40051
0.420919 0.0790815
0.451014 0.0489856
0.436225 0.0637755
0.0590023 0.440998
0.46205 0.0379502
0.253242 0.246758
0.32398 0.17602
0.0539291 0.446071
0.0739799 0.42602
0.221939 0.278061
0.161175 0.338825
0.0639712 0.436029
0.186224 0.313776
0.385204 0.114796
0.298469 0.201531
0.395408 0.104592
0.441327 0.0586735
0.380102 0.119898
0.426015 0.0739851
0.14622 0.35378
0.487106 0.0128943
0.165817 0.334183
0.0688776 0.431122
0.124368 0.375632
0.313775 0.186225
0.135045 0.364955
0.456262 0.0437381
0.17602 0.323979
0.0229594 0.477041
0.247449 0.252551
0.329082 0.170918
0.0892855 0.410714
0.467186 0.0328145
0.206632 0.293368
0.15051 0.34949
0.49995 4.97196e-05
0.318877 0.181123
0.114796 0.385204
0.191307 0.308693
0.130102 0.369898
0.272959 0.227041
0.155612 0.344388
0.0790248 0.420975
0.267857 0.232143
0.140306 0.359694
0.364796 0.135204
0.40051 0.09949
0.119898 0.380102
0.308673 0.191327
0.369898 0.130102
0.181123 0.318877
0.0839735 0.416027
0.278061 0.221939
0.0140304 0.48597
0.482057 0.0179431
0.410714 0.0892855
0.104592 0.395408
0.227041 0.272959
0.196421 0.303579
0.354592 0.145408
