0.000122137 0.995074
0.49651 0.295461
0.00539397 0.932408
0.0421718 0.795364
0.00189769 0.962303
0.318852 0.435713
0.468174 0.315879
0.449399 0.329764
0.00909569 0.906024
0.166102 0.59269
0.255984 0.494311
0.770179 0.122676
0.412826 0.357582
0.360651 0.39947
0.81502 0.0974563
0.477371 0.309183
0.662696 0.186107
0.879855 0.062159
0.626847 0.208535
0.303432 0.449236
0.700759 0.162934
0.687894 0.17071
0.638398 0.201166
0.327915 0.427638
0.369413 0.392355
0.786189 0.113538
0.386056 0.378834
0.054288 0.768559
0.914289 0.0440685
0.0481092 0.783752
0.241047 0.509135
0.506949 0.288038
0.713715 0.155241
0.203649 0.548965
0.287555 0.463814
0.650054 0.193803
0.121597 0.651696
0.180955 0.574776
0.603766 0.223305
0.129648 0.640055
0.225186 0.525573
0.675762 0.178204
0.42184 0.350674
0.195598 0.557858
0.0921309 0.696927
0.188443 0.566245
0.136696 0.630484
0.0995688 0.685027
0.970433 0.0154339
0.439654 0.337124
0.548704 0.25947
0.0143823 0.88298
0.527281 0.273911
0.538378 0.266554
0.741893 0.138902
0.897174 0.0532176
0.728111 0.146902
0.799469 0.106003
0.755196 0.131078
0.48712 0.302127
0.0697278 0.736072
0.352409 0.406455
0.0843365 0.710268
0.845766 0.0803569
0.394748 0.371822
0.946682 0.0271877
0.264247 0.486091
0.988673 0.00750147
0.570185 0.245148
0.999965 0.000108771
0.0208927 0.856464
0.210802 0.541033
0.591648 0.230838
0.0275011 0.834296
0.0620554 0.751109
0.558761 0.252526
0.458866 0.322854
0.295037 0.457057
0.076972 0.722982
0.174093 0.582951
0.580612 0.238049
0.517498 0.280803
0.233114 0.517331
0.144127 0.620571
0.615089 0.215864
0.829876 0.0890521
0.403713 0.364706
0.114929 0.661222
0.430952 0.34361
0.272005 0.478599
0.0340701 0.815655
0.377636 0.38551
0.158517 0.602217
0.335649 0.420687
0.151356 0.611357
0.107183 0.672784
0.344059 0.413499
0.862896 0.0712119
0.279474 0.471452
0.930601 0.0358618
