0.116024 0.65959
0.999968 0.000134634
0.35213 0.406805
0.173452 0.583823
0.439642 0.33719
0.37757 0.385596
0.412842 0.357568
0.00513687 0.932507
0.449044 0.329921
0.233044 0.517581
0.271427 0.479536
0.914099 0.0441617
0.335631 0.421244
0.527492 0.273812
0.319581 0.434849
0.0925062 0.695919
0.00195551 0.963675
0.136866 0.630132
0.40374 0.364616
0.27997 0.471163
0.93244 0.0346673
0.36057 0.399598
0.264025 0.486246
0.517219 0.28088
0.225437 0.525441
0.0544049 0.766825
0.303294 0.449313
0.548097 0.259673
0.0621794 0.750784
0.769918 0.122759
0.846362 0.0802681
0.421491 0.350989
0.00909324 0.905762
0.951313 0.0250813
0.506971 0.288044
0.486994 0.302277
0.830831 0.088724
0.386747 0.378363
0.0387164 0.804132
0.615495 0.215786
0.558989 0.252434
0.741956 0.138921
0.497281 0.294907
0.727334 0.147251
0.210559 0.541464
0.0308179 0.826062
0.0225902 0.849881
0.0848249 0.708984
0.20306 0.549655
0.47747 0.309107
0.784592 0.114498
0.714041 0.155116
0.592094 0.230623
0.985768 0.00794811
0.468364 0.315841
0.311688 0.442004
0.0997431 0.684426
0.249095 0.501019
0.19572 0.557856
0.218375 0.532759
0.799885 0.105872
0.689278 0.169835
0.122285 0.650457
0.241181 0.508993
0.570807 0.244897
0.755343 0.131022
0.602852 0.223714
0.151679 0.610551
0.00011099 1
0.662227 0.18646
0.701373 0.162732
0.143698 0.621417
0.0143335 0.882593
0.159295 0.601207
0.188405 0.566177
0.0694512 0.73669
0.87993 0.0622119
0.395125 0.371487
0.0465743 0.78509
0.969736 0.0153767
0.166289 0.592388
0.369327 0.392362
0.295311 0.456644
0.863492 0.0710568
0.181329 0.574342
0.458578 0.322885
0.129409 0.640451
0.537601 0.266845
0.580778 0.238013
0.0768759 0.723671
0.344109 0.413553
0.649973 0.193944
0.430545 0.344007
0.287252 0.464202
0.897089 0.0531968
0.81535 0.0975452
0.107276 0.672557
0.675739 0.178194
0.63796 0.201295
0.626058 0.209032
