0.458388 0.323019
0.700948 0.163063
0.0127003 0.89166
0.71481 0.154797
0.271667 0.47891
0.319305 0.434977
0.727891 0.147016
0.0176591 0.870502
0.81465 0.0975348
0.969563 0.0157484
0.603466 0.22325
0.448934 0.330084
0.0542655 0.767499
0.412867 0.357572
0.287541 0.46383
0.279547 0.471384
0.477329 0.30924
0.311563 0.441984
0.914139 0.0440886
0.166168 0.592656
0.159173 0.601234
0.000133237 0.99919
0.15185 0.61064
0.421903 0.350632
0.570443 0.245053
0.592171 0.230613
0.352259 0.406525
0.218227 0.532909
0.846713 0.0800674
0.327712 0.427673
0.263994 0.486278
0.893267 0.0551339
0.114597 0.661596
0.431016 0.343587
0.210668 0.541186
0.78389 0.114664
0.00561337 0.928162
0.369139 0.39257
0.74197 0.138934
0.558897 0.252469
0.107233 0.673889
0.188594 0.56574
0.467842 0.316104
0.195915 0.557476
0.241315 0.50899
0.527458 0.273818
0.677559 0.177147
0.53734 0.267126
0.799294 0.106099
0.0388587 0.804115
0.547851 0.259989
0.0338398 0.816623
0.233642 0.516727
0.00192684 0.963372
1 8.50715e-05
0.755618 0.130882
0.122086 0.650745
0.181253 0.57435
0.517082 0.280924
0.879921 0.0621692
0.143985 0.620823
0.0845911 0.709739
0.00914575 0.906313
0.129145 0.641045
0.932822 0.0347266
0.136262 0.631355
0.769536 0.122829
0.626475 0.208666
0.403544 0.364851
0.0292201 0.832306
0.17375 0.583222
0.862166 0.0714936
0.360611 0.399643
0.203747 0.548975
0.0619117 0.751495
0.68762 0.170795
0.0455651 0.787865
0.951114 0.0253966
0.0920952 0.697046
0.439803 0.336889
0.978081 0.0115528
0.225849 0.524858
0.394974 0.371567
0.0226824 0.849952
0.0694306 0.736783
0.0772356 0.722291
0.303225 0.449421
0.650043 0.193975
0.663521 0.185786
0.507229 0.287885
0.33571 0.420699
0.0993721 0.685332
0.580724 0.238
0.637957 0.20131
0.248986 0.501171
0.496969 0.29516
0.830168 0.088979
0.614966 0.215981
0.386468 0.37846
0.487833 0.301769
