0.537432 0.266987
0.0697464 0.736318
0.487986 0.301844
0.233465 0.517137
0.960162 0.0217683
0.0542755 0.767301
0.0465599 0.784674
0.36897 0.39312
0.89904 0.0532238
0.394998 0.371551
0.458062 0.323719
0.999963 0.000146036
0.50777 0.287606
0.22612 0.524634
0.195925 0.557414
0.591476 0.231379
0.00549588 0.926706
0.263891 0.486696
0.151466 0.610981
0.833826 0.0877755
0.218588 0.53264
0.606023 0.222625
0.943959 0.0306515
0.00194499 0.958427
0.44023 0.336713
0.0924071 0.696319
0.558493 0.253044
0.352479 0.406442
0.714098 0.155128
0.173706 0.583657
0.271554 0.479217
0.91883 0.0420287
0.166331 0.592585
0.477855 0.308907
0.158714 0.601848
0.00914531 0.905533
0.33595 0.420523
0.81716 0.0966129
0.0194422 0.862344
0.129576 0.640108
0.689174 0.170276
0.639215 0.200881
0.31935 0.434925
0.210425 0.541544
0.628926 0.207698
0.295421 0.456518
0.496882 0.295501
0.862454 0.0716449
0.0771274 0.722512
0.386213 0.378615
0.180926 0.574967
0.279516 0.471456
0.978512 0.0120546
0.1369 0.630087
0.0142756 0.881388
0.343993 0.413525
0.0999032 0.684083
0.0259472 0.839548
9.40574e-05 0.998107
0.287316 0.464136
0.310936 0.4428
0.327689 0.427701
0.570804 0.245081
0.52884 0.273372
0.848905 0.0798568
0.248583 0.501667
0.360892 0.399382
0.702403 0.162338
0.20323 0.54938
0.107378 0.672359
0.448463 0.330808
0.729365 0.146527
0.516779 0.281719
0.0849358 0.708899
0.468621 0.315769
0.746017 0.137531
0.144221 0.62034
0.404131 0.364492
0.581314 0.237827
0.772346 0.121943
0.188413 0.56617
0.651998 0.193081
0.664379 0.185471
0.756836 0.13063
0.0620798 0.751177
0.421555 0.35106
0.241061 0.509136
0.431428 0.343496
0.121994 0.650989
0.78457 0.114443
0.377703 0.385949
0.412721 0.35763
0.114605 0.66175
0.54976 0.259105
0.0324607 0.821186
0.887939 0.0592317
0.61624 0.215493
0.674894 0.178571
0.805116 0.104132
0.0387835 0.804058
