0.422303 0.350532
0.368894 0.392987
0.517877 0.280915
0.311756 0.442158
0.00905848 0.905288
0.829992 0.0890463
0.499258 0.294296
0.195923 0.557579
0.487993 0.301952
0.772912 0.121695
0.851186 0.0790212
0.976327 0.0136504
0.00196364 0.956892
0.411991 0.358478
0.0244098 0.844664
0.000152037 0.992953
0.570525 0.245018
0.376869 0.386657
0.327318 0.428158
0.14432 0.620341
0.653365 0.192447
0.593027 0.230507
0.129355 0.640596
0.241868 0.508272
0.547807 0.260066
0.136679 0.630607
0.3359 0.420594
0.351898 0.407211
0.248689 0.501423
0.538898 0.266431
0.816365 0.0968295
0.256712 0.493712
0.188452 0.566042
0.210785 0.541021
0.00564951 0.925473
0.0773989 0.722097
0.96569 0.0218079
0.714388 0.154979
0.279829 0.471497
0.729493 0.146661
0.757868 0.130199
0.431066 0.34377
0.44068 0.336528
0.386707 0.37842
0.151433 0.611043
0.0464928 0.784971
0.0542748 0.767543
0.449453 0.329782
0.092358 0.696401
0.218368 0.53279
0.271695 0.478868
0.941791 0.0311562
0.0618649 0.751816
0.0387215 0.804022
0.233709 0.516723
0.396025 0.371136
0.919536 0.0424867
0.0848697 0.709411
0.662446 0.186138
0.60286 0.223919
0.159027 0.601521
0.107316 0.672672
0.114809 0.661528
0.302932 0.450067
0.459736 0.322167
0.883764 0.0607313
0.294449 0.457855
0.689627 0.170199
0.52721 0.274131
0.615094 0.215949
0.166766 0.591825
0.581331 0.237822
0.802243 0.105248
0.477013 0.309729
0.903406 0.0514454
0.0142629 0.881088
0.0698298 0.735996
0.558682 0.252628
0.264031 0.486361
0.019391 0.861151
0.868867 0.069037
0.203538 0.548942
0.343923 0.41358
0.67707 0.177932
0.173798 0.583138
0.628432 0.207898
0.22653 0.524318
0.744627 0.137733
0.360665 0.399572
0.122109 0.65075
0.999942 0.000150066
0.0999153 0.684143
0.181045 0.574642
0.788417 0.112716
0.637835 0.201709
0.403571 0.364834
0.703012 0.162066
0.319982 0.434667
0.0308361 0.825671
0.507538 0.288019
