0.0997747 0.697409
0.306815 0.470841
0.345005 0.469749
0.525002 0.308134
0.113931 0.674851
0.299972 0.475627
0.857926 0.0762525
0.914905 0.0683298
0.439573 0.391834
0.200369 0.606937
0.246842 0.529788
0.0954377 0.717344
0.380359 0.46615
0.0924588 0.749568
0.117317 0.661263
0.139311 0.628777
0.749623 0.147586
0.432186 0.39249
0.69697 0.186184
0.553812 0.2901
0.901644 0.0687
0.882712 0.0714556
0.72221 0.172558
0.389448 0.422872
0.101696 0.694395
0.695935 0.214493
0.697894 0.182097
0.288862 0.48445
0.274164 0.508829
0.837571 0.0905731
0.0936807 0.723677
0.105327 0.692034
0.0970512 0.708154
0.287889 0.488022
0.279086 0.504127
0.50043 0.328308
0.132081 0.638462
0.54504 0.296419
0.505677 0.324233
0.42238 0.395275
0.40154 0.410853
0.395948 0.415315
0.294483 0.479801
0.694044 0.271232
0.490871 0.341132
0.128225 0.644896
0.836635 0.121928
0.645152 0.277903
0.696234 0.205032
0.385185 0.458673
0.205756 0.604668
0.392767 0.420652
0.23489 0.576148
0.241106 0.545665
0.521937 0.310714
0.429093 0.393263
0.489544 0.35632
0.38326 0.461999
0.255262 0.521145
0.387149 0.431889
0.853257 0.0801351
0.148042 0.618867
0.114603 0.662912
0.836909 0.100298
0.726117 0.171657
0.731464 0.165834
0.153393 0.613507
0.0914501 0.809296
0.235044 0.5625
0.23635 0.548304
0.536119 0.299657
0.754929 0.147271
0.160966 0.611231
0.572255 0.288494
0.410437 0.404611
0.323187 0.469845
0.314892 0.470277
0.1435 0.624255
0.700426 0.180982
0.490637 0.343044
0.235894 0.551698
0.244494 0.538847
0.266533 0.517095
0.493962 0.33396
0.511001 0.320187
0.415291 0.400713
0.528109 0.305224
0.286284 0.492313
0.73398 0.158669
0.515776 0.315725
0.506974 0.32154
0.12334 0.650233
0.248511 0.524587
0.839532 0.0851143
0.251248 0.521862
0.745688 0.152205
0.388684 0.426009
0.563859 0.288835
0.452194 0.391727
0.777547 0.146836
