0.45094 0.353001
0.122429 0.651228
0.0871754 0.89352
0.270942 0.513704
0.0782702 0.977757
0.16687 0.59557
0.832167 0.115334
0.0774244 1.37837
0.818589 0.123085
0.771964 0.171028
0.836923 0.109178
0.0768019 1.59124
0.0782305 1.07172
0.661666 0.216637
0.618993 0.231472
0.186286 0.574686
0.338567 0.453373
0.848019 0.106208
0.16284 0.600715
0.120514 0.672868
0.143427 0.626048
0.192621 0.573741
0.485827 0.316476
0.127373 0.644949
0.634368 0.220415
0.142394 0.627498
0.480841 0.320556
0.367354 0.419459
0.173287 0.587902
0.271654 0.506931
0.502509 0.307625
0.597051 0.260292
0.356749 0.426375
0.137957 0.631973
0.321347 0.469177
0.388107 0.392354
0.514448 0.307055
0.25182 0.56217
0.393781 0.392014
0.172072 0.589639
0.380282 0.397629
0.816427 0.127663
0.465302 0.341296
0.787656 0.161489
0.0644674 2.09942
0.160477 0.60309
0.178411 0.581697
0.603555 0.244063
0.106451 0.704527
0.315713 0.474584
0.37245 0.416068
0.382149 0.394176
0.824533 0.116613
0.354992 0.432258
0.333086 0.456481
0.785026 0.163753
0.362379 0.422304
0.120826 0.663854
0.403734 0.391915
0.493411 0.311135
0.199381 0.573555
0.344549 0.450562
0.375073 0.412455
0.447963 0.358044
0.312311 0.484015
0.464321 0.342901
0.312886 0.48035
0.472804 0.335512
0.628351 0.225016
0.778718 0.168638
0.265947 0.537128
0.16864 0.594407
0.598782 0.249779
0.0914042 0.735723
0.104783 0.706947
0.270196 0.52239
0.149062 0.6184
0.123565 0.649364
0.131944 0.639175
0.0877116 0.736586
0.816134 0.135259
0.248674 0.570417
0.4778 0.329866
0.259671 0.543294
0.770161 0.175866
0.458617 0.346848
0.769354 0.185128
0.327676 0.462373
0.647158 0.217309
0.156079 0.606621
0.612318 0.236156
0.447569 0.36163
0.0874336 0.743327
0.278008 0.502814
0.110551 0.70377
0.150061 0.617609
0.155185 0.613246
0.617042 0.232644
0.182832 0.576434
0.255925 0.557452
