0.350802 0.421379
0.0901886 0.76961
0.376946 0.403164
0.112265 0.729802
0.182096 0.599813
0.518023 0.29008
0.193322 0.585912
0.182756 0.598831
0.0777685 0.781496
1.24425 0.111828
0.298747 0.48044
0.765008 0.136139
0.538366 0.279386
0.499994 0.33954
0.991361 0.131227
0.102045 0.746006
1.41322 0.11036
0.407947 0.383906
0.0861354 0.775398
0.573912 0.253339
0.561384 0.260903
0.758948 0.14177
0.0735635 0.783974
1.07066 0.11553
0.531718 0.289546
0.748022 0.148019
0.336446 0.441172
1.05222 0.125878
0.789318 0.135781
0.0929945 0.764326
0.748931 0.14718
0.293083 0.48605
0.539724 0.274975
0.995698 0.13012
0.396878 0.386104
0.1666 0.62057
0.216328 0.56084
0.291138 0.495527
0.0706609 0.788008
0.370994 0.406649
0.221716 0.555986
0.68726 0.222622
0.383427 0.396319
0.204906 0.575547
0.690979 0.214476
0.510372 0.301665
0.899822 0.134479
0.336706 0.439028
0.557151 0.262336
0.687672 0.218953
0.0699933 0.881382
0.120357 0.700522
0.28853 0.544262
0.550521 0.272278
0.12364 0.700211
0.311005 0.475762
0.390563 0.389061
0.172331 0.612023
0.330507 0.47001
0.187991 0.594818
0.727778 0.165854
0.347063 0.425846
0.553041 0.266662
0.217912 0.558158
0.369532 0.407049
0.341701 0.432362
0.731471 0.16095
0.34465 0.430306
0.50057 0.321799
0.231084 0.555153
0.584013 0.251784
0.35678 0.418064
0.166398 0.622485
0.364385 0.409852
0.626373 0.249669
0.51091 0.292282
0.313671 0.47276
0.540632 0.273947
0.210356 0.56752
0.565707 0.259162
0.176528 0.606975
0.73853 0.15436
0.107087 0.737392
0.72354 0.166183
0.307185 0.478213
0.586446 0.24975
0.389064 0.393251
0.200667 0.577642
0.317715 0.470886
0.289315 0.525464
0.117195 0.703594
0.416407 0.383752
0.500788 0.320452
0.16444 0.632974
0.163748 0.675741
0.51196 0.290561
0.0983068 0.752644
0.104815 0.740363
0.891937 0.135196
0.505485 0.311952
