0.807328 0.359158
0.484855 0.768941
0.887598 0.21871
0.907289 0.181216
0.926167 0.148086
0.867758 0.255807
0.978309 0.0698728
0.911025 0.17884
0.684221 0.542012
0.853277 0.285722
0.118251 0.990316
0.902809 0.206549
0.710188 0.522335
0.979604 0.0472112
0.833012 0.308031
0.166408 0.974827
0.774129 0.416769
0.220821 0.952543
0.190155 0.968203
0.791787 0.374725
0.929785 0.143142
0.755224 0.449577
0.875325 0.247448
0.406818 0.83913
0.287672 0.920477
0.627427 0.62089
0.000198836 1.00094
0.571745 0.689342
0.73247 0.482929
0.622838 0.622985
0.631868 0.616438
0.666584 0.571751
0.00378917 1.00016
0.724733 0.486316
0.492624 0.766948
0.801314 0.372343
0.440768 0.808734
0.846094 0.294312
0.61571 0.625457
0.868803 0.252227
0.504426 0.751403
0.578963 0.67049
0.450706 0.806017
0.960134 0.0860326
0.357927 0.873322
0.845709 0.296963
0.696286 0.524762
0.0906917 0.994945
0.738374 0.456643
0.390898 0.857726
0.770079 0.428904
0.261277 0.932824
0.775977 0.406424
0.667862 0.556822
0.5023 0.752761
0.646592 0.583464
0.534404 0.723311
0.645737 0.610025
0.0655718 0.996984
0.574227 0.684521
0.94853 0.110106
0.247576 0.942482
0.299794 0.92002
0.999324 0.0177394
0.816386 0.33506
0.861663 0.267514
0.690109 0.527297
0.979233 0.0536769
0.0281212 0.999894
0.553945 0.695328
0.914318 0.176807
0.357434 0.874893
0.282579 0.927182
0.0793921 0.995155
1.00236 0.000221263
0.542172 0.714509
0.47809 0.77533
0.154186 0.978055
0.314313 0.903358
0.316661 0.902549
0.412395 0.836438
0.593268 0.654508
0.397991 0.847709
0.809437 0.349387
0.950069 0.106431
0.781486 0.400056
0.46037 0.792611
0.168876 0.972821
0.334275 0.890183
0.518102 0.738908
0.718915 0.498886
0.342477 0.88938
0.530789 0.733131
0.129236 0.984558
0.595804 0.648959
0.21224 0.95987
1.00019 0.000301444
0.466927 0.789172
0.241199 0.9483
0.981931 0.0425206
