0.899382 0.215122
0.938726 0.122971
0.716823 0.498054
0.783056 0.38861
0.831235 0.32569
0.616016 0.635673
0.000174987 1.00135
0.224059 0.954515
0.680055 0.545183
0.478133 0.774346
0.998993 0.0185837
0.910875 0.183798
0.647494 0.583428
0.732988 0.477226
0.88055 0.22978
0.965197 0.0850496
0.503991 0.747784
0.977203 0.0775073
0.439758 0.808297
0.808899 0.3477
0.423972 0.829672
0.547057 0.713147
0.954985 0.120693
0.555182 0.700449
0.578098 0.667407
0.190357 0.969096
0.529416 0.721265
0.724537 0.484947
0.817072 0.335406
0.247265 0.940815
0.832941 0.323327
0.836567 0.306556
0.260391 0.933892
0.514206 0.746919
0.372304 0.863216
0.720503 0.492114
0.861696 0.268218
0.705151 0.512258
0.807183 0.371987
0.894281 0.217351
0.246475 0.948336
0.867331 0.254546
0.924713 0.147445
1.00024 0.000107954
0.959107 0.0871745
0.114714 0.988848
0.997221 0.0271932
0.850477 0.290574
0.218783 0.955624
0.876621 0.246006
0.667635 0.555161
0.931018 0.136052
0.914703 0.173807
0.0121071 1.00001
0.413321 0.83152
0.766017 0.433196
0.591645 0.653084
0.709524 0.509505
0.384408 0.853992
0.274688 0.930315
0.0728758 0.996937
0.334402 0.888983
0.489776 0.768142
0.602832 0.643438
0.147409 0.983272
0.742618 0.474395
0.451404 0.798776
0.476507 0.790311
0.923091 0.160939
0.549103 0.708509
0.773865 0.401919
0.992518 0.0385894
0.126324 0.986832
0.905473 0.190531
0.300461 0.915338
0.166846 0.976236
0.984004 0.0402752
0.980798 0.045059
0.107363 0.991084
0.571904 0.683244
0.86448 0.260974
0.000347755 1.00016
0.173575 0.972522
0.7471 0.443586
0.618668 0.634142
0.405202 0.850482
0.625669 0.611293
0.799118 0.385213
0.199577 0.966575
0.154138 0.978119
0.697568 0.532927
0.205537 0.962296
0.500816 0.763127
0.0818488 0.994134
0.610189 0.639676
0.354106 0.883419
0.746218 0.457068
0.283094 0.926607
0.315562 0.901909
0.91209 0.178459
