0.872634 0.243273
0.335122 0.889797
0.387772 0.854491
0.3753 0.867186
0.617549 0.632995
0.667669 0.55557
0.321955 0.905015
0.315091 0.906638
0.517003 0.735057
0.887881 0.219164
0.63113 0.615801
0.203156 0.9644
0.711109 0.511227
0.504642 0.753161
0.707738 0.51218
0.356527 0.881802
0.126733 0.987704
0.720114 0.497011
0.792575 0.388766
0.133538 0.983715
0.917643 0.159361
0.95543 0.117031
0.722907 0.484189
0.40992 0.840432
0.991437 0.0384346
0.34444 0.882679
0.451842 0.803295
0.848786 0.281961
0.678269 0.541474
0.888481 0.21239
0.972309 0.0727151
0.554423 0.694474
0.285869 0.92558
0.503249 0.756755
0.609736 0.63911
0.913378 0.173035
0.939194 0.131541
0.583756 0.667936
0.964144 0.0848546
0.81802 0.349621
0.835264 0.310151
0.444171 0.810842
0.59898 0.655134
0.48608 0.770279
0.756925 0.429358
0.306229 0.910104
0.76413 0.428483
0.000159943 1.00497
0.866593 0.264803
0.426333 0.82126
0.0117909 1.00001
0.777508 0.40135
0.221468 0.951556
0.930463 0.143963
0.813276 0.365157
0.700867 0.527947
0.00018763 1.0008
0.741413 0.461494
0.168695 0.973244
0.798024 0.372684
0.66187 0.585908
0.805523 0.368144
0.636769 0.60199
0.25128 0.9377
0.39846 0.849877
0.994061 0.0280327
0.749921 0.459403
0.734275 0.470471
0.639975 0.594563
0.819185 0.334017
0.192263 0.967003
0.390944 0.851334
1.00018 0.000106235
0.15433 0.97775
0.21825 0.9591
0.0655659 0.997592
0.491769 0.764653
0.555177 0.693117
0.0766895 0.995716
0.66646 0.571889
0.949557 0.127286
0.632653 0.611089
0.973092 0.0556128
0.606977 0.641372
0.585422 0.660186
0.425055 0.824158
0.183412 0.970267
0.57224 0.69065
0.906403 0.186925
0.957704 0.09698
0.830921 0.319454
0.754144 0.44349
0.544847 0.70952
0.543971 0.719649
0.465665 0.786957
0.880438 0.23801
0.624199 0.628683
0.0931999 0.992404
0.272365 0.93087
0.650833 0.591685
