0.916027 0.181995
0.557926 0.705077
0.899316 0.194558
0.647299 0.589304
0.815294 0.346195
0.591241 0.65303
0.984527 0.0570444
0.302708 0.910829
0.63596 0.600049
0.330197 0.905805
0.699105 0.512947
0.86399 0.266514
0.466328 0.801216
0.965911 0.080901
0.760041 0.431148
0.285888 0.922794
0.407996 0.841792
0.386738 0.860663
0.696015 0.530674
0.95041 0.101275
0.825286 0.331703
0.770611 0.414293
0.760314 0.427176
0.504983 0.746786
0.503794 0.756419
0.368841 0.871235
0.110871 0.990785
0.788623 0.393324
0.342097 0.889026
0.989646 0.0391548
0.189231 0.970992
0.747758 0.452967
0.395828 0.856117
0.728306 0.490776
0.334042 0.890133
0.994729 0.0287058
0.140409 0.982039
1.00019 0.0001043
0.259194 0.937585
0.541244 0.717513
0.411985 0.834624
0.333367 0.89926
0.881366 0.229434
0.234135 0.946081
0.107797 0.992165
0.478068 0.784962
0.878989 0.238032
0.615879 0.626088
0.534476 0.723371
0.438671 0.809829
0.847176 0.29334
0.885853 0.226375
0.623082 0.621903
0.867259 0.254962
0.000177004 1.0006
0.566208 0.680453
0.837015 0.306722
0.925452 0.146596
0.491525 0.767574
0.426783 0.820109
0.709291 0.500547
0.740776 0.469568
0.287522 0.920378
0.521509 0.745498
0.899038 0.205081
0.475702 0.789464
0.902116 0.192673
0.482379 0.77498
0.377418 0.861113
0.632925 0.602288
0.188315 0.974681
0.00968505 1.00001
0.206207 0.959819
0.935259 0.141135
0.605658 0.650941
0.722777 0.492139
0.260755 0.934034
0.543341 0.707641
0.949238 0.10657
0.667737 0.5559
0.0637392 0.997955
0.741098 0.455953
0.451459 0.802357
0.661656 0.572111
0.801135 0.375828
0.802008 0.361667
0.228986 0.956168
0.991005 0.0369881
0.924929 0.147658
0.779053 0.406931
0.371356 0.86672
0.0886663 0.994691
0.946148 0.120645
0.0819104 0.996273
0.164376 0.977518
0.966141 0.0682974
0.875958 0.243998
0.835358 0.324601
0.124048 0.987658
0.531176 0.736877
