0.0520799 0.950146
0.837358 0.247682
0.100682 0.902599
0.100006 0.919737
0.850068 0.152286
0.154004 0.85
0.00196213 1
0.104396 0.9
0.200085 0.802135
0.0541965 0.950034
0.300001 0.713514
0.150002 0.855207
0.257542 0.75
0.55 0.469889
0.203851 0.800085
0.206131 0.800009
0.400001 0.605538
0.401819 0.600227
0.307792 0.7
0.30549 0.7
0.4 0.618552
0.255151 0.75
0.250001 0.750327
0.55 0.467969
0.4 0.609684
0.552312 0.45001
0.7 0.304536
0.75 0.255466
0.203001 0.801079
0.55 0.460842
0.762616 0.250002
1.12524 0.00210974
0.403161 0.6
0.7 0.30776
0.100821 0.900001
0.557192 0.450001
0.60412 0.400001
0.781389 0.250002
0.553925 0.450006
0.6 0.40933
0.622785 0.4
0.300382 0.700046
0.200022 0.815988
0.854136 0.150001
0.712428 0.300001
0.85 0.154492
0.00388235 1
0.55 0.456762
0.75 0.265817
0.300001 0.73317
0.755284 0.253201
0.4 0.624511
0.150001 0.861581
0.75 0.290994
0.6 0.410429
0.250001 0.750002
0.85 0.163443
0.25 0.773242
0.200024 0.804731
0.600033 0.401403
0.152402 0.850042
0.7 0.319578
0.701324 0.300528
0.906529 0.100001
0.300001 0.725677
0.301407 0.7
0.609975 0.4
0.9 0.103697
0.70766 0.300001
0.6 0.402783
0.55 0.473885
0.409864 0.6
0.916504 0.100001
0.4 0.613102
0.55 0.453486
0.406266 0.6
0.885209 0.150001
0.85 0.156854
0.85 0.161892
0.6 0.415891
0.85 0.171542
0.75 0.294673
0.6 0.403937
1.0011 9.47873e-05
0.4 0.630666
0.7 0.301404
0.759347 0.253137
0.860912 0.150001
1 0.615007
0.7 0.311232
9.09219e-05 1
0.300266 0.70599
0.9 0.102761
1 8.92943e-05
0.758186 0.253139
0.717938 0.300001
1.36011 8.92943e-05
0.783592 0.25004
9.89019e-05 1
0.860747 0.150001
