0.00195207 1
0.101947 0.900005
0.801692 0.200005
0.401506 0.600378
0.5 0.511324
0.355912 0.65
0.154094 0.85
0.100027 0.909204
0.255204 0.75
0.103727 0.9
0.100001 0.919952
0.205005 0.8
0.400005 0.604863
0.25 0.774513
0.35111 0.650614
0.250006 0.750017
0.5 0.514194
0.359301 0.65
0.500004 0.502251
0.721294 0.330105
0.600001 0.401787
0.619304 0.4
0.252544 0.750002
0.502154 0.5
0.719819 0.369374
0.250005 0.761812
0.200104 0.801348
0.48888 0.583926
0.330921 0.735808
0.150306 0.853016
0.35 0.677299
0.35 0.660797
0.85 0.153761
0.00357898 1
0.342572 0.735204
0.400002 0.608901
1 0.41951
0.400002 0.612705
0.924258 0.133131
0.738056 0.327342
0.402996 0.6
0.150001 0.866583
0.754181 0.250001
1 0.0070555
0.503967 0.5
0.604363 0.4
0.152882 0.85
0.719835 0.363973
0.409733 0.6
0.75 0.25459
0.609754 0.4
0.719958 0.344381
0.726576 0.328804
0.720044 0.337825
0.721256 0.332602
0.406348 0.6
0.923596 0.138033
0.8 0.204372
0.6 0.402542
0.500001 0.507023
0.350002 0.655893
0.85 0.163401
0.353056 0.650001
0.855971 0.150506
0.250005 0.75614
0.25 0.791065
0.923582 0.145253
0.75 0.257427
0.35 0.664844
0.75 0.265939
0.95 0.0589461
0.85 0.166412
0.6 0.409474
0.85 0.177365
0.850014 0.152812
0.719966 0.339491
0.8 0.206263
0.95 0.0553559
0.150001 0.862445
0.8 0.208836
0.488432 0.587925
0.750003 0.250005
0.719956 0.357573
0.924998 0.132435
0.924246 0.134191
0.95 0.0534209
0.95 0.069801
0.958518 0.0525611
0.770842 0.250001
0.506151 0.5
5.79024 5.54949
1 0.196927
0.750008 0.250002
1 9.81219e-05
0.85 0.159459
0.862217 0.150067
0.804932 0.200004
1.27392 0.0232095
6.78564e-05 1
0.200001 0.803283
