0.00175633 1
0.102145 0.902438
0.202506 0.8
0.300015 0.70746
0.0541332 0.95
0.95015 0.0521225
0.406108 0.6
0.200003 0.801998
0.308077 0.700001
0.0521978 0.963731
0.379045 0.666017
0.372299 0.666045
9.16008e-05 1
0.300015 0.73365
0.656871 0.350003
0.305695 0.700009
0.706456 0.300003
0.104035 0.9
0.183465 0.854089
0.374457 0.666033
0.850001 0.15637
0.400001 0.608678
0.963784 0.0515415
0.370502 0.676087
1 6.9648e-05
0.0524179 0.957136
0.900004 0.121697
0.203048 0.8
0.8 0.211639
0.900004 0.120266
0.300717 0.700427
0.401805 0.600026
0.854306 0.150073
0.507912 0.500001
1 0.00262153
0.65 0.361977
0.313331 0.700001
0.905033 0.103347
0.900006 0.106165
0.95 0.0572089
0.781693 0.250056
0.850001 0.151828
0.5 0.510901
0.8 0.207542
0.178792 0.865904
0.397561 0.665488
0.900005 0.11338
0.800382 0.201594
0.750033 0.256492
0.181868 0.856388
0.8 0.205025
0.7 0.311377
0.408918 0.6
0.400003 0.605133
0.550001 0.453431
0.403272 0.6
0.7 0.319938
0.750006 0.293845
0.65 0.355278
0.935981 0.102848
0.650004 0.351147
0.806134 0.200001
0.55 0.464318
0.5 0.524046
0.376395 0.666031
0.503142 0.500004
0.750006 0.266535
0.750132 0.254917
0.5 0.507997
0.65 0.370873
0.503668 0.500002
0.774111 0.250061
0.900006 0.104446
0.550008 0.45241
0.554034 0.45
0.300014 0.742332
0.751091 0.250215
0.95 0.0622303
0.7 0.307223
1 0.00758121
0.800948 0.200001
0.700003 0.300546
0.700003 0.301103
0.850001 0.164011
0.7 0.305163
0.95 0.0541947
0.858111 0.150001
0.660791 0.350001
0.500004 0.503809
0.515214 0.500001
0.370498 0.684684
0.650001 0.352976
0.387238 0.666017
0.55 0.455977
0.412636 0.6
0.750775 0.250218
0.680368 0.350001
0.370498 0.679524
0.301533 0.700186
0.400001 0.614361
