0.858138 0.170717
0.276473 0.73664
0.278597 0.731537
0.333056 0.668421
0.882111 0.166975
0.337314 0.667008
0.317397 0.693992
0.292476 0.731501
0.306026 0.699188
0.276472 0.789961
0.421648 0.619316
0.556764 0.510343
0.784421 0.216861
0.276472 0.837354
0.943361 0.0687967
0.276472 0.756873
0.79032 0.215372
0.459002 0.548566
0.308791 0.693994
0.549978 0.510343
0.280703 0.731501
0.359143 0.667005
0.931446 0.119785
0.276472 0.744164
0.429091 0.617495
0.530596 0.543555
0.784389 0.225342
0.451437 0.552137
0.999722 0.00587234
0.858178 0.16897
0.421626 0.641809
0.78439 0.22363
0.451435 0.56774
0.421629 0.621086
0.306652 0.695544
0.772671 0.259191
0.799977 0.215285
0.32875 0.693992
0.943275 0.0697687
0.972771 0.0320589
0.332996 0.669982
0.29515 0.731501
0.548454 0.522657
0.858138 0.17782
0.339936 0.667006
0.451435 0.555742
0.900465 0.125092
0.45292 0.548567
0.900463 0.132078
0.526288 0.544515
0.517743 0.545663
0.421626 0.633274
0.533855 0.543404
0.943274 0.075139
0.522983 0.545165
0.972771 0.0297431
0.773628 0.254475
0.9548 0.0657415
0.943274 0.0796546
0.784392 0.220452
0.900472 0.124624
0.999719 0.0077166
0.519147 0.545493
0.355299 0.667006
0.276472 0.78008
0.858137 0.180709
0.310863 0.693994
0.30601 0.706676
0.954655 0.0669131
0.772671 0.329763
0.900463 0.139241
0.426255 0.617911
0.455815 0.548566
0.822764 0.215282
0.773623 0.257307
0.931442 0.12204
0.858138 0.173324
0.999724 0.00221266
0.858137 0.213883
0.314141 0.693992
0.784393 0.218659
7.69803e-05 1
1 0.890037
0.548455 0.513843
0.900464 0.126869
1.56972 9.51223e-05
1 5.71898e-05
0.886383 0.166873
8.06189 7.55772
0.361767 0.667005
2.54296 9.78248e-05
0.360587 0.667005
1 0.287502
0.954657 0.0658202
1.59727 9.36299e-05
0.972771 0.0417989
0.973798 0.0295517
0.85814 0.1946
0.887977 0.166889
0.812131 0.215619
