0.368277 0.642548
0.257414 0.753316
0.00199365 1.01851
0.260757 0.742572
0.25745 0.746702
0.257412 0.763007
0.25741 0.785278
0.333895 0.686181
0.419876 0.592437
0.351887 0.674577
0.25741 0.792987
0.333398 0.691243
0.0154467 1.00797
0.347599 0.681664
0.348082 0.675065
0.262027 0.742571
0.370558 0.632308
0.258116 0.742577
0.369492 0.632917
0.753295 0.295694
0.378858 0.631769
0.753947 0.247622
0.753295 0.27802
0.347601 0.67639
1.00017 0.0186768
0.333398 0.697142
0.424407 0.580015
0.419875 0.614188
0.368323 0.638004
0.507125 0.518417
0.753295 0.250942
0.374655 0.631997
0.419875 0.610409
0.454615 0.559883
0.454519 0.562744
0.842741 0.1739
0.25741 0.923484
0.840549 0.17861
0.840555 0.174694
0.0142144 1.008
0.460147 0.559858
0.355341 0.674577
0.76868 0.246682
0.999967 0.0250179
0.507125 0.531488
0.753295 0.283524
0.466116 0.559858
0.764323 0.246691
1.01418 0.00970338
0.370015 0.632416
0.840507 0.187427
1.01418 0.0132224
0.454411 0.567329
0.507856 0.507068
0.368275 0.655806
0.753295 0.259646
0.257411 0.765203
0.41992 0.582798
0.787568 0.246682
0.852185 0.153371
0.419875 0.600972
0.860252 0.147861
0.951826 0.0777614
0.840507 0.188688
0.454361 0.57672
0.923874 0.0791839
0.42024 0.58015
0.852185 0.157306
0.852184 0.162768
0.515043 0.507068
0.507132 0.510692
0.419875 0.597109
0.852185 0.155641
0.852184 0.159502
0.335859 0.685162
0.932016 0.0786242
0.755264 0.2467
0.840552 0.176987
0.343406 0.685155
0.000153752 1.01859
0.872729 0.147809
0.999967 0.0212037
1.01418 0.0153656
0.456609 0.55986
0.982984 0.077623
0.923874 0.101158
0.923874 0.0903752
0.509353 0.507068
0.507125 0.535476
0.999967 0.0293215
1.01418 0.0116768
1.0142 0.00806847
1.0142 0.00805212
0.999967 0.0315843
1.0142 1.25901
0.852308 0.149026
1.5941 0.00806463
1.0142 1.02569
0.383727 0.639703
0.33363 0.705101
