0.690264 0.310269
0.372226 0.62802
0.679055 0.32134
0.311204 0.688864
0.464286 0.535742
0.443759 0.556659
0.270353 0.729792
0.0819064 0.918206
0.79372 0.207954
0.587352 0.413041
0.566584 0.433517
0.852646 0.14791
0.525553 0.474698
0.922245 0.0779658
0.535879 0.464228
0.956487 0.0439743
0.362111 0.637957
0.393035 0.60713
0.628726 0.371951
0.108029 0.892018
0.351937 0.648203
0.506209 0.494129
0.911447 0.0907566
0.81155 0.188598
0.290078 0.710157
0.576513 0.423578
0.321407 0.678799
0.896998 0.104037
0.516318 0.484111
0.0198875 0.980311
0.219384 0.780761
0.967034 0.0339201
0.743781 0.258808
0.138074 0.862012
0.413137 0.587015
0.999985 8.88229e-05
0.884469 0.116042
0.658277 0.342169
0.38273 0.617326
0.729763 0.270308
0.128069 0.872048
0.331549 0.668579
0.341689 0.658619
0.495305 0.50492
0.782261 0.218492
0.00012964 1
0.934158 0.0660234
0.101977 0.898317
0.0659965 0.934073
0.0300287 0.970069
0.984075 0.0179209
0.709539 0.290556
0.209152 0.79098
0.638022 0.362129
0.424146 0.57639
0.842196 0.158024
0.777151 0.227239
0.158127 0.84192
0.973016 0.0278066
0.608431 0.392002
0.249963 0.750157
0.751355 0.249417
0.403009 0.597045
0.862818 0.137387
0.874773 0.126034
0.188818 0.811417
0.700563 0.300232
0.48463 0.515462
0.802983 0.197351
0.0119331 0.98826
0.760969 0.239227
0.260105 0.740019
0.035936 0.964132
0.994904 0.00539606
0.178586 0.821435
0.454379 0.545846
0.945732 0.055795
0.61762 0.382572
0.300754 0.699378
0.557082 0.443302
0.668647 0.331471
0.147974 0.852072
0.47411 0.526006
0.648768 0.35163
0.0459691 0.954247
0.433442 0.566826
0.118026 0.882035
0.719431 0.280643
0.0739638 0.92608
0.229609 0.770515
0.198974 0.801059
0.239692 0.760463
0.821445 0.178586
0.546486 0.454026
0.0560308 0.944021
0.168055 0.832025
0.597532 0.402862
0.0940972 0.906606
0.280581 0.719487
0.831648 0.168373
