0.536338 0.464069
0.90541 0.0960824
0.290512 0.709635
0.0198027 0.980283
0.219383 0.780624
0.423607 0.576502
0.668796 0.33136
0.7929 0.208024
0.443466 0.557086
0.957046 0.0437163
0.454369 0.5459
0.842541 0.157918
0.56762 0.433163
0.880071 0.121322
0.699568 0.300638
0.260174 0.73986
0.853103 0.147282
0.771426 0.229031
0.403063 0.596938
0.525864 0.474337
0.362151 0.637933
0.474186 0.525977
0.168359 0.831663
0.045922 0.954109
0.270392 0.729656
0.125977 0.874183
0.934903 0.0660036
0.0820424 0.918181
0.814014 0.186227
0.25 0.750037
0.988106 0.013936
0.720584 0.27995
0.092007 0.908012
0.239789 0.760242
0.300895 0.699323
0.504616 0.495732
0.0738834 0.926163
0.924437 0.0759567
0.710494 0.290015
0.229587 0.770461
0.977154 0.0239937
0.331615 0.668393
0.0632957 0.936706
0.871166 0.130189
0.463633 0.536922
0.0359904 0.964039
0.0559535 0.944055
0.209185 0.790959
0.608324 0.392263
0.762939 0.23853
0.637729 0.36253
0.158161 0.841846
0.742016 0.258822
0.782526 0.218086
0.17855 0.821492
0.515177 0.484923
0.577373 0.42316
0.999973 8.5184e-05
0.586669 0.413827
0.495122 0.505007
0.188781 0.811241
0.0117429 0.988808
0.546397 0.453956
0.598033 0.402425
0.863938 0.136691
0.352025 0.648
0.894259 0.106138
0.65909 0.341256
0.147998 0.852012
0.102109 0.897942
0.689382 0.310841
0.108029 0.891974
0.945828 0.0560488
0.55593 0.444457
0.372255 0.627889
0.117355 0.882702
0.628517 0.371886
0.000100441 1
0.138015 0.86207
0.750307 0.249895
0.280423 0.719649
0.822595 0.177815
0.970462 0.0308952
0.382874 0.617279
0.681391 0.320003
0.433178 0.567041
0.413225 0.586841
0.321442 0.678582
0.833802 0.166763
0.649484 0.351224
0.802738 0.197281
0.392977 0.607093
0.618695 0.382086
0.341758 0.658397
0.0298965 0.970164
0.311144 0.689312
0.917137 0.0840074
0.484482 0.515708
0.734962 0.269092
0.19814 0.801887
