0.945561 0.0558856
0.88413 0.116462
0.434342 0.565993
0.853921 0.146742
0.730755 0.269764
0.82235 0.178134
0.587589 0.412806
0.0460418 0.954087
0.535739 0.464262
0.0199397 0.980174
0.862694 0.137499
0.138061 0.86203
0.751037 0.249426
0.290812 0.709322
0.55621 0.444343
0.403235 0.596855
0.158153 0.841868
0.771483 0.229062
0.811393 0.188716
0.973372 0.0278766
0.516198 0.484243
0.60761 0.39264
0.127828 0.87227
0.628146 0.372145
0.71025 0.290257
0.874736 0.126117
0.958969 0.041489
0.46406 0.536066
0.280369 0.719789
0.341794 0.658417
0.239811 0.76032
0.311098 0.689039
0.100118 0.899968
0.745431 0.25753
0.0119628 0.988272
0.178578 0.821459
0.188731 0.811324
0.525111 0.475211
0.987125 0.013798
0.505998 0.494576
0.679054 0.321223
0.792594 0.208125
0.618302 0.38233
0.894521 0.106191
0.109983 0.890185
0.782043 0.218427
0.483748 0.516785
0.904408 0.0960781
0.832412 0.168088
0.0740523 0.926053
0.999998 9.23044e-05
0.577113 0.423356
0.720526 0.280121
0.209224 0.790793
0.638454 0.36198
0.658749 0.341481
0.0560395 0.944043
0.801421 0.198811
0.494834 0.505796
0.443897 0.556126
0.0839457 0.916239
0.352103 0.648001
0.760696 0.239498
0.566838 0.433407
0.148018 0.852068
0.372214 0.628055
0.21959 0.78056
0.701984 0.299834
0.321486 0.678622
0.38256 0.617546
0.412989 0.587363
0.000115991 1
0.475309 0.52525
0.331868 0.668309
0.844395 0.156197
0.199007 0.801024
0.260058 0.740142
0.118087 0.882037
0.45394 0.546148
0.392502 0.607796
0.0660271 0.934101
0.934091 0.0659767
0.915537 0.0859414
0.423419 0.576844
0.270361 0.729737
0.362045 0.638144
0.229557 0.770507
0.689841 0.310433
0.0357703 0.964351
0.967771 0.0340216
0.669317 0.331035
0.0298993 0.970361
0.249975 0.750145
0.92214 0.0780111
0.598193 0.402414
0.0919898 0.908243
0.648292 0.351821
0.300982 0.699182
0.546464 0.453931
0.168401 0.831652
