0.730056 0.270169
0.121963 0.878198
0.811268 0.188752
0.944363 0.0560171
0.219408 0.780745
0.331621 0.668509
0.740852 0.25961
0.854232 0.146753
0.209164 0.790939
0.63884 0.361788
0.454086 0.545927
0.44493 0.555439
0.270365 0.72975
0.137774 0.862305
0.362164 0.637908
0.0412326 0.958939
0.546168 0.453951
0.198967 0.801123
0.0662276 0.934055
0.999989 9.85308e-05
0.260147 0.739909
0.894047 0.106269
0.924129 0.075986
0.956606 0.0441067
0.719584 0.280512
0.311225 0.68888
0.229567 0.770535
0.966996 0.0340255
0.433541 0.566668
0.710423 0.290363
0.678345 0.321867
0.976897 0.0236386
0.0219929 0.978181
0.280569 0.719574
0.178598 0.821512
0.0765071 0.92353
0.792125 0.208375
0.474247 0.526097
0.841975 0.158095
0.669149 0.331167
0.587031 0.413105
0.4137 0.586528
0.103811 0.896299
0.567536 0.43281
0.516723 0.483794
0.77113 0.229247
0.576524 0.423512
0.114098 0.886136
0.403624 0.596753
0.801522 0.198769
0.382241 0.618095
0.0938972 0.906188
0.321425 0.678657
0.761878 0.238696
0.821511 0.178535
0.750643 0.249684
0.000116753 1
0.249991 0.750248
0.55614 0.444453
0.781722 0.218671
0.689176 0.311032
0.168319 0.831735
0.862173 0.137902
0.463721 0.536812
0.525759 0.474311
0.239685 0.760403
0.300963 0.699205
0.484152 0.51623
0.0561016 0.943979
0.875263 0.126379
0.607764 0.392492
0.536645 0.463835
0.127729 0.872532
0.0320125 0.968099
0.148006 0.852052
0.506326 0.494352
0.915194 0.0857914
0.290842 0.709177
0.494916 0.505088
0.0841728 0.915935
0.372441 0.627589
0.617476 0.382589
0.188742 0.811377
0.989229 0.0119935
0.0120481 0.988231
0.597233 0.402904
0.831862 0.16825
0.659207 0.341274
0.0481471 0.95206
0.341828 0.658205
0.648433 0.351819
0.904774 0.0959996
0.884129 0.116186
0.934202 0.0660013
0.351974 0.648124
0.700155 0.300264
0.158163 0.841874
0.423071 0.577539
0.628362 0.372204
0.392505 0.607694
