0.153079 0.774028 0.619668
0.620309 0.786061 0.0257366
0.957898 7.16046e-05 0.287197
0.492145 0.874029 0.0281473
0.245039 0.289526 0.929453
0.143966 0.598305 0.796365
0.541351 0.550059 0.72884
0.251372 0.969256 0.00706908
0.824815 0.72409 4.08578e-06
0.387053 0.87488 0.379132
0.388792 7.98245e-05 0.921418
0.864253 7.68401e-05 0.503281
0.840915 6.52409e-05 0.541193
0.759681 0.650825 0.0491871
0.791245 0.453285 0.442377
0.436529 0.381818 0.817504
0.884186 0.0329022 0.467175
0.146499 0.873057 0.521497
0.735171 0.680414 0.0318535
0.580912 0.0447431 0.814013
0.521046 0.829994 0.205835
0.485994 9.47982e-05 0.874048
0.422745 0.664326 0.65669
0.988406 8.41138e-05 0.151931
0.305314 0.9042 0.312653
0.59787 0.481489 0.657448
0.686283 0.743427 0.0496888
0.706866 0.710187 0.0784661
0.904092 0.427222 0.0948592
0.733063 0.0439834 0.68022
0.931529 0.372936 0.0264242
0.759224 9.263e-05 0.650929
0.642855 0.350994 0.704317
0.142344 0.937947 0.341225
0.921358 9.34981e-05 0.388808
0.0488084 0.825864 0.572945
0.60592 0.608614 0.547077
0.904491 5.15877e-05 0.426552
0.785792 0.627589 0.0278169
0.950342 0.316181 0.0166939
0.163251 0.987284 0.0195596
0.65387 0.76569 0.00552374
0.671627 0.332235 0.671586
0.485703 0.728884 0.554678
0.340923 9.48048e-05 0.940215
0.79251 7.53548e-05 0.609949
0.852731 0.524088 0.0192551
0.959951 0.523219 3.98016e-05
0.711647 0.59381 0.428822
0.335715 0.520816 0.807525
7.01077e-05 1 9.89392e-05
0.281423 0.676267 0.686683
0.707019 7.68401e-05 0.707445
0.211863 6.69374e-05 0.977379
0.654645 9.84781e-05 0.756013
0.513458 0.795069 0.343139
0.324829 0.776417 0.566848
0.699073 0.525315 0.520901
0.506487 0.0391512 0.863773
0.777896 0.51327 0.404429
7.72312e-05 9.39183e-05 1
0.927851 0.292586 0.238511
0.739849 0.457018 0.509141
0.0450693 0.317606 0.950797
0.644863 0.64579 0.411008
0.312358 0.320516 0.902827
0.555052 8.56736e-05 0.831896
0.351319 0.936985 0.039422
0.44948 0.583133 0.699036
0.266474 0.822993 0.508628
0.973044 7.86287e-05 0.230709
0.816541 0.58051 0.0321355
0.0408895 0.402115 0.917876
0.0484536 0.555289 0.833021
0.85508 0.427314 0.306619
0.979355 0.204624 0.0263435
0.58005 0.818036 0.0406626
0.44354 0.830855 0.346385
0.680229 0.0294457 0.73303
0.0372601 0.981594 0.203255
0.583188 0.741079 0.340317
0.939713 9.83143e-05 0.342055
0.816921 0.039264 0.576879
0.346021 0.695466 0.637078
0.0298335 0.750348 0.665247
0.041676 0.943352 0.370917
0.0445792 0.449582 0.89731
0.869617 0.461231 0.201898
1 9.6038e-05 7.39387e-05
0.132362 0.203249 0.976182
0.89046 0.294836 0.365785
0.535165 0.654784 0.536432
0.287431 9.36915e-05 0.95789
0.446927 6.38648e-05 0.894662
0.410145 0.912183 0.0445795
0.607879 7.7465e-05 0.794125
0.210938 0.493633 0.85107
0.197398 0.90718 0.401049
0.154804 8.02686e-05 0.987993
0.0984611 0.647474 0.758965
