0.356561 0.134613 0.526305
0.242608 0.0690496 0.697896
0.787249 0.153601 0.0692264
0.463289 0.0233093 0.534578
0.649364 0.23413 0.135618
0.136772 0.403416 0.477671
0.548821 0.0316935 0.451048
0.0939108 0.439787 0.472223
0.168632 0.734279 0.101179
0.0312504 0.0663307 0.933268
0.23776 0.650293 0.135217
0.700511 0.0649305 0.245257
0.44676 0.139253 0.454295
0.104332 0.839515 0.0699355
0.219071 0.0915175 0.73063
0.502317 0.0646594 0.442492
0.537065 0.242895 0.286424
0.711077 0.135136 0.169239
1 6.89989e-05 0.000115072
0.388787 0.0339712 0.593614
0.101925 0.272182 0.638712
0.069928 0.660613 0.281014
0.0346671 0.888145 0.0989488
0.0859009 0.69127 0.242055
0.102543 0.48859 0.418334
0.019446 0.962254 0.0343329
0.561033 0.168377 0.277795
0.0344819 0.333904 0.660359
0.17122 0.467732 0.387691
0.838223 0.0338876 0.13365
0.164391 0.450482 0.404008
0.10452 0.24405 0.674756
0.0326959 0.242148 0.757845
0.029817 0.386791 0.587118
0.135143 0.377249 0.503361
0.0234443 0.465546 0.535938
8.91154e-05 1 0.000106702
0.0620916 0.557165 0.382859
0.839068 0.141895 0.0333252
0.10201 0.612466 0.306569
0.202687 0.526546 0.305641
0.204599 0.614798 0.188215
0.490063 0.173499 0.347107
0.211079 0.550807 0.269099
0.62697 0.20727 0.168433
0.793069 0.0614799 0.169939
0.491035 0.102016 0.415631
0.0284959 0.177544 0.81074
0.469089 0.217147 0.384403
0.943734 0.0329475 0.0335622
0.10492 0.305918 0.604293
0.137596 0.347268 0.543961
0.610248 0.0265636 0.378823
0.164907 0.414042 0.451808
0.238162 0.682542 0.0907408
0.0193762 0.514844 0.471332
0.699109 0.264954 0.0697392
0.0223181 0.275647 0.721328
0.26832 0.10032 0.658718
0.273987 0.724529 0.0349458
0.875231 0.0336634 0.103567
0.315971 0.0309971 0.669736
0.0687306 0.7665 0.173316
0.908736 0.0686131 0.0321457
0.425054 0.103634 0.48094
0.177979 0.0173717 0.818041
0.244567 0.568964 0.241933
0.102948 0.031647 0.887197
0.326897 0.107834 0.570754
0.549754 0.100024 0.356092
0.664986 0.0617116 0.279383
0.51772 0.205104 0.310462
0.177245 0.612003 0.212599
0.0335952 0.827622 0.173187
0.389209 0.156415 0.494891
0.0195669 0.75097 0.238977
0.19778 0.591576 0.214679
0.0279358 0.137851 0.859176
0.205458 0.0135044 0.787614
0.14488 0.514431 0.347976
0.686617 0.21364 0.102471
0.210614 0.486823 0.355294
0.205561 0.629598 0.17199
0.239999 0.701536 0.0677388
0.752216 0.128074 0.136357
0.294704 0.104908 0.608436
0.183159 0.430096 0.42998
0.590099 0.240207 0.213246
0.724077 0.031199 0.27591
0.101695 0.217619 0.711749
0.101686 0.885761 0.0340462
0.208918 0.798287 0.0296032
0.000108202 0.000106454 0.999974
0.728014 0.25219 0.0329972
0.778341 0.0305973 0.212053
0.0228073 0.639523 0.355297
0.650422 0.0211475 0.343442
0.573397 0.189372 0.244182
0.168011 0.545543 0.30768
0.0747557 0.796662 0.136696
