0.167236 0.710998 0.133578
0.252356 0.730564 0.0348508
0.544985 0.0315825 0.448582
0.239754 0.686629 0.0914991
0.211649 0.0988078 0.72463
0.395387 0.134599 0.474776
0.0289161 0.885276 0.10327
0.772696 0.0340759 0.210428
0.0267934 0.0681804 0.941548
0.0288959 0.390159 0.591194
0.0993204 0.74899 0.170525
0.72749 0.252464 0.0326421
0.028488 0.57084 0.428227
0.134917 0.345801 0.539647
0.0638711 0.816125 0.132554
0.10265 0.0197691 0.891885
0.570478 0.238908 0.247287
0.0675085 0.197621 0.739204
0.820284 0.101938 0.0960376
0.935847 0.0335391 0.033156
0.031346 0.676495 0.311563
0.249516 0.620323 0.179184
0.702697 0.114246 0.210863
0.552645 0.206672 0.276688
0.296372 0.100006 0.612349
0.0962432 0.447793 0.462093
0.800209 0.215602 0.0342379
0.307516 0.0151308 0.683017
0.60574 0.0244773 0.379242
0.748913 0.101259 0.168951
0.0268298 0.629378 0.349463
0.428752 0.203878 0.428838
0.563203 0.097903 0.341641
0.0225869 0.274937 0.722177
0.262015 0.701109 0.0690972
0.0208109 0.515382 0.468994
0.532492 0.0468692 0.426025
0.214185 0.570888 0.240575
0.590418 0.241297 0.213108
0.00806686 0.964661 0.0344377
0.342434 0.0303352 0.651523
0.169887 0.462731 0.383516
0.880565 0.033431 0.0992486
0.207616 0.0103526 0.787661
0.100507 0.499928 0.401273
0.139372 0.532831 0.330482
0.312335 0.13629 0.584757
0.168477 0.735451 0.101186
0.103379 0.276537 0.63176
0.030751 0.137801 0.863481
0.697817 0.0346517 0.278035
0.657235 0.103185 0.243984
0.382888 0.0693991 0.557117
0.699299 0.278483 0.0687898
0.23893 0.066949 0.704547
0.882812 0.0906529 0.0335255
6.63929e-05 0.999994 9.16593e-05
0.170889 0.414474 0.449363
0.621493 0.207606 0.171721
0.142022 0.0676072 0.817034
0.411417 0.139276 0.453082
0.517444 0.177224 0.310362
0.686116 0.214357 0.103352
0.842788 0.0334878 0.134493
0.00459218 0.20864 0.800979
0.0911872 0.693929 0.242106
0.100846 0.616331 0.290522
0.137674 0.312739 0.588218
0.483846 0.0692326 0.480937
0.0321412 0.316327 0.66442
0.135644 0.808136 0.0677222
0.490338 0.210093 0.346632
0.202394 0.520507 0.309481
0.168092 0.443709 0.410738
1 9.82451e-05 0.000103946
0.0951907 0.873686 0.0337653
0.440916 0.0175157 0.549506
0.646201 0.0289572 0.340627
0.170372 0.629057 0.209081
0.0666636 0.169633 0.774479
0.0268539 0.779898 0.203292
0.104529 0.244612 0.676588
0.446834 0.148578 0.407161
0.465553 0.155234 0.381278
0.199562 0.551401 0.268693
0.609696 0.123068 0.273921
0.175521 0.0981995 0.77249
0.993454 0.000115314 0.00788336
0.355884 0.133369 0.528537
0.170788 0.393717 0.475098
0.23438 0.650575 0.134995
0.649966 0.238675 0.134324
0.311238 0.668963 0.109311
0.205775 0.484964 0.353944
7.18655e-05 0.000116188 1
0.252138 0.0999902 0.670461
0.269185 0.591343 0.213137
0.024322 0.745135 0.237311
0.784994 0.0857112 0.135965
0.0649211 0.424618 0.533458
