0.357621 1.80801 0.140765
0.590222 1.22653 0.126369
0.63643 0.528776 1.28492
0.069464 3.55677 0.457176
0.868105 0.158142 1.79662
1.21033 0.304994 0.345815
0.253733 1.18122 1.48491
0.858615 0.594805 0.636375
0.412467 0.761524 1.53736
0.49833 1.05952 1.06187
0.60734 0.924697 0.834917
0.571311 0.169888 2.47616
1.32644 0.0697062 1.31373
0.252771 1.35459 1.28244
0.069464 1.19913 3.18265
0.838484 0.294409 1.29145
0.178365 0.82941 2.47616
1.85565 0.0696425 0.267577
0.156332 2.86797 0.0697508
2.0314 0.0696601 0.0696601
0.795681 0.628959 0.836177
1.7268 0.125953 0.0694831
0.236774 2.24633 0.150036
0.244637 2.01259 0.505938
0.624295 0.344324 1.90911
0.069464 2.27817 1.81677
0.330145 0.0696612 3.90407
0.763442 0.242564 1.72162
0.52368 1.28852 0.2578
1.31141 0.201737 0.568593
0.425303 0.179594 2.94686
0.689814 0.395974 1.3805
0.257072 1.79868 0.913783
0.7003 0.870921 0.460867
0.413916 1.6429 0.13762
0.903618 0.221051 1.32532
0.069464 3.32985 0.884159
0.167049 1.61987 1.3307
0.229657 0.0699238 4.66172
0.069464 1.5933 2.48434
1.06226 0.146093 1.28492
0.516201 1.52818 0.0696106
0.677323 1.05767 0.124474
0.169571 2.25946 0.761158
0.182012 0.669836 2.66386
1.16371 0.272858 0.74439
0.647266 1.23652 0.0696341
0.447636 1.36571 0.519658
0.474014 0.797452 1.28244
0.280757 0.511381 2.50859
0.069464 4.02311 0.0698593
1.58872 0.126899 0.177927
0.377567 0.378952 2.47844
0.423988 1.30066 0.881992
1.47441 0.177967 0.16634
0.30788 2.14625 0.0697006
0.329828 1.64032 0.676472
0.069464 0.450727 4.4994
0.835641 0.704055 0.334258
0.455768 0.555928 1.99313
1.05078 0.347993 0.836177
0.986438 0.691855 0.0696035
0.069464 3.77776 0.15846
0.822035 0.0697722 2.48045
1.17102 0.0695741 1.78177
0.175002 1.3356 1.8176
0.821814 0.820744 0.120966
0.808031 0.947342 0.0696279
0.552317 1.10641 0.585607
0.197777 0.453924 3.29876
0.362105 0.751945 1.91764
0.947472 0.468078 0.739777
0.767726 0.883497 0.150086
1.35241 0.235982 0.208648
0.304187 1.88114 0.299124
1.42339 0.13816 0.645832
0.676884 0.069815 2.87935
0.271516 0.978916 1.89765
0.069464 0.069464 6.06946
1.05868 0.491531 0.172215
1.08929 0.410819 0.334961
1.16479 0.389856 0.169442
0.335838 1.04218 1.3307
1.18273 0.471457 0.0696135
0.650608 1.00841 0.308795
0.37723 1.59191 0.422782
0.918494 0.65211 0.177313
0.976089 0.550779 0.2578
0.387741 0.272366 2.65978
0.577789 0.476235 1.57107
0.760135 0.761665 0.513119
0.161239 2.55075 0.253304
1.73804 0.0696306 0.676425
0.539751 0.617724 1.34567
1.50168 0.226018 0.0695939
1.27014 0.325 0.117903
0.069464 2.59297 1.3307
0.297748 0.297954 3.14992
0.465021 1.46253 0.195825
0.161392 0.201316 3.90407
