2.07437 0.097106
0.328323 2.8229
0.407671 2.53666
1.45185 0.897351
0.355677 2.69025
0.663726 2.16507
1.58415 0.870407
0.675124 2.12402
1.09517 1.54419
0.719304 1.96933
1.68973 0.723075
0.278848 3.09582
0.697591 2.04354
1.93055 0.182105
1.11294 1.5033
1.87399 0.28085
1.15503 1.39292
0.2679 3.14917
1.14088 1.43168
1.55297 0.887284
0.299635 2.98284
0.624854 2.29758
0.318989 2.87378
0.309447 2.92732
1.25247 1.12404
1.94475 0.163555
0.256389 3.19798
1.74483 0.596678
0.289481 3.03936
0.378538 2.6057
0.337509 2.77516
1.96175 0.144736
0.238138 3.25595
1.98781 0.122834
0.450028 2.49946
1.17991 1.32252
1.90563 0.220886
1.80086 0.453517
0.828209 1.7291
1.35677 0.939518
0.606638 2.35153
1.60848 0.849269
0.423483 2.5156
1.72415 0.646894
0.364635 2.65395
1.77362 0.523615
0.393955 2.56391
1.29118 1.0374
1.83658 0.364694
1.89331 0.242868
0.591312 2.39102
0.160479 3.33308
1.81879 0.40819
0.654213 2.19893
1.71362 0.671301
1.62894 0.825541
1.33755 0.961484
1.22827 1.18672
0.640832 2.24527
1.23974 1.15634
1.66175 0.775952
0.346606 2.73089
1.91775 0.201056
1.8643 0.301372
0.884951 1.69882
0.709392 2.00256
1.73468 0.621645
1.07865 1.57822
0.684307 2.09091
1.19221 1.28737
0.849354 1.71193
1.37976 0.920187
1.16733 1.35836
1.6771 0.748063
0.735221 1.91895
1.26492 1.09413
1.32067 0.985351
1.03847 1.64267
1.70189 0.69742
1.75467 0.572005
1.21552 1.22157
1.27777 1.06523
1.05798 1.61474
1.30538 1.01073
1.01427 1.66838
0.191645 3.29689
0.807245 1.75499
0.540535 2.4758
0.787423 1.78848
2.026 0.104235
1.64646 0.8008
0.567371 2.44013
1.85347 0.325365
0.751863 1.87107
0.769136 1.82741
0.986178 1.68669
1.12777 1.46624
1.40941 0.905048
1.79092 0.479014
1.20396 1.25397
