1.65702 0.894683
1.88868 0.399616
0.158958 3.91126
0.317432 3.18439
0.366025 2.92061
0.642564 2.42768
0.690989 2.28153
0.184526 3.52996
0.22933 3.34538
1.22092 1.38663
1.8429 0.513236
0.20957 3.37352
0.197143 3.42794
0.151533 4.04613
1.34788 1.06587
0.379191 2.8495
0.327858 3.13247
1.69501 0.845436
0.165864 3.78775
0.337861 3.07881
0.452314 2.58773
1.2335 1.35068
0.392783 2.78178
0.294604 3.27612
2.0718 0.151613
0.306589 3.23229
1.87043 0.443704
0.406048 2.72315
1.38203 1.01177
1.99035 0.212272
1.13351 1.60955
1.07107 1.70615
2.02838 0.174495
0.432805 2.63149
0.419631 2.67199
0.356784 2.97245
1.33365 1.09353
1.97538 0.232191
0.620927 2.47531
0.661789 2.37526
1.71153 0.81813
1.0945 1.67756
1.451 0.954091
1.95802 0.258851
1.90776 0.356112
1.75111 0.739575
1.25732 1.28311
0.876788 1.77453
0.143869 4.14387
0.168492 3.74387
0.34747 3.02516
1.15093 1.57156
1.9397 0.291022
1.5992 0.934578
0.718973 2.18241
1.81402 0.587562
0.816259 1.87414
1.208 1.42323
0.495301 2.54697
1.2947 1.18298
0.907883 1.75283
1.78464 0.661443
2.0456 0.163081
0.7832 1.963
1.63201 0.916795
0.939293 1.74486
1.92519 0.319263
1.32042 1.12179
1.26926 1.25004
1.67936 0.868044
1.49323 0.944726
1.80244 0.617073
1.24548 1.31651
0.734607 2.12608
1.18107 1.49685
1.73872 0.765989
1.28265 1.21405
1.16627 1.53479
0.467849 2.56543
1.30753 1.15151
0.836181 1.83216
0.676839 2.32871
1.36317 1.03947
0.800152 1.91461
1.04374 1.72816
1.11417 1.64638
0.702013 2.24312
1.72547 0.792454
1.85572 0.480533
0.589969 2.5204
1.82424 0.561302
2.1223 0.144082
1.19464 1.46036
2.00693 0.19358
1.76282 0.713305
1.39979 0.990627
0.856531 1.79871
0.750928 2.06839
0.767126 2.01365
1.42198 0.970625
