0.700772 0.447778 1.28359
0.581339 0.477148 1.5499
0.483607 0.727809 1.32541
0.590145 1.2262 0.126903
0.289929 0.505049 2.49636
2.03129 0.0696601 0.0696637
0.375861 1.58372 0.453561
0.446041 1.36924 0.520969
0.868057 0.158171 1.79662
0.189717 0.551332 2.98324
0.618497 0.0698063 3.19294
0.453183 0.558275 2.0008
1.48374 0.173236 0.16702
0.719659 0.925155 0.218674
0.522843 1.32547 0.192529
0.069464 3.64033 0.320187
0.884962 0.22133 1.36133
0.254947 1.27506 1.33157
0.795708 0.628919 0.836192
0.163925 2.4296 0.446425
0.069464 4.02297 0.0698629
1.18252 0.0696473 1.72036
0.069464 1.62045 2.47662
0.309819 2.14409 0.0695987
0.138065 2.99375 0.0697736
0.711569 1.11294 0.0696376
1.16721 0.374149 0.208649
0.612129 1.0237 0.472379
0.671114 1.04755 0.152356
1.30758 0.201332 0.588667
0.069464 0.418194 4.62452
0.323932 1.07462 1.32919
0.161127 2.63483 0.14999
0.498382 1.25771 0.481198
0.333723 1.56148 0.855293
0.406303 1.34053 0.896559
0.259809 1.78299 0.926147
0.433043 0.688334 1.64133
0.548311 1.09616 0.645412
0.181149 0.77348 2.5008
0.171287 2.20097 0.872486
0.497293 1.57289 0.0696637
0.069464 3.41463 0.72565
1.42611 0.274571 0.0695388
0.94582 0.744556 0.0696182
1.05003 0.348657 0.836192
0.442102 0.180125 2.83658
0.069464 0.069464 6.06946
1.626 0.124603 0.124388
1.13196 0.52282 0.0696142
1.34535 0.235983 0.227638
1.36361 0.141706 0.863126
0.395893 0.970661 1.27848
0.330748 0.0696298 3.90407
0.763032 0.242898 1.72166
1.48738 0.131368 0.451941
0.760261 0.76149 0.513065
1.5839 0.182325 0.0695873
0.311829 1.78048 0.463622
1.23786 0.284404 0.345818
0.069464 2.59354 1.33029
0.235433 2.25147 0.150813
1.16464 0.272175 0.744412
0.807277 0.0696719 2.49416
0.821138 0.821135 0.121733
1.08479 0.411133 0.351588
1.27598 0.320486 0.117905
0.271522 0.978879 1.89772
0.626255 0.835257 1.00938
0.990171 0.447389 0.621527
1.05894 0.491663 0.171265
0.833937 0.297942 1.29204
0.191708 0.155621 3.90407
0.919215 0.652212 0.175172
0.177207 1.29738 1.89772
0.678516 0.390039 1.43317
0.170309 1.6752 1.28542
0.384937 0.283172 2.63285
0.069464 2.27941 1.81412
1.32843 0.0696665 1.31315
0.868763 0.525272 0.881994
0.35437 0.825596 1.72166
0.688926 0.805769 0.762508
0.836836 0.693384 0.363871
0.30665 1.93098 0.200003
0.552929 0.552927 1.43987
0.229285 0.0698852 4.66686
0.245134 2.00939 0.508716
0.069464 0.602021 3.91374
1.73753 0.0696308 0.678366
0.950792 0.542293 0.38984
0.357432 1.808 0.141409
0.570416 0.167852 2.47818
0.289793 0.301966 3.19294
1.02218 0.14746 1.32703
1.85611 0.0696426 0.26633
0.430656 1.55458 0.192214
0.991712 0.595385 0.11874
0.621491 0.346544 1.91387
0.069464 1.2834 2.95671
