0.129024 3.32119
0.725748 1.8402
0.11666 3.39595
1.89312 0.169367
0.761777 1.75775
0.0762485 3.9866
0.0838978 3.84894
0.647994 2.09564
1.67671 0.665165
0.263455 3.00441
0.304768 2.77519
1.86096 0.224804
1.12023 1.38595
1.65137 0.717463
0.253468 3.05799
2.0481 0.0696703
0.66166 2.04645
0.148248 3.27519
1.1591 1.27627
0.207911 3.23517
1.73149 0.533906
0.0914524 3.71345
0.31805 2.70892
0.832417 1.6789
0.243023 3.11
1.13353 1.349
1.0925 1.4588
1.3256 0.915992
0.348883 2.58544
0.069464 4.06946
0.220212 3.20167
0.433202 2.47011
1.27334 0.991715
1.19484 1.17568
0.273066 2.95075
1.37798 0.879137
1.55709 0.842764
0.291402 2.84741
0.863897 1.67056
1.79602 0.369293
1.02009 1.60316
1.20851 1.13896
0.104706 3.51689
0.515335 2.44623
0.743184 1.79665
1.28876 0.965062
0.23213 3.15811
0.331223 2.65047
0.969333 1.65375
0.403801 2.48137
0.806856 1.69593
0.565457 2.35991
1.05903 1.5353
1.74984 0.48689
1.25925 1.01912
0.544144 2.40534
1.78555 0.39542
1.07657 1.49704
1.9366 0.115116
1.24578 1.04791
0.614196 2.21528
1.91575 0.138117
1.60313 0.796053
1.62022 0.771618
1.69955 0.612836
0.709037 1.88787
1.68841 0.638893
1.8145 0.324662
0.364422 2.54156
1.23285 1.07774
1.58229 0.82061
1.83354 0.281305
1.17145 1.24105
0.630793 2.15742
1.04066 1.57041
1.87573 0.197786
1.63672 0.744422
1.14652 1.31222
1.99797 0.0770273
0.282371 2.89809
1.22029 1.10857
0.588174 2.29852
1.66432 0.691579
0.601753 2.2565
0.995467 1.63295
1.34867 0.895407
0.692721 1.93925
1.42105 0.870157
1.18338 1.2074
1.52499 0.860099
1.95453 0.0996646
1.7685 0.438826
0.377755 2.51359
1.85024 0.245953
1.10636 1.42323
0.782264 1.72411
1.97203 0.0882043
1.72055 0.561517
0.676651 1.99354
1.30557 0.940122
