0.00427987 3.89511
0.307669 3.11056
0.0650484 3.5469
0.357255 2.52364
0.319612 2.94137
0.0465442 3.82922
1.96489 0.165382
0.0988847 3.19611
0.0762387 3.38765
0.325363 2.86415
0.339537 2.6917
0.345263 2.63095
0.351141 2.57481
0.0706954 3.46288
0.31373 3.02349
0.0929524 3.22568
0.0591979 3.63842
0.374751 2.42171
0.0817369 3.32251
0.799111 1.69806
0.367207 2.45727
0.363755 2.47784
0.342387 2.66075
0.336694 2.72392
0.310726 3.06644
0.3225 2.90217
0.0872764 3.26823
1.91646 0.747558
1.38951 0.794948
0.360443 2.50004
0.333865 2.75725
0.370846 2.4385
0.0530438 3.73448
0.788594 1.77178
0.316688 2.98185
1.99401 0.0112354
1.94476 0.36266
1.36305 0.856785
0.348182 2.60225
0.760535 2.05193
0.33104 2.7917
1.99985 0.000215933
1.3473 0.950751
0.783802 1.81139
1.92584 0.607479
0.770286 1.94196
1.3174 1.2359
0.328205 2.82735
0.000431777 3.95016
1.30177 1.43303
1.91942 0.702137
1.98727 0.032324
1.35795 0.882653
0.757401 2.08979
1.33366 1.06446
0.774684 1.89655
0.779196 1.85285
1.3135 1.28234
1.32152 1.18902
1.94937 0.311429
1.35227 0.916643
1.3088 1.34079
0.383709 2.39658
0.304555 3.15591
1.30493 1.39086
1.97847 0.0732923
1.92351 0.641177
0.765859 1.99038
1.98248 0.0527417
0.825812 1.598
1.29715 1.49667
1.32941 1.10575
1.93512 0.480705
1.93962 0.423795
1.36745 0.838
1.37424 0.815609
0.811983 1.63378
0.803032 1.67539
0.832975 1.59328
1.32542 1.14672
1.33796 1.02559
0.819155 1.61086
1.37977 0.803376
1.96844 0.138007
0.74154 2.29751
1.29307 1.55456
1.34243 0.98807
0.354163 2.54857
0.753115 2.14339
0.738588 2.33874
1.95961 0.210361
1.97475 0.0950987
0.391237 2.38997
0.748834 2.19888
0.107419 3.18052
0.807257 1.65397
1.95437 0.259844
1.93048 0.542563
0.745922 2.23768
0.793729 1.73347
