0.000387643 0.747981 3.58497
0.551287 1.22472 0.0602353
0.000399974 0.168286 4.84149
1.18308 0.329797 0.163608
0.25546 0.381174 3.1224
0.19743 1.2835 1.48104
0.102275 2.6708 0.307328
0.000406718 3.91962 0.000396578
0.554301 0.560079 1.19323
0.727837 0.311407 1.34979
0.823035 0.752763 0.0537179
0.987367 0.523999 0.204963
1.66261 0.0573304 0.000161841
0.0958669 2.77648 0.000200519
0.604414 1.13474 0.000209036
0.505761 0.58961 1.43432
1.56264 0.0747112 0.598559
0.731213 0.894689 0.0512596
0.474252 0.667717 1.239
1.02165 0.511233 0.000161853
0.479087 0.112706 2.99485
0.894236 0.161656 1.34811
1.37174 0.000232569 1.19243
0.629193 0.419496 1.37155
0.321792 0.321072 2.50749
0.356367 1.72087 0.000216888
0.469096 1.40741 0.0602353
0.317298 1.79048 0.232597
0.000446496 2.58892 1.67104
1.23137 0.30718 0.000164367
0.209729 2.1252 0.630111
0.00041972 1.61359 2.38992
1.27209 0.267614 0.0374143
0.54357 0.103787 2.38992
0.169882 2.38668 0.000252741
0.406549 0.814826 1.19242
0.382009 1.60637 0.206747
1.28902 0.237123 0.304907
0.258575 1.98275 0.235429
1.05937 0.0795869 1.19242
0.987854 0.090296 1.6256
0.481679 1.36179 0.165514
0.835771 0.185894 1.76255
1.13359 0.379433 0.104604
0.130079 0.664486 3.15842
1.93557 0.000203549 0.386947
0.699573 0.923462 0.2466
0.577738 1.15559 0.163608
0.000436596 3.8257 0.4157
0.956615 0.581648 0.0195399
0.672579 1.00799 0.000209008
0.235312 2.11763 0.000188598
0.216528 1.19144 1.80797
0.000356057 1.4848 2.99235
0.523144 1.30268 0.000186673
0.000392816 2.70687 1.19395
0.113775 0.825491 2.38992
1.41765 0.166605 0.0510741
0.000603727 0.000591992 5.87423
1.46745 0.128147 0.245679
0.38348 0.000161271 3.58497
0.912655 0.626408 0.11733
0.101629 1.72777 1.19572
0.18489 2.26386 0.262625
0.422861 0.207228 2.40518
0.13998 0.138637 3.8978
0.783412 0.260886 1.26677
0.837913 0.228401 1.19245
0.68686 0.381524 1.19243
0.120574 0.726823 2.76829
1.36285 0.208397 0.000161754
0.217376 0.543663 2.38992
0.115164 1.56911 1.73018
0.537453 0.53625 1.4825
0.100501 0.000453502 4.77079
0.431667 1.47684 0.206365
1.5348 0.109709 0.000161889
0.115709 2.54589 0.796432
0.227634 0.459871 2.75308
0.412064 1.56814 0.000199511
0.2649 1.14687 1.19242
0.340399 0.933488 1.239
0.29532 1.90808 0.000186431
0.875211 0.692509 0.000153586
0.000459892 0.614693 4.45035
0.809866 0.000297954 2.39867
0.204999 0.0943593 3.58497
1.31284 0.000144123 1.71554
1.1085 0.419381 7.66994e-05
0.760561 0.831947 0.169623
0.18551 1.39178 1.19242
1.06037 0.45243 0.104313
0.423697 0.741368 1.35145
0.640206 1.03421 0.18006
1.98048 0.000207833 0.000209008
0.356421 0.237917 2.97379
0.12177 0.215212 3.58497
0.592759 0.48904 1.26696
0.800348 0.799452 0.000161911
0.298129 0.992626 1.58096
