0.0762529 3.38748
1.96259 0.184321
0.331046 2.79161
0.00426798 3.8951
0.0929655 3.2256
0.787036 1.78426
0.316698 2.9817
0.333869 2.75719
0.0592044 3.6381
0.348183 2.60224
0.310728 3.06637
0.307678 3.11043
0.741544 2.29746
0.336695 2.72391
0.0530655 3.73394
0.0872878 3.26813
0.354165 2.54856
0.0817476 3.3224
0.774664 1.89675
0.351145 2.57478
0.319613 2.94134
1.30493 1.39084
0.360449 2.5
1.37477 0.814201
0.339536 2.69172
0.383713 2.39658
0.342392 2.66071
0.0650596 3.5467
0.367215 2.45723
0.0465577 3.82904
1.36444 0.850499
0.783831 1.81114
0.357262 2.52358
1.34246 0.987833
1.38951 0.794948
0.753122 2.1433
0.363756 2.47783
1.94457 0.364869
1.33806 1.02467
0.801031 1.68662
1.98254 0.0524757
0.0707068 3.46272
1.31714 1.23892
0.345267 2.63091
0.325366 2.8641
1.92351 0.64121
0.77917 1.85309
1.94937 0.311438
0.75597 2.10747
1.3523 0.916488
0.820571 1.60745
1.95436 0.259894
1.93048 0.542609
0.745924 2.23766
1.97846 0.0733124
1.31273 1.29177
0.328211 2.82729
1.96736 0.146068
1.30963 1.33033
1.95694 0.234894
1.97088 0.120544
1.37978 0.803354
1.33361 1.06498
0.791285 1.75116
0.832975 1.59328
0.760247 2.05537
1.3586 0.879136
0.750253 2.18029
1.34632 0.957981
1.99987 0.000258602
0.374759 2.42168
0.391237 2.38997
0.797215 1.70998
1.92584 0.607513
1.93494 0.483098
1.3222 1.18151
1.29387 1.54307
1.36899 0.83223
1.93819 0.44164
1.98728 0.0323066
1.91897 0.708958
0.764499 2.00577
1.32944 1.10544
0.313735 3.02351
0.807281 1.65386
1.94178 0.397646
1.32536 1.14735
1.99371 0.0120933
0.304557 3.15588
1.29704 1.49812
0.814862 1.62349
0.77029 1.94193
0.098896 3.19607
0.322501 2.90215
0.738585 2.33878
1.91624 0.751014
1.97474 0.095107
1.30118 1.44111
0.000446672 3.94861
0.107419 3.18052
