0.30001 0.599947 4.20024
0.719902 1.43974 1.68088
1.24907 1.62374 0.875387
0.00185296 0.00363626 5.98937
0.214287 0.428564 4.71444
1.32833 1.68961 0.604281
0.782475 1.56499 1.30526
0.648403 1.29686 2.1097
2.14461 1.4277 0.572305
0.166695 0.33335 5.00007
0.599944 1.19982 2.40063
2.64264 1.05712 1.58411
0.33333 0.666597 4.00037
2.8753 1.02411 1.19478
2.20351 1.20287 1.5457
0.922896 1.84589 0.462677
1.28822 1.85589 0.14411
0.818037 1.63618 1.09187
0.545398 1.09084 2.72775
0.0177391 0.0354486 5.89377
1.57084 1.45968 1.16598
1.52586 1.52728 0.961923
0.692238 1.38456 1.8467
0.399974 0.799944 3.60033
2.60144 1.19928 0.800722
0.666556 1.33316 2.00076
0.514665 1.02919 2.91247
1.93933 1.29379 1.46018
0.230783 0.461509 4.61557
1.22465 1.88768 0.112325
2.36568 1.09148 1.96636
0.499963 0.999835 3.00055
0.799872 1.59983 1.20085
0.47988 0.959792 3.12088
0.631497 1.26305 2.21114
0.749877 1.49985 1.50086
0.34274 0.685399 3.94387
0.4138 0.827479 3.51763
0.250032 0.499979 4.50025
0.705763 1.4116 1.76552
0.585303 1.17053 2.48848
0.187527 0.375026 4.87502
0.982715 1.96554 0.103751
0.352951 0.705819 3.88261
0.000356684 0.000644063 5.99834
1.80196 1.59902 0.400994
0.200012 0.399981 4.80014
0.111156 0.222298 5.33323
2.18801 1.26236 1.25414
2.06392 1.12465 2.25042
0.315788 0.631497 4.10558
0.839832 1.67974 0.961068
2.42132 1.00858 2.61916
1.66873 1.66563 0.334373
0.882196 1.76454 0.706927
0.00454635 0.00902397 5.97321
2.33354 1.2456 1.09003
0.272719 0.545431 4.36392
0.150023 0.300021 5.10007
2.77908 1.11046 0.889539
0.999871 2.0003 0.00126989
0.461527 0.92294 3.23126
0.856984 1.71405 0.858171
2.50661 1.07401 1.78912
0.528503 1.05691 2.82931
1.24059 1.51488 1.23447
2.33496 1.33252 0.66748
2.00185 1.49907 0.500927
1.89144 1.55428 0.445732
0.967564 1.9353 0.194687
1.62629 1.30053 1.76497
1.5022 1.7489 0.251099
0.732597 1.46526 1.60451
2.01097 1.36696 1.02952
1.57357 1.71321 0.286786
0.00898248 0.017892 5.9466
1.89092 1.21254 1.93297
0.615318 1.2307 2.30825
0.473645 0.947214 3.15839
0.374988 0.749926 3.75041
0.0968338 0.193602 5.41948
0.130501 0.26098 5.21719
0.285729 0.571405 4.286
0.899842 1.79987 0.601067
0.387109 0.774104 3.67776
0.44442 0.888782 3.33379
0.57139 1.14263 2.57214
0.260892 0.521697 4.43504
2.59985 1.00001 2.20036
1.53737 1.37582 1.5218
1.59578 1.59457 0.656467
0.947192 1.89454 0.316939
2.66807 1.16596 0.834036
1.79863 1.356 1.34751
2.99965 1 1.00105
1.4377 1.78115 0.218852
1.9015 1.44133 0.865745
1.36272 1.81864 0.181358
2.50014 1.24993 0.750071
0.428571 0.857019 3.42901
