0.567952 2.86411
0.633244 2.73355
1.96361 0.0728067
1.0855 1.82902
1.72751 0.544992
0.854944 2.29013
0.509253 2.98152
1.49386 1.01229
0.784756 2.43053
0.0238837 3.95225
0.996172 2.00768
0.38264 3.23555
0.139021 3.72203
1.32422 1.35157
1.18927 1.62148
0.925495 2.14904
0.677919 2.64419
1.5423 0.915412
1.57274 0.854544
0.699655 2.60072
0.0783859 3.84326
0.363661 3.27305
1.58768 0.824671
0.606075 2.78787
1.47908 1.04184
0.101298 3.79747
0.746902 2.50624
1.64637 0.707295
1.94223 0.115564
1.86094 0.27815
1.42949 1.14103
0.26178 3.47646
0.402896 3.19427
0.52611 2.9478
0.0474455 3.90515
1.29011 1.41979
0.161167 3.67771
0.219632 3.56075
1.30583 1.38835
1.75356 0.492905
0.32359 3.35284
1.8981 0.203827
0.422432 3.15517
0.546274 2.90748
0.901193 2.19764
1.04151 1.91699
0.879549 2.24093
1.84237 0.315293
0.762638 2.47477
0.241032 3.51795
1.87467 0.250675
1.46277 1.07448
1.20996 1.5801
0.282473 3.43509
1.01901 1.96199
0.803898 2.39235
1.51109 0.977826
0.650326 2.69936
1.52681 0.946438
1.60243 0.795163
0.48572 3.02857
0.827451 2.34513
1.41253 1.17496
1.39533 1.20934
1.99987 0.000282496
1.24509 1.50983
0.467383 3.06524
0.175901 3.64825
1.44624 1.10753
1.2676 1.46481
1.06367 1.87268
1.22968 1.54067
1.36026 1.2795
1.34236 1.31529
1.14688 1.70626
0.587068 2.8259
1.61843 0.763163
1.92039 0.159229
1.80708 0.385851
0.726404 2.54723
1.37791 1.24419
0.972978 2.05407
0.443213 3.1136
0.116461 3.76714
1.16967 1.66067
1.79152 0.416969
1.71427 0.57149
0.197647 3.60475
1.55761 0.884786
1.6705 0.659019
1.6873 0.625418
0.000426238 3.99915
0.949419 2.10118
1.1056 1.78883
0.303192 3.39366
1.82823 0.343561
1.98455 0.0309243
1.1282 1.74361
0.343714 3.31261
1.77732 0.445367
