1.16966 1.66069
0.323579 3.35287
1.14908 1.70185
1.34236 1.31529
1.65968 0.680649
0.691981 2.61606
1.90855 0.182928
0.175922 3.64819
0.0238769 3.95228
0.746895 2.50622
1.20995 1.5801
1.75357 0.492917
1.9204 0.159212
1.41253 1.17495
0.421379 3.15732
1.37791 1.24418
0.82591 2.34819
1.67357 0.652874
1.4295 1.14102
1.96361 0.0727944
0.226433 3.54716
0.303005 3.39403
1.99988 0.000270596
1.28719 1.42564
0.261698 3.47663
0.0474481 3.90515
1.22967 1.54066
0.972968 2.05408
1.0415 1.917
1.78031 0.439407
1.94223 0.115552
1.71995 0.560121
0.996166 2.00768
0.116262 3.76751
0.282398 3.43523
0.000416882 3.9992
1.46277 1.07447
0.247669 3.5047
1.55761 0.884787
1.5268 0.946421
1.51109 0.977825
0.773663 2.45269
1.8402 0.319621
0.401679 3.19668
0.0703159 3.85939
1.60244 0.795148
1.08549 1.82902
1.8039 0.39222
0.950184 2.09966
1.1282 1.74362
1.44569 1.10862
0.799995 2.40002
0.350482 3.29907
0.45013 3.09976
0.903621 2.19279
0.851407 2.29721
0.473528 3.05296
1.57274 0.854538
0.138902 3.72223
0.922894 2.15422
1.361 1.278
0.544899 2.91024
0.15381 3.69241
0.671646 2.65672
1.39533 1.20935
1.47908 1.04185
0.715253 2.5695
0.652512 2.695
0.635196 2.72964
1.98455 0.0309103
1.26828 1.46345
0.878628 2.24276
1.63301 0.733988
1.06366 1.87268
1.49519 1.00963
1.30583 1.38836
1.10701 1.78601
1.86374 0.272544
1.58767 0.824665
1.82824 0.343545
0.369674 3.26068
1.6873 0.625423
1.61701 0.765996
0.518562 2.96289
1.18995 1.62011
1.88677 0.226479
1.76636 0.4673
0.609503 2.78101
0.588908 2.8222
0.497377 3.00526
1.019 1.962
1.74061 0.518778
1.64563 0.708759
0.56717 2.8657
1.24911 1.50179
1.5423 0.915406
0.197726 3.60459
1.32421 1.35158
0.0858984 3.82823
1.70086 0.598291
