1.4791 1.0418
0.063033 3.87396
0.0239357 3.95217
0.996483 2.00705
0.268584 3.46285
1.54017 0.919693
1.71428 0.571454
1.24914 1.50173
1.63142 0.737171
0.874741 2.25053
0.0861758 3.82767
0.63525 2.72954
1.67359 0.652842
0.0396729 3.92069
0.515602 2.96881
1.89811 0.203795
0.815467 2.3691
1.93006 0.139894
0.534103 2.93181
1.94225 0.115529
1.72754 0.544937
1.01904 1.96193
1.64565 0.708706
1.52466 0.95069
0.161188 3.67768
0.579367 2.84129
0.851446 2.29714
1.12742 1.74517
0.396695 3.20666
1.84021 0.319596
1.0637 1.87261
1.57277 0.854496
0.69203 2.61597
1.81615 0.367712
0.746933 2.50616
1.30586 1.3883
1.20998 1.58005
1.96363 0.0727698
0.353549 3.29293
1.37896 1.2421
1.49451 1.011
1.60245 0.795124
0.45255 3.09494
0.949447 2.10112
1.58769 0.824631
0.233614 3.53282
0.422737 3.15458
1.51112 0.977779
1.79154 0.416932
0.108829 3.78236
0.781107 2.4378
0.556809 2.88645
0.901223 2.19759
1.04154 1.91693
0.761737 2.47654
0.330461 3.33912
0.139061 3.72196
1.39536 1.2093
1.36227 1.27548
1.10704 1.78595
1.98459 0.0308465
1.68794 0.624156
0.310015 3.37999
1.18999 1.62004
1.46279 1.07443
1.87533 0.249357
1.41255 1.17491
0.719699 2.56061
0.28946 3.42111
0.484358 3.03132
1.08553 1.82896
1.2297 1.5406
1.42952 1.14098
0.606111 2.78781
1.16696 1.66608
0.247681 3.50468
1.85205 0.295924
1.61702 0.765963
1.66003 0.67997
1.91647 0.167107
0.212182 3.57568
0.190495 3.61905
1.74063 0.518759
1.44555 1.10893
1.826 0.348031
1.3441 1.3125
0.800038 2.39993
1.26831 1.46339
0.370877 3.25828
1.14911 1.70179
1.28722 1.42559
1.76638 0.467268
0.663874 2.67228
1.99994 0.000248936
1.55764 0.884744
1.32425 1.35152
0.973005 2.05401
0.926017 2.14798
0.836389 2.32723
0.000470732 3.99909
