1.94283 0.000194068 1.42428
0.731267 2.66999 3.897
1.48774 2.6733 8.94094e-05
1.67352 1.84403 1.77767
0.000109698 1.16889 5.7381
1.94039 0.969991 0.0001615
0.000367899 3.92016 1.19282
1.11344 0.657341 4.8857
1.96798 0.712861 8.94094e-05
1.78888 1.78877 8.94094e-05
0.929422 0.927117 5.12753
0.620498 7.99936e-07 5.70393
1.07116 2.9903 2.35674
0.785156 3.53583 1.52384
0.893699 3.10397 2.67091
0.000312388 3.32865 3.32718
1.73441 0.000173248 2.98772
0.00035627 3.46319 3.00236
1.0401 3.41655 0.000302561
0.495553 1.7243 5.20578
0.433244 0.210444 5.84902
0.000143335 1.52731 5.5454
0.976498 3.323 1.604
1.03137 0.000250463 5.14115
1.46743 0.000146581 4.07673
0.973758 1.94418 4.35449
1.29266 3.05224 0.000302561
1.73477 1.55479 1.87269
1.34276 2.24283 2.90772
0.000343026 3.65512 2.43725
0.948803 2.6052 3.55346
1.61278 1.43421 2.82175
0.666466 3.33242 2.6488
1.75639 1.75943 1.12729
1.17075 1.87102 3.98599
1.82064 1.65554 0.0392778
0.73528 2.45996 4.18552
2 0.000199778 8.94094e-05
0.734687 1.9864 4.71849
0.000208547 2.22218 4.98892
1.19131 2.98449 1.78493
0.83934 3.3509 2.09652
1.4142 2.82845 8.94094e-05
1.58795 1.98526 2.167
1.90494 1.21854 8.94094e-05
0.433149 3.90506 0.000302561
1.60034 0.000159856 3.59866
1.18673 3.21973 0.000302561
1.4697 1.86706 2.95237
1.35383 1.80689 3.4869
1.67563 2.18381 8.94094e-05
1.8974 0.000189529 1.8971
1.60588 2.38423 8.94094e-05
1.80956 0.980675 2.08939
0.000297464 2.89155 4.14579
1.85034 0.000184829 2.27732
0.000411493 4 0.000302561
0.704499 0.933515 5.43805
0.000282948 3.01496 3.94304
1.39546 2.60996 1.78598
1.1573 2.10101 3.7435
1.34336 0.000326399 4.44506
1.36797 2.91636 0.145976
0.422183 3.58987 2.32375
1.70478 1.11325 2.65614
0.237657 1.97103 5.17209
1.19335 1.41843 4.31932
0.000582393 0.000386469 6
1.14221 2.50668 3.18627
1.20009 0.000554467 4.80123
1.45427 2.28422 2.28607
1.11939 2.6893 2.90689
0.894201 3.57794 0.000302561
0.000326342 3.17227 3.65481
1.50096 1.03601 3.64817
1.86672 1.43633 0.000183057
0.488017 2.70053 4.17704
0.577532 3.69239 1.52384
0.572909 3.83238 0.000302561
0.69801 3.04505 3.27907
1.84654 1.053 1.6786
0.728418 1.4674 5.13613
0.959111 2.40068 3.84104
1.1527 2.32284 3.44986
0.845166 0.000251107 5.43794
0.000392477 3.81514 1.80292
1.79051 0.000178853 2.67331
0.241192 2.46102 4.67429
0.000273193 2.65562 4.4869
1.7321 1.99984 8.94094e-05
1.66491 0.000235367 3.32454
1.55181 2.52266 0.0910248
1.50989 1.5066 3.22101
1.36406 1.36109 3.88403
1.98098 0.000197878 0.825565
0.926873 2.80363 3.2683
1.26017 2.70141 2.29968
0.743308 3.71349 0.000302561
0.959475 1.44022 4.80079
1.44953 2.0906 2.69807
