1.15753 2.10048 3.74354
1.49514 1.36544 3.41847
0.418263 0.000114577 5.86732
0.000580421 1.16466 5.74004
1.4992 1.03487 3.65541
0.000403873 3.56837 2.71112
1.28657 0.628555 4.49598
0.663832 3.33179 2.65652
0.000284577 2.90717 4.12115
1.45382 2.28537 2.28608
1.32038 2.20256 3.06497
2 7.93115e-05 0.000129161
0.723839 2.67452 3.89745
0.931806 0.930675 5.12219
0.000391852 3.46216 3.00503
0.785146 3.53598 1.52307
1.33777 2.97187 0.145996
0.000431708 3.8143 1.80693
1.94095 0.964787 0.000129161
1.61164 1.61442 2.59986
0.978849 3.33027 1.55728
0.732528 1.46776 5.13063
0.000443691 3.92018 1.19268
1.73903 6.89624e-05 2.96346
0.948935 2.6021 3.55824
0.000648808 0.000451955 6
0.000227394 2.62668 4.52507
1.69761 6.73198e-05 3.17226
1.32326 2.83658 1.46185
1.54027 2.32242 1.61862
0.959538 2.40002 3.84101
1.04192 3.41432 0.000301305
1.28648 2.54716 2.5508
0.000419237 3.70412 2.26469
0.725016 2.46656 4.19289
0.00038919 3.01505 3.94288
0.000498844 2.39831 4.8019
1.15095 2.31919 3.46062
0.840668 0.000380501 5.44422
0.000452725 4 0.000301305
1.97762 0.59669 0.000129161
1.62178 1.22402 3.03177
1.51288 2.61624 0.000129161
1.6791 2.17314 0.000129161
0.960022 1.43692 4.80204
1.02918 1.01447e-05 5.14463
1.15512 2.56612 3.02904
0.000141563 2.00439 5.19235
1.48431 5.88613e-05 4.02138
0.600798 3.62153 1.80041
1.78879 1.78912 0.000129161
1.11271 0.634249 4.89406
1.1865 3.22019 0.000346237
1.09169 3.27233 1.08657
0.548823 3.84645 0.000301305
1.30014 2.38725 2.82206
1.07961 2.98149 2.36749
1.89763 1.2633 0.000129161
1.84145 1.56086 0.000129161
0.975009 1.95028 4.34582
1.21584 2.9387 1.80686
1.45276 2.07954 2.69727
1.73538 1.5481 1.87184
1.84658 1.05256 1.67889
1.97999 0.000132317 0.847854
1.36529 1.79652 3.45862
0.63105 0.000392461 5.6935
1.16386 1.38324 4.4163
0.490306 2.69633 4.18073
0.697883 3.04442 3.28063
0.433892 3.90473 0.000168967
1.3757 0.000441134 4.35511
1.62542 0.171169 3.48658
0.000559835 3.32841 3.32848
1.79253 7.1084e-05 2.66113
1.94719 7.72173e-05 1.36971
0.912015 2.96342 2.95887
1.57896 2.02222 2.16962
1.72822 2.01323 0.000129161
0.244322 1.70115 5.38066
1.3581 1.355 3.92315
1.16263 1.87812 3.98725
1.4152 2.82712 0.000354948
1.89805 9.54306e-06 1.89122
0.868583 3.23462 2.38094
0.926735 3.54462 0.0280705
1.49771 1.6375 3.12873
1.27162 3.08738 0.000301305
1.43297 2.67307 1.201
0.000358982 3.17174 3.65583
1.57309 6.23822e-05 3.70519
0.481028 1.20368 5.53693
0.246806 2.22056 4.93531
0.725452 1.98928 4.7286
1.80265 0.980515 2.14262
1.85198 9.85537e-05 2.26549
1.69927 1.8579 1.49859
0.743009 3.71372 0.000301305
1.60266 2.3929 0.000129161
1.19909 1.84178e-07 4.80204
