0.28841 2.97101 4.06237
1.55296 1.54322 3.26729
0.627436 3.8676 0.0430691
0.463456 3.29327 3.30261
1.74906 1.15368 2.6903
1.17903 0.0428694 4.97957
1.38333 3.00883 0.189154
0.0768774 4.04188 0.0664255
2.0107 0.752936 0.0426313
0.7469 3.08315 3.31846
1.45726 2.86984 0.0425599
1.52338 2.12848 2.58658
0.0641087 0.0581879 6.0421
1.77971 1.58497 1.90953
1.83389 0.0425624 2.7105
0.880704 3.39377 2.14176
1.64632 0.0425559 3.62717
1.61283 2.18424 1.90953
1.20118 2.34879 3.49931
0.935264 3.14964 2.70792
1.29552 3.15437 0.32694
0.481502 0.225182 5.88976
0.294781 2.0118 5.20984
1.38708 2.27672 2.95756
1.77535 2.03972 0.0426313
1.57282 2.61787 0.0426313
1.66328 2.38606 0.0426313
0.285477 2.72604 4.43175
0.0484532 0.316484 6.02838
1.25144 3.22902 0.0429533
1.18598 2.53876 3.23804
1.7223 2.21345 0.0426313
1.51497 1.91928 2.96846
1.35223 0.911464 4.38559
0.282333 2.50134 4.72001
1.12322 3.0164 2.40664
1.02258 1.99014 4.3807
1.16682 2.72672 2.94421
1.00581 2.43996 3.87861
1.97631 1.06305 0.0426313
1.66259 1.44959 2.8573
1.83273 1.82584 0.0426313
0.280181 3.25873 3.53818
1.55291 0.0426912 3.97545
1.29108 0.11501 4.7284
1.3257 2.59926 2.58658
1.91372 1.45464 0.0426834
1.86275 1.69964 0.0819346
0.0499599 1.35109 5.7123
1.77962 0.0425605 3.01601
0.0490597 1.19317 5.78885
1.20746 2.13373 3.77695
0.172324 0.042625 6.02985
0.512022 3.93071 0.0432062
1.11768 3.41526 0.0737904
1.22472 1.68779 4.20549
0.779597 1.50555 5.17027
1.53906 1.06561 3.71506
0.648075 3.65974 1.84792
0.9938 2.64604 3.59268
0.277473 1.7622 5.41363
0.253629 3.53992 2.88451
1.98284 0.0425676 1.4971
1.19595 1.18849 4.63283
0.0508333 3.96874 1.18918
1.41217 1.86339 3.45657
1.85109 0.99759 2.16583
0.947453 3.60956 0.0708496
1.47333 2.48977 2.06707
0.791669 2.03248 4.73703
0.244918 3.79743 2.01919
0.470578 3.63016 2.36421
1.70833 0.0427999 3.3629
1.74994 1.90363 1.44544
1.8921 0.0425644 2.32525
0.293001 2.26276 4.97644
0.528297 1.24533 5.5761
1.13718 3.30976 1.1363
1.09506 0.0425367 5.14437
0.429409 3.83334 1.56541
0.913065 0.245274 5.43569
0.775575 2.71245 3.93853
1.02548 3.36634 1.60647
1.49951 2.78259 0.0708496
0.818882 3.7282 0.188747
1.94073 0.0425578 1.9321
1.94637 1.26674 0.11431
1.46324 0.0430896 4.26768
2.02623 0.0425691 0.806189
0.700941 0.19395 5.70346
0.972091 2.83722 3.30582
0.978045 0.972001 5.15903
1.65122 1.79603 2.44869
1.41586 1.40704 3.91781
2.0425 0.0425696 0.0426834
1.30124 2.82722 2.11428
1.89018 1.09262 1.71385
0.71055 3.36973 2.70235
0.774618 2.50646 4.22772
1.00718 1.48059 4.83533
