0.782208 2.01043 4.72925
0.0561701 1.06979 5.82321
0.997624 2.41994 3.86689
0.630762 3.84528 0.0303803
1.21829 1.44476 4.36453
1.48097 2.78295 0.0302022
1.87231 1.58679 0.0302022
0.0462765 0.676696 5.95086
1.64338 1.62943 2.64098
0.22123 2.94962 4.09096
0.87412 3.37902 2.11598
0.704381 3.35749 2.6747
2.03 0.0302604 0.0302022
1.43285 2.62265 1.80875
1.42685 0.030176 4.32409
0.208618 3.79255 1.99473
1.35287 2.22403 3.09907
1.87775 1.07863 1.70276
0.48814 3.92243 0.17557
1.19116 2.31961 3.5042
1.99511 0.773893 0.0302022
0.517599 1.2294 5.56385
0.747498 0.93507 5.46357
0.776051 1.50422 5.13889
0.0387873 0.237124 6.02189
1.82937 0.0302343 2.64923
1.19994 1.90931 3.99667
1.6166 1.9973 2.18318
0.279324 3.18869 3.63439
1.09427 0.237601 5.10041
1.70939 2.20231 0.0302183
1.83475 0.999588 2.16792
1.4882 2.30843 2.30654
1.01202 1.97736 4.36453
0.967253 0.95916 5.14627
0.968111 3.56134 0.17557
1.66537 0.364962 3.44727
1.33755 2.4076 2.83953
1.62589 0.0302078 3.6464
1.05052 3.25923 1.80875
1.54159 1.52853 3.25231
0.0842538 4.02842 0.0750369
1.96306 1.05621 0.0302022
1.30765 2.58709 2.59833
0.996552 1.46754 4.81982
1.92886 0.0302472 1.91389
0.46093 3.62066 2.33646
1.23451 0.0305978 4.81982
0.0580009 0.0492865 6.02934
1.64639 1.20311 3.09417
1.93418 1.2528 0.0794235
1.76663 0.0302261 3.00606
1.30346 2.78465 2.11123
1.50552 1.91574 2.92906
0.133409 0.0310587 6.02197
0.281667 2.24516 4.96856
1.19373 2.59876 3.02414
0.470138 0.238944 5.87451
1.63577 2.41454 0.0302022
1.11247 3.00167 2.39324
1.58505 2.54384 0.162746
0.928059 3.13891 2.6747
0.758322 2.70842 3.91389
0.257204 2.49473 4.71075
1.51575 0.0301935 4.04658
1.97089 0.0302527 1.47799
2.00673 0.0302574 0.942518
1.53345 1.07701 3.66184
1.40004 1.38821 3.89732
0.90152 0.232488 5.42183
1.72244 0.0302204 3.227
1.87742 0.0302405 2.32857
1.73022 1.15656 2.69977
1.32143 0.656687 4.514
0.771146 2.4866 4.21945
1.20472 2.12754 3.72881
1.05033 3.44601 0.642221
0.250944 3.5264 2.8681
0.827582 3.69817 0.0303803
1.76753 1.57931 1.8815
1.15309 3.33979 0.0302022
0.189171 3.93463 1.25071
1.72727 1.89489 1.5295
1.26625 3.17283 0.17542
0.280002 1.74177 5.40113
1.48769 2.10178 2.71677
1.3725 2.99334 0.17542
0.985805 2.6271 3.5799
0.75991 2.99406 3.41191
0.283426 1.99921 5.19691
1.20779 3.08702 1.6074
0.277347 2.71397 4.41647
1.9033 1.43105 0.0302022
1.76438 2.02192 0.0302022
0.61993 0.0300743 5.76305
0.639274 3.64415 1.83816
0.453752 3.28413 3.27929
1.40088 1.8447 3.44713
1.82069 1.81148 0.0302022
1.53042 2.67479 0.0302022
