1.74237 2.16058
1.76146 2.09807
1.98191 1.04178
1.81291 1.91528
0.801466 3.74784
0.341964 4.00066
1.30088 3.15804
2.01502 0.734951
1.88149 1.62906
1.93239 1.36825
1.99842 0.903265
1.17675 3.34296
0.377488 3.98934
1.8747 1.66017
1.72693 2.20934
0.681452 3.83706
1.27845 3.19371
0.495571 3.94217
0.774161 3.76969
0.414307 3.97621
1.60753 2.54181
1.63085 2.48227
0.946149 3.61596
0.158432 4.03856
1.85128 1.76239
1.84131 1.80373
1.95517 1.23032
1.24021 3.25216
0.551507 3.9146
1.71368 2.25
1.68069 2.34676
1.10238 3.44026
1.46299 2.86605
1.06014 3.49145
1.31857 3.12916
0.29726 4.01305
0.58884 3.89428
0.450853 3.96178
1.92298 1.4208
0.973209 3.58812
1.42514 2.93997
1.94641 1.28536
1.96335 1.17624
0.0539937 4.04496
1.94012 1.32331
0.874334 3.68489
2.04063 0.309336
1.52068 2.74489
2.045 0.0454086
1.01697 3.54087
1.40982 2.96887
1.44963 2.89246
1.91348 1.4716
1.70107 2.28771
2.03593 0.425443
1.22353 3.2777
1.16052 3.36501
0.644435 3.86111
1.86484 1.70416
1.19568 3.31665
1.82825 1.8561
1.50247 2.78418
1.07786 3.47032
0.709088 3.81806
1.14416 3.38676
2.0114 0.775108
1.79669 1.97536
1.33336 3.1045
1.55627 2.66496
1.043 3.51176
1.77955 2.03631
2.02787 0.567343
1.35119 3.0741
0.90198 3.65919
1.90373 1.52166
2.03171 0.505435
1.11931 3.41893
1.57821 2.61347
0.736696 3.79816
0.990723 3.56955
0.24543 4.02486
1.26268 3.21817
1.99161 0.96304
1.37253 3.03677
0.856386 3.70104
0.828955 3.7249
1.89295 1.57481
1.47968 2.83189
0.928521 3.63353
1.65375 2.4215
1.96988 1.13191
2.02078 0.665624
1.97564 1.08929
1.39348 2.99904
1.59225 2.57959
2.00458 0.845112
1.66866 2.38058
0.614392 3.87947
1.53752 2.70762
1.64294 2.45049
