1.86788 1.56868
1.97831 0.865872
0.745301 3.75337
1.25162 3.17976
1.0324 3.47661
1.54036 2.6295
1.04964 3.45621
0.475787 3.91943
1.9929 0.716787
0.267741 3.99318
0.130267 4.01746
2.01566 0.370164
0.512603 3.90222
1.91763 1.30553
1.94704 1.11648
1.21466 3.23593
1.3052 3.09334
1.8463 1.66791
1.92509 1.26057
1.52463 2.66569
0.708193 3.78127
1.58905 2.51381
1.61846 2.43606
1.96928 0.945673
0.366705 3.96375
0.0247268 4.02429
1.94067 1.16035
1.90958 1.3522
1.77859 1.94004
1.23607 3.20372
1.87636 1.52768
1.13313 3.35069
0.215919 4.00459
1.66903 2.29584
0.800464 3.70876
0.944973 3.57302
0.873443 3.64373
1.27393 3.14451
1.73013 2.10779
1.56805 2.56362
0.41228 3.94731
1.15627 3.31933
1.90053 1.40246
2.00368 0.580664
1.38405 2.95446
0.91834 3.60018
1.399 2.9264
2.02319 0.0346531
1.88877 1.46489
0.680399 3.80107
1.95891 1.02917
0.988972 3.52592
1.71578 2.15407
1.55294 2.59992
0.827801 3.68522
1.81924 1.78299
1.00655 3.5063
0.971613 3.54484
1.85641 1.62234
1.63826 2.38249
2.02441 0.0244144
1.3256 3.05881
1.686 2.24587
1.7556 2.02198
1.4461 2.83413
1.83302 1.7256
1.51196 2.69421
1.79798 1.86726
1.41311 2.89939
1.81185 1.81286
0.5407 3.88697
1.34609 3.02316
1.36605 2.98748
1.99871 0.647177
1.47712 2.7699
1.6979 2.20984
1.98452 0.806049
0.312847 3.98102
2.00974 0.486399
1.1085 3.38307
1.74447 2.06008
1.0909 3.40551
1.17441 3.2941
0.58648 3.86127
0.448293 3.9318
0.772692 3.7317
1.07512 3.42598
1.49508 2.73137
0.614839 3.84417
1.43227 2.86187
2.01876 0.289545
1.76526 1.98808
1.65379 2.33936
0.846199 3.66883
1.19903 3.25887
0.652445 3.82006
1.60591 2.46859
1.93349 1.20772
1.46475 2.79586
0.90049 3.61783
