1.91664 1.46573 0.0470478
1.4145 1.41129 3.92012
0.74503 3.09024 3.32878
1.38869 2.28569 2.96443
0.941635 3.62395 0.0470485
0.546193 2.28861 4.78446
1.65353 1.64975 2.69085
1.19122 2.53528 3.25829
1.25171 1.71017 4.13404
0.755095 0.979031 5.4809
0.858795 3.4934 1.87315
0.988866 1.23633 5.03089
1.5983 2.56916 0.183255
0.959435 3.00946 3.00673
1.85192 1.03094 2.18267
1.01753 2.2034 4.17618
1.46119 2.87465 0.0470486
0.710037 3.37841 2.70871
2.01486 0.757158 0.0940229
1.00614 2.44786 3.8884
0.883683 0.0467913 5.49608
0.994862 2.6536 3.59919
1.67215 0.217781 3.53363
0.784604 1.5227 5.16517
1.53337 2.72245 0.0467265
1.77826 2.04862 0.0467483
0.766871 2.7344 3.94073
1.78032 1.58907 1.95184
2.04672 0.0468832 0.0467265
0.046733 2.52303 4.75871
0.0467819 0.0470015 6.04672
1.38488 3.01917 0.193089
0.0468781 1.96205 5.31443
1.67059 1.20952 3.08455
1.01096 1.74228 4.64712
0.0470514 3.37519 3.37444
0.0467712 3.21785 3.7039
0.789844 3.76038 0.0470924
1.29236 3.17619 0.0469668
0.0467937 3.03792 4.03037
0.0467331 2.20857 5.09494
0.0467367 3.50925 3.05081
0.0467342 2.83099 4.35459
0.621256 3.87813 0.0467265
1.52 1.93749 2.95542
1.19855 2.35858 3.51622
0.540343 1.77812 5.25017
1.10166 0.0473401 5.14569
1.27659 0.0468226 4.77821
0.956187 0.723756 5.2946
0.0467269 0.940473 5.89503
0.047036 4.04672 0.0470478
1.08248 3.46853 0.0470479
1.20816 1.44229 4.46317
0.465337 0.0467582 5.91383
0.791771 2.03443 4.76042
1.08921 3.16313 2.13644
1.47291 2.50643 2.07221
1.9 0.0468716 2.30246
1.67436 2.04361 1.83146
1.95011 1.27467 0.0860352
1.89323 1.11879 1.70651
1.83564 1.83534 0.0467288
0.047003 3.6261 2.72498
1.41764 1.85105 3.47648
1.83844 0.0468668 2.7128
0.679282 0.046776 5.73872
1.75015 1.18054 2.69676
1.64708 2.44579 0.0467296
1.86705 1.70343 0.0940229
1.94405 0.0467644 1.94446
1.02603 3.37786 1.60821
1.7863 0.0467614 3.00732
0.671251 3.58445 2.12754
1.52533 2.15906 2.55361
2.02556 0.0468815 0.917353
1.32145 2.615 2.61251
1.20006 3.31464 0.0470478
0.480258 3.95162 0.0470493
1.98922 0.0468787 1.47521
1.72276 2.22929 0.0470478
0.047391 1.45202 5.66437
1.17211 2.82178 2.74382
0.0467586 3.96691 1.23942
1.61468 0.0467784 3.77171
1.73727 0.0468446 3.25339
1.2054 2.14623 3.79183
0.528026 1.25043 5.58441
1.31532 2.80528 2.15175
1.55409 1.55055 3.28547
0.0470229 3.87831 1.76937
1.42539 0.0468341 4.39339
1.55339 0.985703 3.73811
1.5274 0.0468423 4.08013
0.0468136 3.75037 2.31317
0.90684 3.29138 2.4285
1.99274 0.96983 0.0467265
0.628791 3.73667 1.57082
0.786453 2.51256 4.21988
1.1894 0.956289 4.77854
