1.08986 3.43944
0.546336 3.90618
1.5272 2.70707
1.81947 1.85461
1.18857 3.30908
0.230873 4.01899
0.78784 3.74568
1.78019 2.00109
1.7159 2.2136
2.0377 0.0379051
1.98072 0.985661
0.372806 3.98115
1.97359 1.04235
1.38969 2.98532
0.454555 3.94985
1.47937 2.81011
1.04739 3.49054
1.62046 2.48298
1.1068 3.41824
0.590183 3.88205
1.9148 1.41827
1.21238 3.27505
0.143831 4.03206
2.01827 0.593896
1.46114 2.84754
0.843037 3.69908
0.327832 3.99538
0.877726 3.66785
1.55549 2.64253
1.93278 1.31623
1.34581 3.06348
2.01331 0.660392
1.87305 1.62699
1.68015 2.3201
1.25133 3.21707
1.98744 0.928773
0.925595 3.62193
0.995379 3.5493
0.274 4.00968
0.951477 3.59579
1.30692 3.12901
2.03238 0.329097
1.72923 2.17191
1.84782 1.73882
1.02158 3.52021
1.06473 3.47001
2.00101 0.800363
1.17257 3.33137
0.760255 3.76753
0.621234 3.8639
1.32486 3.09921
1.93809 1.2843
1.15635 3.35349
1.66178 2.37209
0.90417 3.64282
2.00751 0.729986
1.13178 3.38612
1.79001 1.96579
2.03483 0.251916
1.9237 1.36887
1.89533 1.51985
1.57575 2.59457
0.695259 3.81532
1.5396 2.67914
1.64555 2.41662
2.02894 0.41152
1.36922 3.02235
1.90553 1.46767
0.815567 3.72276
1.63249 2.45152
1.99578 0.852312
1.95568 1.17141
1.70277 2.25357
1.69149 2.28712
1.60401 2.525
1.75935 2.07331
1.51006 2.74482
1.94723 1.22713
1.86081 1.6824
0.731541 3.78929
1.49225 2.78308
0.417808 3.96479
1.80403 1.91393
1.41401 2.93994
0.50054 3.92912
1.76998 2.0369
1.27405 3.18186
1.44217 2.88547
0.97693 3.56918
1.96173 1.12967
1.23357 3.24386
1.58813 2.56448
1.74494 2.12126
1.28915 3.15786
1.83516 1.79168
1.42905 2.91112
0.0396662 4.0377
0.648999 3.84628
2.02247 0.53035
1.88469 1.57214
