1.14897 2.31516 3.47436
0.492849 2.24724 4.74415
0.000669888 2.19586 5.01637
1.84533 1.07199 1.67768
1.9081 1.19856 0.000119528
0.433702 3.90482 4.90658e-05
0.968792 2.17173 4.11903
1.96757 0.717378 0.000121892
0.000234735 2.99175 3.98262
0.895594 3.57654 0.000422969
0.480145 1.20376 5.53758
1.98259 0.000186031 0.789974
1.28539 0.629922 4.49858
1.84244 0.000172881 2.33425
0.74313 3.71363 0.000335408
0.646292 3.45563 2.32831
1.50714 1.50978 3.22926
1.67528 2.18477 0.0346569
1.13968 2.50482 3.1928
1.17209 3.24111 0.000436669
1.4707 1.89045 2.91531
1.79738 0.000168653 2.6315
0.000474927 1.4175 5.61062
1.04299 3.12437 2.062
0.935182 2.80581 3.22892
1.43992e-07 1.85278 5.31754
1.13006 2.76304 2.70729
0.83888 3.35387 2.08808
0.684201 3.19586 2.96756
0.88894 0.435638 5.33489
0.482984 1.72845 5.21493
1.60915 1.61196 2.61716
1.36692 1.36429 3.87366
1.60269 2.39315 0.000206334
1.93977 0.000182013 1.46142
1.16539 2.10194 3.71977
1.18268 1.41861 4.3455
0.74134 1.72567 4.93492
1.37512 0.000328761 4.35726
1.33773 2.97194 0.146023
1.22799 0.0001877 4.73589
1.73617 1.52734 1.91272
1.73889 0.000163164 2.9642
1.89766 0.000143348 1.89474
1.61584 1.19244 3.04996
1.36665 1.81709 3.43055
0.00031165 3.48595 2.94251
0.000513659 0.930156 5.83614
0.365597 0.000543684 5.89891
0.000427621 3.17078 3.65814
0.782995 3.53166 1.55528
1.41424 2.82837 3.66278e-05
0.948344 2.60598 3.55383
0.583046 3.68716 1.53343
1.81938 1.66076 0.0549829
1.49493 2.65721 0.000113075
0.547707 3.84603 0.135444
2 0.000187665 0.000125597
1.9402 0.970859 0.000120635
1.62363 0.171284 3.49404
0.79036 0.000116192 5.51162
0.000339286 3.79507 1.89583
0.967103 1.70098 4.59052
0.000328451 3.67388 2.37295
1.41465 2.41403 2.20905
1.7015 1.13263 2.65663
3.45565e-08 2.7924 4.296
1.69295 1.87317 1.52022
1.05748 0.000164318 5.09273
1.34331 2.2411 2.90841
0.713268 2.87055 3.59019
1.47929 2.12069 2.48722
0.946089 1.18667 4.97753
1.04041 3.41617 0.000429764
1.43638 2.65973 1.23743
1.48337 0.000139188 4.0245
1.16617 1.86998 3.98729
0.00030014 2.50847 4.67415
1.80724 0.95462 2.13416
1.72864 2.01178 0.000115762
0.000357607 4 0.000397005
0.743104 2.54248 4.06026
1.27973 2.5586 2.55752
1.68984 0.000127649 3.20935
0.978891 3.33156 1.55315
0.652212 0.153719 5.66804
1.8682 1.42806 0.000118049
1.56868 0.000337503 3.72292
0.00029754 3.32812 3.32838
1.78877 1.78918 0.000116758
1.24881 3.1244 0.000441063
1.55154 2.52231 0.140536
1.57732 1.99157 2.16435
0.000270944 0.000599991 6
0.88789 3.11143 2.66882
0.714884 1.19704 5.30815
1.13388 0.873522 4.76572
0.000350468 3.92015 1.1929
1.25475 2.79027 2.07708
1.50214 1.03723 3.64302
