1.45943 2.73501
0.8404 3.62973
1.98993 0.400862
1.90215 1.23581
0.896661 3.57547
1.94692 0.915459
1.47167 2.70865
1.93006 1.04859
0.955651 3.51382
1.95519 0.841995
0.730554 3.7236
0.999475 3.46471
0.477982 3.88597
1.91737 1.13789
0.283934 3.95949
1.68358 2.15923
0.378524 3.92771
1.57086 2.47581
1.30326 3.03414
0.235234 3.97224
1.39773 2.86101
1.59136 2.4236
1.42267 2.81141
1.96301 0.765698
0.656198 3.77857
1.99713 0.214375
1.73238 1.99885
1.5537 2.51874
2 0.000195853
0.684244 3.75862
1.25743 3.11054
1.36073 2.93149
1.5335 2.56778
1.51755 2.60542
1.71415 2.06078
0.973393 3.49428
0.628477 3.79738
1.64149 2.28519
0.333616 3.94396
0.702759 3.74493
1.37551 2.90377
1.23023 3.15376
1.13387 3.29506
1.87714 1.38034
1.79661 1.75751
0.582189 3.82678
1.84667 1.53598
0.776415 3.68629
0.442732 3.90076
1.86778 1.43024
0.758108 3.7015
1.61835 2.35027
1.4413 2.7732
1.81072 1.69857
1.94116 0.96315
1.60731 2.38039
1.97816 0.589504
1.32281 3.00012
1.04279 3.41327
1.98475 0.493018
1.7013 2.10334
1.85755 1.4826
1.82285 1.64584
1.08467 3.36065
0.940444 3.53019
1.66268 2.22306
1.10943 3.32817
0.14778 3.98907
0.554227 3.84335
1.97279 0.657583
1.50123 2.64295
1.83544 1.58891
1.8838 1.3436
0.415133 3.913
0.804079 3.66249
1.89412 1.2842
1.96731 0.72024
1.17306 3.23971
1.27755 3.07757
0.867656 3.60409
0.000399777 4
1.92392 1.09276
1.90986 1.18784
1.48895 2.67061
1.14993 3.27272
1.21265 3.18086
1.65331 2.25085
1.9925 0.345996
1.67465 2.18684
1.7495 1.93828
1.0172 3.44401
1.78146 1.81815
0.920955 3.55069
0.517031 3.86403
1.93579 1.00539
1.18956 3.21556
1.34098 2.96767
1.06778 3.38221
1.63087 2.31538
1.766 1.87749
