1.77394 1.84729
1.8948 1.2841
1.98983 0.402843
2 0.000198841
1.0172 3.44401
1.92392 1.09277
1.93006 1.04853
1.39059 2.87489
1.34098 2.96768
1.96652 0.72884
1.99641 0.239566
1.57054 2.47662
1.5499 2.52809
1.94532 0.928912
1.22906 3.15557
1.04273 3.41333
1.91776 1.13525
1.16597 3.24993
1.58236 2.44633
1.25085 3.12114
1.05978 3.39227
0.646575 3.7852
1.6533 2.25085
0.000423197 4
0.938826 3.53192
1.32272 3.00028
0.867575 3.60406
1.14989 3.27277
1.74748 1.94556
1.47684 2.69737
1.76199 1.89252
1.84667 1.53599
1.97279 0.657585
1.52314 2.59232
0.982728 3.48382
0.673514 3.76637
1.28652 3.0626
0.405801 3.9168
0.802911 3.66351
1.72103 2.03771
0.693527 3.75181
1.85754 1.48261
1.70369 2.09589
0.368671 3.93145
1.93579 1.0054
0.920976 3.55067
0.748614 3.70922
0.776488 3.68623
1.26606 3.0965
1.63647 2.29954
0.840844 3.62931
1.10942 3.32818
0.332497 3.94434
1.35805 2.93647
1.30193 3.03643
0.498189 3.87392
0.287983 3.95832
1.83511 1.59041
1.99365 0.318505
1.87692 1.38156
1.53394 2.56673
1.95924 0.803418
1.42267 2.81143
1.40637 2.84404
1.79704 1.75572
1.13384 3.2951
1.78311 1.81166
1 3.4641
0.244401 3.97002
1.08469 3.36062
0.544172 3.84909
1.21178 3.1822
1.3755 2.90378
0.894414 3.57772
1.73238 1.99887
1.97816 0.589511
1.68767 2.14641
1.45953 2.73481
0.574442 3.83146
1.48943 2.66952
1.59625 2.40996
1.86756 1.4314
0.965299 3.50326
1.88582 1.3322
1.61732 2.35311
1.98475 0.493022
1.95065 0.883107
1.90932 1.19081
1.44123 2.77336
1.80985 1.7023
1.82285 1.64585
0.608756 3.81021
0.191651 3.98159
1.90349 1.22759
1.67291 2.19214
0.147765 3.98907
1.50622 2.63159
0.720871 3.73114
1.18944 3.21573
0.461172 3.89221
