0.635511 0.00027437 5.68958
0.481482 1.20464 5.53995
0.710818 2.87736 3.59557
1.5595 2.15371 1.9186
1.64401 2.00555 1.6279
1.93694 0.000208292 1.49551
1.36051 1.3575 3.89806
0.23586 2.46239 4.67672
1.89739 0.000154564 1.89714
1.86676 1.43555 0.000122206
1.15274 3.26876 0.000382286
0.728577 1.46804 5.13619
1.16309 2.09864 3.73128
0.000347377 0.000601551 6
1.47557 2.08584 2.57343
0.000536613 3.46414 3.00062
0.969865 1.95415 4.35243
0.930397 2.80567 3.24357
0.840323 3.34849 2.10162
1.96754 0.717746 0.000125526
1.97295 8.23432e-05 0.983504
1.7888 1.78908 0.000120129
1.62944 2.31961 0.000165646
1.50171 1.0373 3.64551
1.85128 0.00014514 2.27043
1.41706 2.49182 1.98916
0.894307 3.57783 2.35196e-06
1.61095 1.60738 2.6135
3.24516e-06 1.98186 5.21177
0.731576 2.66123 3.90734
1.68547 2.15062 0.161613
1.15686 2.30505 3.46442
1.59355 0.000124934 3.62566
0.979692 3.33345 1.53901
1.54943 2.53188 0.124428
1.16268 0.000201959 4.88198
0.742997 3.71373 0.000421159
2.37332e-06 2.24711 4.96373
2 0.000156799 0.000129608
7.66837e-05 2.74538 4.36366
1.29809 0.000224979 4.56453
0.000383712 3.92061 1.18948
0.232727 1.69556 5.38939
4.06528e-05 1.11084 5.76399
0.684084 3.19604 2.96812
1.90421 1.22309 0.000122871
0.783819 3.53066 1.55706
0.000310286 3.16967 3.65988
1.37812 0.184503 4.33941
1.50464 1.50332 3.24875
1.33775 2.97209 0.146095
0.641118 3.45036 2.35603
1.48637 2.67635 0.000116683
0.000292626 2.98993 3.98569
0.600396 3.61972 1.80982
1.16307 1.87807 3.98875
1.84291 1.07612 1.68152
1.16306 1.38221 4.419
1.72895 1.72512 1.54937
1.8031 0.000141362 2.59607
1.80689 0.958921 2.13247
0.433227 0.211572 5.84894
0.742206 1.98368 4.71201
1.6864 0.000132213 3.22561
1.06008 3.08349 2.11974
1.13007 2.765 2.70875
0.8648 0.000151317 5.4101
0.433227 3.90503 0.000357049
1.76431 1.35927 1.95648
1.36593 1.79762 3.45505
0.000391483 4 0.000385748
1.73998 0.000144248 2.95845
0.889305 3.11084 2.66631
1.48318 0.000108478 4.02511
1.03634 5.51426e-05 5.13167
1.34041 2.24922 2.9068
1.14834 1.1458 4.60193
1.4685 1.89034 2.93598
0.958725 2.4047 3.84253
0.00034889 3.5648 2.72165
1.41424 2.82838 2.51216e-06
1.81942 1.66764 0.0565584
1.13994 2.50622 3.19631
0.000375022 3.83181 1.72154
1.24848 3.12492 0.000427652
1.72901 2.0105 0.000119502
1.59386 1.39171 2.96362
1.60888 1.00119 3.25475
1.2478 2.80577 2.07579
1.27876 2.56249 2.55198
0.735616 2.46532 4.18701
1.04115 3.41526 0.000377816
0.58591 3.8245 0.000398164
1.70125 1.13253 2.65817
1.94764 0.90895 0.0365357
0.931371 0.92862 5.12374
0.960375 1.43821 4.80065
0.948607 2.6032 3.55722
0.00032595 3.32969 3.32486
0.000362793 3.70687 2.25457
