1.18964 3.21543
1.73548 1.98839
1.1094 3.3282
1.49031 2.66757
1.37081 2.91265
1.68353 2.15938
1.23499 3.14631
1.66609 2.21283
1.99641 0.239567
1.96301 0.765711
1.76599 1.87753
1.6949 2.12349
1.92392 1.09278
0.965191 3.50337
1.21016 3.18467
1.98982 0.405607
1.9925 0.346003
1.59598 2.4107
1.6533 2.25088
1.90202 1.23665
0.982641 3.48392
1.82285 1.64587
1.74964 1.93778
1.42268 2.8114
1.93005 1.04861
1.35707 2.93828
0.534831 3.85433
0.812282 3.65524
1.87739 1.37897
0.000394308 4
1.47163 2.70872
1.58257 2.44579
1.85734 1.48364
1.52829 2.58018
0.42448 3.90887
1.78145 1.81818
0.591336 3.82437
0.867671 3.60397
1.13387 3.29505
0.840567 3.62957
1.98054 0.556622
1.40578 2.84519
1.94616 0.921867
0.682919 3.75959
0.720191 3.73166
1.91079 1.18135
1.89425 1.28344
0.939145 3.53158
1.31672 3.01082
1.3906 2.87488
0.460319 3.89261
0.628285 3.7975
1.60955 2.38045
1.70622 2.08694
1.83543 1.58898
1.96977 0.692816
1.61887 2.34883
1.15005 3.27254
1.05121 3.40291
1.07646 3.3712
1.00847 3.45426
0.252749 3.96793
1.44134 2.77311
0.920901 3.55074
1.98455 0.496242
1.26699 3.09499
1.84666 1.53601
1.03426 3.42363
0.288783 3.95808
1.0929 3.34997
1.91761 1.13628
2 0.000198792
0.333648 3.94395
1.56481 2.49109
1.30202 3.03628
1.51224 2.61773
1.5472 2.53469
1.93579 1.00541
1.6414 2.28543
1.80984 1.70233
1.17302 3.23976
1.28654 3.06255
1.97558 0.623169
0.748948 3.70895
0.561292 3.83925
1.72249 2.03277
1.88643 1.3287
1.86777 1.43027
0.191627 3.9816
0.147741 3.98907
0.776521 3.6862
1.25002 3.12247
1.95585 0.835831
0.89464 3.5775
1.33683 2.97516
1.45955 2.73474
0.656162 3.7786
0.497138 3.87446
0.378956 3.92754
1.79605 1.75977
