0.89462 3.57752 0.000424936
1.03919 3.12606 2.07382
8.46698e-16 2.81754 4.25891
0.89278 3.10378 2.67809
0.230584 1.97097 5.17502
2 0.000138927 0.000129348
0.93478 2.80599 3.22806
1.15357 3.26759 0.000437124
0.588605 3.82285 0.000413421
1.47249 1.88255 2.9201
0.626474 3.5352 2.08524
0.665676 3.32866 2.66499
0.734111 1.46066 5.1333
9.07089e-16 2.65398 4.48908
1.98469 0.494021 0.000126667
0.753084 2.53446 4.05605
0.652666 0.201041 5.66351
1.12367 2.78126 2.69396
1.66963 2.20214 0.000118253
1.86788 1.42971 0.000121882
1.80139 0.000125131 2.60669
1.4435 2.33192 2.23942
0.697936 3.04504 3.27922
0.962922 1.44382 4.79214
1.94729 0.000135266 1.36842
1.54449 2.5413 0.000116662
0.514828 2.32008 4.6409
1.18501 1.42187 4.34467
9.5223e-16 2.3998 4.80022
1.60071 2.39905 0.000377589
1.37605 2.31045e-09 4.35413
1.62672 1.12328 3.05698
9.5955e-16 2.16316 5.04694
1.16541 2.10013 3.72413
1.3435 2.24153 2.9072
8.00337e-16 1.40407 5.61821
1.49786 1.0361 3.66515
1.68871 0.000117304 3.2147
0.000258141 3.17183 3.65567
1.3645 1.36148 3.8845
0.978763 3.33027 1.55994
1.84666 1.05266 1.67794
0.00024331 2.9896 3.98625
0.434039 3.90467 0.000407957
0.000352933 4 0.000400111
0.783596 3.53088 1.55654
1.16733 1.87082 3.98297
0.480739 1.20282 5.53758
0.742059 1.98366 4.71069
1.23026 5.25232e-10 4.73054
1.90383 1.22542 0.000122896
0.398404 5.33519e-07 5.87975
0.000270865 3.32817 3.32828
1.95267 0.865021 0.000124726
0.74277 3.71392 0.000417961
0.838582 3.35355 2.0897
1.62538 0.171394 3.48673
1.33772 2.97196 0.146089
1.74935 1.74572 1.27232
1.8524 0.00023337 2.26306
1.13821 2.50828 3.1913
1.58365 1.97984 2.14737
1.89736 9.73609e-05 1.89746
1.07725 1.44258e-06 5.05527
1.4144 2.82806 6.16553e-05
1.76093 1.89609 0.0549754
1.13377 0.873405 4.766
1.50284 1.50537 3.25184
1.28614 0.633241 4.4956
1.24138e-15 1.66189 5.45764
1.82066 1.65555 6.72466e-05
1.48289 6.21165e-06 4.02608
1.19989e-15 0.899422 5.84635
0.000315901 3.58029 2.67552
1.26691 2.76055 2.10586
1.37232 1.806 3.42226
0.948642 2.60749 3.55457
1.80759 0.959283 2.12676
1.46456 2.72362 0.0695136
1.27361 2.56798 2.56208
0.845128 1.17307e-05 5.438
1.73119 2.0039 0.000328974
7.99117e-16 0.000407821 6
0.000301471 3.70423 2.26429
1.7029 1.13364 2.64756
0.000345883 3.92009 1.19333
1.03918 3.41767 0.000431427
0.000338011 3.83088 1.72622
0.930708 0.928979 5.12674
1.4539 2.07777 2.69486
1.7351 0.000120526 2.98409
1.97272 0.000137032 0.987657
0.582301 3.68776 1.53418
0.994483 1.99195 4.26278
1.14807 2.31492 3.47562
1.73313 1.54197 1.90174
1.61264 1.60905 2.60515
0.000281743 3.46182 3.00591
1.25224 3.1189 0.000442074
1.56827 0.000100694 3.72353
