1.38557 2.88458
1.91036 1.1841
0.470408 3.88778
1.58833 2.4308
0.243859 3.97016
1.96858 0.70627
1.35638 2.93955
1.04275 3.41331
1.82285 1.64587
1.90361 1.22742
1.98273 0.524465
1.44127 2.77325
1.2988 3.04179
1.93579 1.00541
1.14993 3.27272
1.89493 1.27943
0.67481 3.76544
1.75766 1.90855
1.21263 3.1809
1.97816 0.589516
0.562015 3.83923
1.42263 2.8115
1.51393 2.61381
1.675 2.18576
0.33366 3.94394
1.81027 1.7005
0.831359 3.63804
1.48899 2.67052
0.888934 3.58318
1.0846 3.36074
1.83522 1.58993
1.12625 3.30549
1.86777 1.43027
1.56984 2.4784
1.17185 3.24147
1.98829 0.432233
2 0.000199945
1.52955 2.57718
1.54426 2.5419
1.91658 1.14321
0.147745 3.98907
1.63086 2.31542
1.18979 3.21521
1.37258 2.90932
0.387927 3.92404
0.77649 3.68623
0.730292 3.7238
1.60098 2.39739
1.79605 1.75976
0.618296 3.80483
1.73237 1.99888
1.93005 1.0486
1.24306 3.13356
0.517289 3.86389
1.32284 3.00007
1.0257 3.43391
0.590404 3.82174
1.78285 1.81267
1.85734 1.48364
1.33957 2.97022
1.40291 2.85085
0.191664 3.98159
1.69781 2.1142
0.288741 3.95809
1.97279 0.657595
0.858433 3.61281
1.45808 2.73789
1.26521 3.09791
1.06791 3.38206
1.92418 1.09093
1.64197 2.28381
1.47165 2.70868
0.702876 3.74484
0.956243 3.51317
1.88644 1.3287
1.94616 0.921866
1.87709 1.38063
1.68706 2.14834
0.43271 3.90526
0.982573 3.48399
1.28111 3.07166
0.912215 3.5597
0.643586 3.78724
1.99123 0.37411
1.66224 2.22438
1.84667 1.536
1.00856 3.45416
1.74797 1.9438
0.748868 3.70901
1.76827 1.86893
1.55556 2.51414
0.939005 3.53172
1.1094 3.3282
1.61432 2.36134
1.96155 0.780597
1.71414 2.0608
0.803951 3.6626
0.000379496 4
1.9956 0.26531
1.95519 0.842012
