1.61861 2.34956 0.000152779
1.81713 1.671 0.000157348
1.47135 1.86918 2.94195
1.41895 2.81892 0.000150919
1.22698 0.000346942 4.73865
5.26163e-05 3.32875 3.32696
0.433128 0.212591 5.84892
1.63418 2.03896 1.62527
1.62541 0.171467 3.48683
2 0.000190657 0.000169083
6.19629e-05 3.92006 1.19352
0.243156 2.45916 4.67559
1.73388 1.54263 1.89433
6.05626e-05 3.83147 1.72326
1.47312 2.10781 2.54415
0.734942 2.22509 4.47202
1.1243 2.78024 2.69875
1.73994 0.000165866 2.95864
1.5783 0.000150457 3.68522
1.70111 1.13242 2.65907
6.32264e-05 4 0.000377206
5.63651e-05 3.56592 2.71837
1.16338 1.39499 4.40913
1.05899 0.197056 5.08128
1.98417 0.502316 0.00016538
1.93445 1.0157 0.000161755
0.717553 2.87304 3.57688
5.85373e-05 3.70334 2.26755
1.04669 3.40849 0.000408768
0.000111745 1.96727 5.22421
1.24753 3.12645 0.000418735
1.68988 0.000161094 3.20915
1.13263 0.901987 4.75662
1.80685 0.974414 2.13061
0.481314 1.20438 5.53638
0.742098 1.73152 4.93063
1.15846 1.8714 4.00661
1.76064 1.89753 0.000155367
0.000188537 1.38247 5.63055
1.61733 1.20098 3.03735
1.34363 2.24171 2.91019
0.747516 2.54386 4.05146
1.15305 3.26831 0.000414061
0.644262 3.44887 2.35476
4.72843e-05 2.99142 3.98317
0.888565 3.11156 2.66732
0.961105 1.43681 4.80016
0.838914 3.3541 2.0865
1.38438 0.000379198 4.33029
1.50318 1.05594 3.62831
1.15293 2.10687 3.74932
1.84737 0.000176108 2.2989
0.000188443 0.846583 5.86433
1.42959 2.45115 2.03391
1.48239 0.000141314 4.02774
0.742873 3.71383 0.000395902
1.79205 0.000170834 2.66402
1.84358 1.07337 1.68895
1.6953 2.12221 0.000154027
0.000188094 2.69867 4.42918
0.651977 0.15241 5.66763
0.864306 0.202382 5.40287
1.13928 2.51105 3.18609
0.782731 3.53015 1.56614
0.894173 3.57796 0.000401926
1.51148 2.6195 7.62645e-05
0.931559 0.929452 5.12309
1.50738 1.50344 3.23793
0.201717 1.71408 5.38759
1.28541 0.630104 4.49845
1.55957 2.50408 0.0375354
0.93688 2.81097 3.21288
1.35964 1.35702 3.90238
0.590771 3.82151 0.000390546
0.948718 2.60272 3.55796
0.981264 1.95929 4.32398
1.27375 2.56676 2.56414
0.000380306 0.000600003 6
1.94256 0.000145325 1.4276
0.978914 3.3292 1.56153
5.02461e-05 3.1788 3.64201
1.7475 1.75053 1.27338
0.599857 3.61873 1.81584
0.72205 1.19626 5.29981
0.684214 3.19634 2.96668
1.89752 0.000180888 1.89603
1.61161 1.60856 2.61033
1.33774 2.97192 0.14616
1.15028 2.31794 3.46455
1.86605 1.43922 0.000158877
0.000198883 2.28615 4.92385
0.929816 0.000591398 5.31237
1.97274 0.000188058 0.987324
1.90338 1.22794 0.0395333
5.4741e-05 3.46317 3.00242
1.37136 1.80477 3.42718
1.23657 2.83474 2.04006
1.95536 0.840384 0.000162976
0.433489 3.90491 0.000385007
1.0424 3.12608 2.06038
