1.93564 1.00841
1.67843 2.17661
0.733681 3.76536
0.8896 3.58775
0.460143 3.95936
1.95058 0.886231
0.406945 3.98274
1.73496 1.99062
0.68881 3.8063
1.0065 3.48371
1.65963 2.23634
1.98467 0.503935
1.92431 1.09278
0.652511 3.83543
0.516485 3.92845
1.86857 1.42848
1.69881 2.11269
0.497153 3.93881
1.97512 0.631843
1.79801 1.7534
1.98012 0.566287
0.90651 3.57239
0.0799839 4.07919
0.777678 3.71949
0.317663 4.01349
1.52757 2.58738
1.56249 2.4986
1.99078 0.386896
1.71738 2.05093
0.145279 4.07
0.943634 3.55483
1.95884 0.809301
0.750324 3.74841
1.75185 1.93094
1.46321 2.75001
2.00003 0.000244237
1.33683 3.01492
1.31226 3.06051
1.38804 2.88984
1.77756 1.8386
1.91141 1.18105
1.15063 3.30284
0.706088 3.79243
1.82449 1.6408
1.57973 2.45655
1.65068 2.26519
0.872572 3.61215
1.04618 3.42256
1.35387 2.97337
1.24659 3.18705
1.85873 1.47949
1.03204 3.44501
0.829956 3.66316
0.362334 4.00072
1.26396 3.15112
1.29173 3.09418
1.94602 0.926074
1.96307 0.76946
0.229316 4.04363
1.96965 0.699101
0.855323 3.63162
1.50801 2.6291
1.84805 1.53134
1.62799 2.32716
0.589693 3.88248
1.11476 3.33255
0.273719 4.02584
1.99343 0.329462
1.6364 2.30222
1.61218 2.36842
1.88681 1.33032
1.81164 1.69613
1.90413 1.22657
1.0677 3.38889
1.08701 3.36341
1.83664 1.58524
1.40876 2.84336
0.626125 3.85738
1.53594 2.56355
1.78524 1.806
1.8778 1.37885
1.42712 2.81007
0.55334 3.9065
1.91825 1.13656
1.372 2.93243
1.76804 1.87356
1.89492 1.28229
1.59329 2.4275
1.55405 2.52189
1.32428 3.03615
0.186148 4.05998
1.94103 0.96748
1.99629 0.247488
1.47899 2.69455
0.804632 3.6953
0.983682 3.52402
1.93024 1.04995
1.19616 3.22723
1.17394 3.28302
1.2777 3.12376
