1.6925 2.14259
1.22847 3.16351
1.86611 1.45583
1.95301 0.889286
1.82449 1.6535
0.730851 3.72828
1.15195 3.27647
1.59315 2.42811
1.98113 0.589267
1.85587 1.50729
0.575123 3.83544
1.43918 2.78606
1.87557 1.40637
1.66083 2.23953
0.256116 3.97062
1.17544 3.24308
1.08758 3.36321
1.99459 0.363767
1.3747 2.91409
1.39657 2.87166
1.4698 2.72137
1.33648 2.98345
1.54929 2.53935
1.88292 1.3665
1.8902 1.3256
1.6811 2.17834
0.987383 3.48443
1.74736 1.95859
1.26629 3.10339
1.76376 1.89888
0.918333 3.55898
1.57882 2.46526
1.35648 2.94718
0.89174 3.58617
1.48191 2.69503
1.60875 2.38678
1.73003 2.01913
2.01156 0.0187098
1.65229 2.26465
1.90721 1.22423
1.7043 2.10487
1.71662 2.06459
0.828663 3.64575
1.28088 3.07938
1.91428 1.17917
1.96029 0.822595
1.30103 3.04539
1.63732 2.30795
0.299005 3.95872
1.53252 2.57951
0.0663548 4.00093
1.0547 3.40476
0.784905 3.68418
1.01284 3.45527
0.343312 3.94433
0.649473 3.78785
0.712624 3.74232
1.80379 1.74196
1.78464 1.81924
2.0032 0.0403727
0.685527 3.76247
0.39618 3.92459
1.9406 0.992184
0.865338 3.61162
1.02968 3.43522
1.89791 1.28077
1.31642 3.01888
0.970168 3.50366
1.62423 2.34443
1.49921 2.65651
0.440187 3.90599
0.944354 3.53172
0.521933 3.86566
1.07126 3.38411
1.56871 2.49094
1.99893 0.250396
1.42181 2.82144
1.24409 3.13938
1.97596 0.655199
1.94605 0.951837
1.99096 0.437013
1.12812 3.30943
1.11121 3.3322
1.81638 1.68886
1.79318 1.78526
1.84515 1.55907
1.9323 1.05984
0.80207 3.66946
1.98631 0.515009
1.96943 0.729955
1.83353 1.61306
0.485808 3.88437
1.92304 1.12068
0.169827 3.98876
1.20582 3.19813
0.757901 3.7067
1.51574 2.61874
0.61261 3.81226
1.77262 1.86612
1.45075 2.76196
