1.73646 1.99619
1.10713 3.33723
0.966258 3.5076
0.537957 3.85661
1.57599 2.47187
1.58875 2.43901
1.48281 2.69254
0.29811 3.95866
0.170001 3.98855
1.63563 2.31177
1.02577 3.43963
0.888359 3.58887
2.00253 0.0350089
1.76007 1.91169
1.32162 3.00931
0.983282 3.48867
0.574004 3.83583
0.809113 3.66291
1.98629 0.511985
1.25717 3.1177
1.69258 2.14167
0.482677 3.88574
0.914623 3.56244
1.98089 0.589914
0.610439 3.81334
1.91318 1.18515
1.8902 1.3245
1.97447 0.671197
1.34599 2.96585
1.95725 0.84954
1.77392 1.85979
1.36581 2.92944
1.3978 2.86852
1.83534 1.60379
1.14778 3.28189
1.96828 0.740076
1.70837 2.09099
1.99284 0.396949
1.99821 0.266689
1.95017 0.912486
0.754854 3.70887
1.38425 2.89464
1.84206 1.57266
1.50292 2.64754
1.92075 1.13545
0.341661 3.94468
1.12433 3.31416
1.06723 3.38872
1.92694 1.09216
1.45391 2.75489
1.23941 3.14598
1.56223 2.50656
1.72353 2.04063
1.21671 3.18123
1.60841 2.38692
0.0657621 4.0006
0.438636 3.90636
1.30121 3.04467
1.863 1.4707
1.96402 0.784328
0.673578 3.77074
0.637187 3.79587
1.62429 2.34353
1.5169 2.61549
1.93842 1.00765
1.87266 1.42072
1.46584 2.72943
1.80017 1.75626
1.53252 2.57883
1.54405 2.55118
1.64753 2.27776
0.736718 3.72334
0.835235 3.63945
0.940543 3.5354
0.391869 3.92606
0.510717 3.87132
0.25485 3.97062
1.90583 1.23154
1.82474 1.65142
1.94341 0.968236
1.04239 3.41945
1.66693 2.22062
1.17672 3.2407
1.19751 3.21014
1.68055 2.17918
1.85276 1.52149
1.88183 1.37132
1.7862 1.81218
1.28335 3.07482
1.81182 1.7075
1.0005 3.46908
1.93286 1.04943
1.0917 3.35748
0.709586 3.7443
0.781884 3.68641
1.89849 1.27631
1.43584 2.79236
1.7497 1.94942
0.861786 3.61464
1.41737 2.82983
