1.4937 2.67273 0.250017
1.20731 0.0083885 4.80197
1.69652 0.172331 3.19407
1.34267 2.2629 2.91302
0.675364 3.33126 2.66605
0.0277929 0.814696 5.88256
1.07079 0.211871 5.07069
1.3499 2.98675 0.150244
1.75307 1.75268 1.26604
1.30608 0.639734 4.45597
0.208038 3.76076 1.98571
2.01307 0.118922 0.121238
1.16251 2.31592 3.46312
0.257207 2.52117 4.60989
0.456692 3.91582 0.159293
0.214067 3.23917 3.48648
0.734791 2.47414 4.19651
1.92845 0.0912615 1.64953
0.968968 1.94197 4.39404
1.47692 2.12598 2.52217
1.93175 1.02634 0.40799
1.89005 0.0820304 2.00925
2.00374 0.0902352 0.198179
0.955362 2.60712 3.55777
1.8082 0.982566 2.12749
0.75496 1.99281 4.70465
1.7824 1.90767 0.110015
1.61533 1.615 2.6118
1.8359 0.00862188 2.42328
0.016744 0.393232 5.97844
0.898851 3.11014 2.67293
0.969611 1.43639 4.80662
1.7367 1.54307 1.91624
1.13906 0.911771 4.75908
0.707624 3.04191 3.28742
1.15672 3.26026 0.420321
1.47645 1.87126 2.94396
0.641613 3.79133 0.315847
1.49311 1.70434 3.16572
1.42815 2.84483 0.104611
0.425671 3.26058 3.25603
1.37303 1.3729 3.86666
0.588852 3.68477 1.56223
1.0846 2.97865 2.36692
0.732083 1.20838 5.29644
1.16278 2.57068 3.024
1.82171 1.6776 0.171681
1.17236 1.39131 4.40598
1.78331 0.324088 2.69795
0.791165 3.53342 1.56691
1.67535 2.19811 0.288662
1.59145 2.46169 0.140467
1.39281 0.148466 4.31546
0.847419 3.36311 2.1
0.872184 0.199129 5.40083
1.4252 2.49474 1.99265
1.63243 0.180856 3.47645
1.56109 2.33189 1.4324
1.52531 1.1746 3.47981
2.01287 0.132017 0.0776517
1.96769 0.00866452 1.16347
0.232664 3.00461 3.91073
0.790305 3.72104 0.0842639
1.18886 1.91081 3.90255
1.99543 0.00911047 0.613255
0.501213 2.70737 4.17464
1.28931 2.5865 2.50145
0.367601 3.84228 1.28895
0.250123 2.22697 4.94015
0.43385 3.59143 2.33699
1.2552 3.12089 0.285866
1.97357 0.753695 0.0109342
0.660706 0.219958 5.66135
1.25422 2.81124 2.0742
1.72314 2.04014 0.24002
1.02168 3.23535 1.82352
0.24104 1.97616 5.17998
0.937569 0.935437 5.12436
0.502844 1.73103 5.21003
1.62714 1.22047 3.03358
1.5369 0.0671208 3.86239
0.119946 4.0093 0.106569
0.747409 0.00804627 5.57744
1.58986 1.97591 2.16193
1.37694 1.83449 3.39371
1.9041 1.3144 0.0918468
0.968959 2.39927 3.84659
1.88466 0.869887 1.58352
0.247413 1.45545 5.54947
0.945075 3.52974 0.327924
1.74715 0.00844883 2.9538
0.938811 2.79977 3.26933
0.0111739 0.0078239 6.00743
1.86312 1.4664 0.257461
0.739888 2.68679 3.90352
1.09658 3.3576 0.167173
0.469062 0.673634 5.7523
0.212036 3.50217 2.85108
0.173628 3.93404 1.01229
2.00473 0.211097 0.00991542
