1.08905 3.35985
1.92516 1.10117
1.62955 2.3272
1.72145 2.04562
1.97593 0.647381
1.60695 2.38935
1.33373 2.98664
0.0653692 4.00013
1.70514 2.09949
0.168713 3.98823
1.65439 2.256
1.99805 0.264019
1.00588 3.46187
0.482312 3.88513
0.90353 3.57291
0.437601 3.90615
1.89638 1.28563
1.91945 1.14034
1.80196 1.74646
1.78952 1.79679
1.03132 3.43186
0.850639 3.62429
1.94593 0.944482
0.824225 3.64858
1.54611 2.54508
0.707792 3.74487
0.980965 3.49032
1.78049 1.83238
1.87065 1.42847
0.343295 3.9435
1.64396 2.28634
1.93672 1.01673
0.59027 3.82526
0.523352 3.86391
1.29431 3.05552
0.761649 3.70248
2.01229 0.0447969
1.82764 1.63612
1.98882 0.462801
1.2592 3.11323
0.955242 3.51869
1.45107 2.75934
0.210764 3.9803
0.305658 3.95586
0.92956 3.54606
0.680707 3.76485
1.86099 1.4781
1.16857 3.25137
1.88637 1.3432
0.553897 3.84689
0.734689 3.72416
1.57661 2.46868
1.97014 0.714673
1.56269 2.50384
1.50737 2.63594
1.14502 3.28467
1.67334 2.19961
1.61911 2.35615
0.626513 3.8022
1.59105 2.43137
1.39633 2.87001
0.653463 3.78406
1.27326 3.0903
0.79733 3.67235
1.68691 2.15759
1.53564 2.56989
1.81579 1.68813
1.93112 1.05848
0.39227 3.92528
1.31543 3.01891
1.91199 1.1894
1.99443 0.352844
1.12916 3.30654
1.95144 0.896992
2.00209 0.0482632
0.877264 3.59886
1.24375 3.13797
1.76599 1.8876
1.04789 3.41174
1.37619 2.90864
1.74817 1.95282
1.43282 2.79721
1.22119 3.17316
1.0646 3.39103
1.51951 2.6079
1.966 0.758992
1.7343 2.00173
1.48769 2.68065
1.10522 3.3388
1.98314 0.551944
1.85053 1.52976
1.35175 2.95408
1.41444 2.83434
1.46877 2.72167
1.9039 1.24031
1.88013 1.37781
1.83978 1.58079
1.95971 0.821564
1.19884 3.20705
0.254081 3.97026
