0.800721909234456
0.800721909234456
0.800721909234456
0.800721909234456
0.800721909234456
0.800721909234456
0.800721909234456
0.800721909234456
0.800721909234456
0.800721909234456
0.800721909234456
0.800721909234456
0.800721909234456
0.800721909234456
0.800721909234456
0.800721909234456
0.800721909234456
0.800721909234456
0.800721909234456
0.800721909234456
0.800721909234456
0.800721909234456
0.800721909234456
0.800721909234456
0.800721909234456
0.800721909234456
0.800721909234456
0.800721909234456
0.800721909234456
0.800721909234456
0.800721909234456
0.800721909234456
0.800721909234456
0.800721909234456
0.800721909234456
