1.333393853161
1.333172798557
1.333188439952
1.333022961282
1.333545389043
1.3328756812943
1.3332676319714
1.3334848504804
1.33337133945
1.3333618519989
1.3332348531644
1.3329376987042
1.333385809713
1.333084412057
1.3327977194192
1.3328229282565
1.3331301110984
1.3332016929844
1.332580381613
1.3330670002147
1.333275291909
1.3331356544448
1.3329177488173
1.333209202095
1.33259366202
1.3330993351872
1.33296863442
1.3333865003891
1.333085893108
1.333236452598
1.3332870562998
1.3332588331266
1.3332334962727
1.333382253909
1.3335777945642
