0.542832999996344
0.542832999996344
0.542832999996344
0.542832999996344
0.542832999996344
0.542832999996344
0.542832999996344
0.542832999996344
0.542832999996344
0.542832999996344
0.542832999996344
0.542832999996344
0.542832999996344
0.542832999996344
0.542832999996344
0.542832999996344
0.542832999996344
0.542832999996344
0.542832999996344
0.542832999996344
0.542832999996344
0.542832999996344
0.542832999996344
0.542832999996344
0.542832999996344
0.542832999996344
0.542832999996344
0.542832999996344
0.542832999996344
0.542832999996344
0.542832999996344
0.542832999996344
0.542832999996344
0.542832999996344
0.542832999996344
