0.42008510500385
0.420085106968133
0.420085105947097
0.420085107407104
0.420085106293858
0.42008510682153
0.420085105818195
0.420085106971165
0.420085106626221
0.420085105962693
0.420085106499109
0.420085105849873
0.420085105243548
0.420085105402619
0.420085105509266
0.420085106720072
0.42008510546548
0.420085106117753
0.420085107739159
0.420085106914986
0.420085107317665
0.420085107237761
0.420085106432436
0.420085107253096
0.420085105270456
0.420085104367152
0.420085106005268
0.420085106855513
0.420085105978008
0.42008510636685
0.420085105901253
0.420085106805161
0.420085106789832
0.420085106399307
0.420085106372298
