34.4778994758875
34.4779610851287
34.477857322479
34.4778018519936
34.4776009196607
34.4779290476615
34.4780793151642
34.4779761269774
34.4777639343675
34.4777662857526
34.4777342920821
34.4779226674589
34.4782292999712
34.4779469588522
34.4778567635161
34.4775402342201
34.4777574537689
34.4776341539544
34.477871308
34.4777983686505
34.4776968113152
34.4779148815987
34.4778498775802
34.4781219002404
34.4779080996001
34.4775798692491
34.4781408846157
34.4780982661261
34.477973948986
34.4778084544532
34.4778553716742
34.4775268417151
34.4778386447901
34.4779257137256
34.4776190973326
