31.0562870625435
31.0421216352235
30.9355338914867
31.0268365216881
31.0728543388955
31.0321865498882
31.0321481638152
31.0148557336593
31.0064218945133
31.0650086033236
31.0086271594975
31.0222819496556
30.9837041786823
31.1388653428037
31.0585130991401
30.9209685737677
31.0137418368037
30.9285659223756
31.0368051169483
31.1280566512083
30.8950133331659
30.9379829964329
31.0506143696635
31.0914970853358
31.0228900757971
31.0665056856965
30.9842323440014
30.938242089819
31.0373960358456
31.082391185063
30.9210574097195
31.0161663465845
31.0518933952499
31.0154267983683
31.0729740308521
