0.93223359382792
0.951097579434644
0.931730860662779
0.928842235354701
0.921836796657949
0.949642601617829
0.942105352156518
0.927331081107951
0.918153643367891
0.937282156526594
0.933972726830514
0.878091909866657
0.933552299396841
0.936806398917834
0.947659093472395
0.945793498700501
0.928228605048107
0.957077578237165
0.932625293026145
0.92242456114923
0.925925004515647
0.917136407390384
0.948290679006303
0.93946263394916
0.950953376998682
0.936373207270383
0.950276209931806
0.936386077876815
0.943512274155914
0.921618645584099
0.950822760547317
0.925031098271624
0.946026897157345
0.9617904883756
0.943145738764769
