0.932208090043019
0.934814754287643
0.929052615752619
0.938507048978094
0.937355415972789
0.918564048816164
0.934995479980777
0.937148664362033
0.936428728253888
0.935659368938592
0.938182036154395
0.937697258123228
0.938100711180077
0.93877638587911
0.937701946882018
0.939840982363834
0.937249725422722
0.937940782184086
0.935558435730196
0.934458984711917
0.934034354501146
0.936605806622284
0.935562442965136
0.934018285337085
0.940013772747108
0.934485340757978
0.938688242275948
0.934041063031117
0.938582717272502
0.936764388888196
0.928315993532755
0.938568927667743
0.928977476485772
0.937144622825491
0.93688513172242
