0.98868765020889
0.988448524513956
0.987802697541684
0.989240438132549
0.988843355206484
0.987638475503089
0.98654367666899
0.986891305556045
0.984328831748497
0.989405412582355
0.989647777462679
0.988454749646884
0.988415281691655
0.989179306178333
0.98911360555328
0.98810085690148
0.988969341173268
0.989365031100644
0.989735167665956
0.986568933737015
0.990017207270007
0.989354196273133
0.988717973300068
0.989803728239911
0.98836614471018
0.989930681928109
0.987491412386266
0.988985759205288
0.987232718457987
0.989935500761917
0.98764678736995
0.988812569042579
0.989288197499325
0.989799380465215
0.989789288460756
