0.94849232238248
0.934412496498826
0.949110021560793
0.945847555185076
0.953858220394236
0.938243875834669
0.92691983105587
0.938178417486154
0.951128374214279
0.9416283952646
0.957088647798358
0.948772496886341
0.942200495995602
0.947701229431968
0.93855039161374
0.947431999711317
0.947452237642049
0.938204217906466
0.956495916222108
0.938295580069945
0.957552749469593
0.936996466979443
0.953985218656645
0.94892047416257
0.950601311591974
0.948278834992544
0.935272568847898
0.93233119426875
0.948809928095699
0.955205771232267
0.942709447602551
0.960266471260875
0.939720435740511
0.939693656741244
0.940227277323917
