0.82241081098266
0.822918426002108
0.83191375549998
0.814693514924833
0.822160734299676
0.815379536348693
0.828795427550608
0.817115219555041
0.820793864154055
0.826013524319627
0.825348449664339
0.829855004302468
0.827058734054099
0.826354289462509
0.826576609988745
0.821195503249201
0.828294814957528
0.822096219016364
0.822974581571609
0.828949356905494
0.827205842881311
0.824239063785509
0.82937606068979
0.823924595239659
0.827128003512179
0.830281312654758
0.824467601554393
0.82627250946708
0.831584050246785
0.829047404448377
0.824964056399796
0.821184943529253
0.816125522301145
0.820275389631748
0.821536838892114
