0.79086718759651
0.80153498017803
0.797880681969098
0.800796016382021
0.807213951760515
0.803863393986568
0.792867584565842
0.802835599440597
0.802184157961355
0.800633705251489
0.804778030365044
0.800433228740587
0.798330751359039
0.799191603374689
0.794829875680036
0.795093773546424
0.801917262554856
0.801082385972588
0.797868276530588
0.801578095904132
0.800309303307681
0.790949186689091
0.79561683693649
0.800314916471878
0.799359359510716
0.790201864021985
0.805229196486089
0.791385531775516
0.800134796050043
0.796238513241708
0.797448260106812
0.79638310734107
0.795045199700845
0.793124238170123
0.798009247746624
