0.345074996958982
0.229817821595106
0.471738978102184
0.194512383181297
0.190205432322758
0.276516061612684
0.329413342383782
0.424110106679288
0.248200073495466
0.379772242978891
0.299411484078886
0.242092745165705
0.277223397609287
0.361835612498213
0.15631499307886
0.0954249316283954
0.0564940481380784
0.283851580751698
0.351794836329755
0.295051309980518
0.26576334375343
0.333741817967101
0.416514449871184
0.277179678115901
0.356197850322236
0.487951877636601
0.214143046573315
0.302517333641012
0.286117731117268
0.200408318666377
0.205752058337187
0.252037958757124
0.340106141324156
0.476021403447005
0.314130065866224
