0.831965347551837
0.832201469457499
0.832160326981403
0.832013366164271
0.832565775916297
0.832078141353118
0.833168182157359
0.832372258412569
0.832432578369785
0.831921192658238
0.831300450158591
0.832591066979685
0.832210200907564
0.831945383323666
0.832716973567749
0.831990220136574
0.832571719076094
0.832157346684396
0.832102689111557
0.832270405771043
0.832786869659314
0.831629846151504
0.832208103033862
0.831813422773696
0.831922700024909
0.832956701692942
0.832144069036333
0.831943871900261
0.832564119767976
0.832241941606721
0.832051074355255
0.83233712686112
0.830927064557144
0.83247432636965
0.833115248014592
