0.987610265980822
0.987698409960409
0.987617776930214
0.987618180301467
0.98750883430441
0.987591872840545
0.9876817156903
0.987404997122058
0.987607607263731
0.987578208271308
0.987660610835248
0.987691926577203
0.987676639690006
0.987689020537591
0.987626244782213
0.987608355119923
0.987470060610748
0.987711992088806
0.98767346866198
0.987535824846578
0.98767190817465
0.987588112949376
0.987659833535899
0.987702693939776
0.987599940265607
0.987670880608465
0.987476997418574
0.987688075412246
0.98766113197913
0.987630773139784
0.987530109929773
0.987627984872801
0.987536725807187
0.987510698056258
0.987639458871145
