0.761348950647808
0.77263625578643
0.746845723761858
0.738596404434184
0.747160290185425
0.734168804052136
0.739935444947667
0.835899764733822
0.743901353034632
0.740844259036659
0.734780804304074
0.741846493226539
0.734998130463034
0.739666315114697
0.835102275163144
0.75401195712644
0.833977007297581
0.708098594584809
0.754742127477015
0.747552795408453
0.743951827397429
0.832506433923282
0.741202395214382
0.737095562257865
0.752343677776533
0.748102219167651
0.74112500813002
0.780627819442386
0.736052381283195
0.761101753917502
0.739066221151903
0.750051619473797
0.740350571578292
0.709694755331957
0.754818909027779
