1.103e+00  8.029e-04  
2.492e-04  1.045e+00  
9.967e-01  5.585e-03  
9.854e-01  1.579e-02  
9.636e-01  2.559e-02  
9.407e-01  3.534e-02  
9.257e-01  4.420e-02  
9.098e-01  5.446e-02  
8.914e-01  6.464e-02  
8.739e-01  7.324e-02  
8.555e-01  8.236e-02  
8.383e-01  9.149e-02  
8.308e-01  9.899e-02  
8.057e-01  1.074e-01  
7.926e-01  1.169e-01  
7.791e-01  1.252e-01  
7.623e-01  1.332e-01  
7.488e-01  1.422e-01  
7.325e-01  1.486e-01  
7.243e-01  1.568e-01  
7.053e-01  1.652e-01  
7.030e-01  1.734e-01  
6.800e-01  1.801e-01  
6.674e-01  1.881e-01  
6.579e-01  1.961e-01  
6.492e-01  2.038e-01  
6.463e-01  2.159e-01  
6.237e-01  2.198e-01  
6.099e-01  2.271e-01  
5.997e-01  2.337e-01  
5.916e-01  2.436e-01  
5.751e-01  2.484e-01  
5.652e-01  2.544e-01  
5.518e-01  2.624e-01  
5.410e-01  2.689e-01  
5.318e-01  2.767e-01  
5.193e-01  2.845e-01  
5.095e-01  2.903e-01  
5.002e-01  2.961e-01  
4.928e-01  3.065e-01  
4.811e-01  3.121e-01  
4.702e-01  3.175e-01  
4.629e-01  3.271e-01  
4.525e-01  3.335e-01  
4.415e-01  3.404e-01  
4.332e-01  3.465e-01  
4.233e-01  3.530e-01  
4.133e-01  3.604e-01  
4.066e-01  3.675e-01  
3.973e-01  3.742e-01  
3.899e-01  3.829e-01  
3.804e-01  3.886e-01  
3.712e-01  3.953e-01  
3.645e-01  4.047e-01  
3.546e-01  4.094e-01  
3.463e-01  4.163e-01  
3.382e-01  4.238e-01  
3.304e-01  4.325e-01  
3.211e-01  4.375e-01  
3.122e-01  4.445e-01  
3.052e-01  4.527e-01  
2.965e-01  4.589e-01  
2.886e-01  4.669e-01  
2.814e-01  4.747e-01  
2.732e-01  4.814e-01  
2.653e-01  4.886e-01  
2.580e-01  4.968e-01  
2.499e-01  5.040e-01  
2.429e-01  5.133e-01  
2.367e-01  5.221e-01  
2.262e-01  5.325e-01  
2.192e-01  5.439e-01  
2.131e-01  5.504e-01  
2.044e-01  5.592e-01  
1.974e-01  5.666e-01  
1.886e-01  5.784e-01  
1.814e-01  5.859e-01  
1.731e-01  5.912e-01  
1.667e-01  6.016e-01  
1.605e-01  6.068e-01  
1.538e-01  6.176e-01  
1.457e-01  6.261e-01  
1.380e-01  6.351e-01  
1.304e-01  6.459e-01  
1.217e-01  6.595e-01  
1.152e-01  6.709e-01  
1.061e-01  6.857e-01  
1.000e-01  6.938e-01  
9.342e-02  7.039e-01  
8.512e-02  7.185e-01  
7.639e-02  7.306e-01  
7.000e-02  7.432e-01  
6.224e-02  7.592e-01  
5.397e-02  7.773e-01  
4.647e-02  7.947e-01  
3.869e-02  8.171e-01  
3.075e-02  8.345e-01  
2.306e-02  8.632e-01  
1.313e-02  8.986e-01  
5.170e-03  9.585e-01  
