1.065e+00  8.230e-04  
4.551e-04  1.032e+00  
1.000e+00  4.004e-03  
9.801e-01  1.523e-02  
9.778e-01  2.409e-02  
9.559e-01  2.929e-02  
9.387e-01  4.370e-02  
9.129e-01  5.396e-02  
8.889e-01  6.274e-02  
8.742e-01  7.350e-02  
8.601e-01  8.073e-02  
8.433e-01  9.048e-02  
8.289e-01  1.004e-01  
8.161e-01  1.075e-01  
7.982e-01  1.171e-01  
7.797e-01  1.235e-01  
7.644e-01  1.336e-01  
7.494e-01  1.396e-01  
7.342e-01  1.480e-01  
7.239e-01  1.580e-01  
7.083e-01  1.659e-01  
6.928e-01  1.728e-01  
6.824e-01  1.810e-01  
6.696e-01  1.893e-01  
6.589e-01  1.935e-01  
6.510e-01  2.031e-01  
6.392e-01  2.142e-01  
6.285e-01  2.207e-01  
6.076e-01  2.254e-01  
5.990e-01  2.319e-01  
5.884e-01  2.428e-01  
5.750e-01  2.470e-01  
5.640e-01  2.555e-01  
5.515e-01  2.618e-01  
5.441e-01  2.698e-01  
5.346e-01  2.760e-01  
5.254e-01  2.846e-01  
5.172e-01  2.888e-01  
5.034e-01  2.971e-01  
4.958e-01  3.065e-01  
4.832e-01  3.116e-01  
4.691e-01  3.204e-01  
4.630e-01  3.255e-01  
4.567e-01  3.345e-01  
4.446e-01  3.406e-01  
4.351e-01  3.463e-01  
4.256e-01  3.530e-01  
4.162e-01  3.616e-01  
4.078e-01  3.685e-01  
3.969e-01  3.742e-01  
3.898e-01  3.828e-01  
3.832e-01  3.913e-01  
3.717e-01  3.957e-01  
3.635e-01  4.029e-01  
3.557e-01  4.093e-01  
3.454e-01  4.164e-01  
3.376e-01  4.236e-01  
3.302e-01  4.317e-01  
3.218e-01  4.389e-01  
3.128e-01  4.450e-01  
3.061e-01  4.525e-01  
2.998e-01  4.605e-01  
2.890e-01  4.681e-01  
2.810e-01  4.738e-01  
2.739e-01  4.809e-01  
2.656e-01  4.890e-01  
2.573e-01  4.957e-01  
2.501e-01  5.040e-01  
2.420e-01  5.118e-01  
2.346e-01  5.185e-01  
2.276e-01  5.281e-01  
2.189e-01  5.353e-01  
2.121e-01  5.436e-01  
2.049e-01  5.510e-01  
1.967e-01  5.589e-01  
1.892e-01  5.686e-01  
1.823e-01  5.775e-01  
1.759e-01  5.869e-01  
1.671e-01  5.953e-01  
1.592e-01  6.048e-01  
1.515e-01  6.141e-01  
1.452e-01  6.234e-01  
1.373e-01  6.333e-01  
1.305e-01  6.440e-01  
1.232e-01  6.549e-01  
1.158e-01  6.657e-01  
1.084e-01  6.759e-01  
1.005e-01  6.902e-01  
9.305e-02  6.992e-01  
8.515e-02  7.121e-01  
7.834e-02  7.269e-01  
7.038e-02  7.398e-01  
6.287e-02  7.553e-01  
5.482e-02  7.720e-01  
4.715e-02  7.898e-01  
3.910e-02  8.096e-01  
2.956e-02  8.322e-01  
2.203e-02  8.611e-01  
1.398e-02  8.939e-01  
5.111e-03  9.580e-01  
