1.004e+00  5.041e-04  
1.896e-04  9.923e-01  
9.953e-01  4.971e-03  
9.905e-01  1.583e-02  
9.888e-01  2.353e-02  
9.879e-01  3.624e-02  
9.869e-01  4.495e-02  
8.954e-01  5.517e-02  
8.911e-01  6.317e-02  
8.901e-01  7.326e-02  
8.647e-01  8.114e-02  
8.354e-01  9.302e-02  
8.211e-01  9.854e-02  
8.085e-01  1.075e-01  
7.967e-01  1.170e-01  
7.933e-01  1.238e-01  
7.609e-01  1.312e-01  
7.462e-01  1.402e-01  
7.323e-01  1.487e-01  
7.216e-01  1.568e-01  
7.174e-01  1.653e-01  
6.928e-01  1.735e-01  
6.806e-01  1.790e-01  
6.655e-01  1.883e-01  
6.550e-01  1.955e-01  
6.468e-01  2.041e-01  
6.292e-01  2.106e-01  
6.199e-01  2.181e-01  
6.091e-01  2.254e-01  
5.925e-01  2.329e-01  
5.824e-01  2.394e-01  
5.730e-01  2.472e-01  
5.614e-01  2.541e-01  
5.517e-01  2.614e-01  
5.414e-01  2.684e-01  
5.282e-01  2.751e-01  
5.199e-01  2.828e-01  
5.096e-01  2.894e-01  
4.995e-01  2.968e-01  
4.899e-01  3.042e-01  
4.808e-01  3.115e-01  
4.699e-01  3.179e-01  
4.609e-01  3.254e-01  
4.504e-01  3.310e-01  
4.409e-01  3.382e-01  
4.312e-01  3.452e-01  
4.228e-01  3.519e-01  
4.140e-01  3.589e-01  
4.052e-01  3.663e-01  
3.969e-01  3.737e-01  
3.871e-01  3.803e-01  
3.788e-01  3.868e-01  
3.698e-01  3.936e-01  
3.616e-01  4.006e-01  
3.535e-01  4.083e-01  
3.447e-01  4.150e-01  
3.367e-01  4.218e-01  
3.287e-01  4.295e-01  
3.200e-01  4.357e-01  
3.117e-01  4.428e-01  
3.037e-01  4.502e-01  
2.955e-01  4.573e-01  
2.881e-01  4.651e-01  
2.799e-01  4.719e-01  
2.725e-01  4.795e-01  
2.645e-01  4.875e-01  
2.567e-01  4.945e-01  
2.488e-01  5.021e-01  
2.415e-01  5.097e-01  
2.339e-01  5.176e-01  
2.260e-01  5.253e-01  
2.186e-01  5.332e-01  
2.109e-01  5.410e-01  
2.035e-01  5.493e-01  
1.959e-01  5.577e-01  
1.886e-01  5.660e-01  
1.812e-01  5.747e-01  
1.738e-01  5.837e-01  
1.665e-01  5.926e-01  
1.592e-01  6.018e-01  
1.517e-01  6.113e-01  
1.444e-01  6.209e-01  
1.371e-01  6.308e-01  
1.295e-01  6.406e-01  
1.223e-01  6.509e-01  
1.149e-01  6.616e-01  
1.075e-01  6.728e-01  
1.001e-01  6.844e-01  
9.261e-02  6.964e-01  
8.506e-02  7.091e-01  
7.755e-02  7.221e-01  
6.995e-02  7.361e-01  
6.225e-02  7.509e-01  
5.451e-02  7.670e-01  
4.668e-02  7.843e-01  
3.870e-02  8.040e-01  
3.063e-02  8.255e-01  
2.230e-02  8.512e-01  
1.381e-02  8.831e-01  
4.843e-03  9.326e-01  
