1.063e+00  1.505e-02  
2.068e-04  9.916e-01  
9.700e-01  1.921e-02  
9.589e-01  2.996e-02  
9.575e-01  3.464e-02  
9.138e-01  4.954e-02  
9.005e-01  5.839e-02  
8.811e-01  6.706e-02  
8.794e-01  7.631e-02  
8.507e-01  8.617e-02  
8.299e-01  9.325e-02  
8.255e-01  1.029e-01  
7.977e-01  1.106e-01  
7.878e-01  1.197e-01  
7.753e-01  1.286e-01  
7.540e-01  1.353e-01  
7.505e-01  1.423e-01  
7.274e-01  1.531e-01  
7.150e-01  1.597e-01  
7.055e-01  1.672e-01  
6.929e-01  1.760e-01  
6.740e-01  1.838e-01  
6.616e-01  1.901e-01  
6.507e-01  1.988e-01  
6.374e-01  2.061e-01  
6.298e-01  2.118e-01  
6.156e-01  2.223e-01  
6.027e-01  2.302e-01  
5.951e-01  2.368e-01  
5.818e-01  2.446e-01  
5.699e-01  2.507e-01  
5.589e-01  2.560e-01  
5.505e-01  2.640e-01  
5.390e-01  2.706e-01  
5.293e-01  2.776e-01  
5.189e-01  2.841e-01  
5.091e-01  2.917e-01  
4.971e-01  2.975e-01  
4.870e-01  3.042e-01  
4.779e-01  3.116e-01  
4.670e-01  3.183e-01  
4.581e-01  3.247e-01  
4.493e-01  3.318e-01  
4.413e-01  3.392e-01  
4.326e-01  3.457e-01  
4.230e-01  3.527e-01  
4.131e-01  3.592e-01  
4.047e-01  3.658e-01  
3.969e-01  3.734e-01  
3.881e-01  3.803e-01  
3.788e-01  3.865e-01  
3.704e-01  3.935e-01  
3.621e-01  4.007e-01  
3.534e-01  4.075e-01  
3.461e-01  4.144e-01  
3.369e-01  4.213e-01  
3.284e-01  4.283e-01  
3.205e-01  4.354e-01  
3.125e-01  4.424e-01  
3.049e-01  4.492e-01  
2.969e-01  4.563e-01  
2.887e-01  4.635e-01  
2.817e-01  4.707e-01  
2.740e-01  4.777e-01  
2.659e-01  4.852e-01  
2.583e-01  4.928e-01  
2.510e-01  4.998e-01  
2.444e-01  5.075e-01  
2.358e-01  5.153e-01  
2.295e-01  5.225e-01  
2.213e-01  5.305e-01  
2.137e-01  5.386e-01  
2.073e-01  5.466e-01  
1.992e-01  5.547e-01  
1.923e-01  5.628e-01  
1.845e-01  5.712e-01  
1.774e-01  5.796e-01  
1.703e-01  5.886e-01  
1.632e-01  5.971e-01  
1.557e-01  6.061e-01  
1.490e-01  6.157e-01  
1.416e-01  6.250e-01  
1.345e-01  6.351e-01  
1.269e-01  6.450e-01  
1.198e-01  6.554e-01  
1.129e-01  6.658e-01  
1.058e-01  6.768e-01  
9.844e-02  6.882e-01  
9.080e-02  7.000e-01  
8.350e-02  7.126e-01  
7.631e-02  7.254e-01  
6.886e-02  7.394e-01  
6.132e-02  7.540e-01  
5.365e-02  7.698e-01  
4.599e-02  7.871e-01  
3.816e-02  8.062e-01  
3.010e-02  8.275e-01  
2.201e-02  8.529e-01  
1.355e-02  8.846e-01  
4.726e-03  9.324e-01  
