9.961e-01  2.139e-03  
2.715e-03  9.487e-01  
9.947e-01  6.010e-03  
9.730e-01  1.706e-02  
9.525e-01  2.679e-02  
9.354e-01  3.650e-02  
9.174e-01  4.591e-02  
9.117e-01  5.557e-02  
8.903e-01  6.394e-02  
8.690e-01  7.366e-02  
8.526e-01  8.271e-02  
8.392e-01  9.112e-02  
8.172e-01  9.999e-02  
8.105e-01  1.087e-01  
7.895e-01  1.163e-01  
7.739e-01  1.249e-01  
7.609e-01  1.330e-01  
7.562e-01  1.424e-01  
7.381e-01  1.502e-01  
7.311e-01  1.587e-01  
7.067e-01  1.648e-01  
6.924e-01  1.718e-01  
6.807e-01  1.799e-01  
6.687e-01  1.873e-01  
6.556e-01  1.971e-01  
6.478e-01  2.012e-01  
6.297e-01  2.106e-01  
6.169e-01  2.180e-01  
6.056e-01  2.255e-01  
5.983e-01  2.335e-01  
5.867e-01  2.394e-01  
5.712e-01  2.464e-01  
5.594e-01  2.537e-01  
5.498e-01  2.606e-01  
5.394e-01  2.683e-01  
5.277e-01  2.746e-01  
5.178e-01  2.814e-01  
5.078e-01  2.888e-01  
4.981e-01  2.954e-01  
4.884e-01  3.022e-01  
4.785e-01  3.098e-01  
4.689e-01  3.170e-01  
4.606e-01  3.236e-01  
4.512e-01  3.304e-01  
4.410e-01  3.369e-01  
4.321e-01  3.438e-01  
4.226e-01  3.503e-01  
4.142e-01  3.576e-01  
4.048e-01  3.649e-01  
3.964e-01  3.712e-01  
3.875e-01  3.781e-01  
3.792e-01  3.851e-01  
3.700e-01  3.927e-01  
3.617e-01  3.997e-01  
3.538e-01  4.056e-01  
3.463e-01  4.133e-01  
3.380e-01  4.201e-01  
3.296e-01  4.272e-01  
3.218e-01  4.344e-01  
3.138e-01  4.422e-01  
3.058e-01  4.492e-01  
2.980e-01  4.559e-01  
2.891e-01  4.669e-01  
2.824e-01  4.720e-01  
2.746e-01  4.779e-01  
2.672e-01  4.877e-01  
2.581e-01  4.941e-01  
2.503e-01  5.011e-01  
2.429e-01  5.121e-01  
2.369e-01  5.208e-01  
2.287e-01  5.235e-01  
2.202e-01  5.326e-01  
2.136e-01  5.386e-01  
2.043e-01  5.522e-01  
1.986e-01  5.583e-01  
1.915e-01  5.653e-01  
1.836e-01  5.773e-01  
1.758e-01  5.830e-01  
1.683e-01  5.915e-01  
1.609e-01  6.004e-01  
1.540e-01  6.115e-01  
1.464e-01  6.197e-01  
1.390e-01  6.295e-01  
1.311e-01  6.403e-01  
1.243e-01  6.499e-01  
1.161e-01  6.606e-01  
1.093e-01  6.728e-01  
1.017e-01  6.835e-01  
9.462e-02  6.945e-01  
8.716e-02  7.063e-01  
7.964e-02  7.197e-01  
7.211e-02  7.341e-01  
6.446e-02  7.475e-01  
5.682e-02  7.645e-01  
4.880e-02  7.830e-01  
4.101e-02  7.988e-01  
3.226e-02  8.247e-01  
2.474e-02  8.458e-01  
1.618e-02  8.862e-01  
5.368e-03  9.330e-01  
