9.931e-01  3.644e-03  
2.142e-03  9.552e-01  
9.916e-01  8.507e-03  
9.791e-01  1.803e-02  
9.565e-01  2.832e-02  
9.390e-01  3.410e-02  
9.220e-01  4.616e-02  
8.970e-01  5.629e-02  
8.851e-01  6.582e-02  
8.633e-01  7.376e-02  
8.511e-01  8.294e-02  
8.414e-01  9.088e-02  
8.170e-01  1.003e-01  
7.994e-01  1.091e-01  
7.962e-01  1.121e-01  
7.720e-01  1.260e-01  
7.607e-01  1.338e-01  
7.456e-01  1.427e-01  
7.267e-01  1.495e-01  
7.170e-01  1.581e-01  
7.071e-01  1.666e-01  
6.953e-01  1.743e-01  
6.798e-01  1.817e-01  
6.702e-01  1.888e-01  
6.572e-01  1.962e-01  
6.482e-01  2.051e-01  
6.361e-01  2.130e-01  
6.256e-01  2.212e-01  
6.062e-01  2.264e-01  
5.917e-01  2.324e-01  
5.879e-01  2.407e-01  
5.743e-01  2.463e-01  
5.600e-01  2.543e-01  
5.525e-01  2.612e-01  
5.386e-01  2.680e-01  
5.299e-01  2.761e-01  
5.189e-01  2.840e-01  
5.114e-01  2.907e-01  
4.974e-01  2.974e-01  
4.896e-01  3.033e-01  
4.805e-01  3.100e-01  
4.697e-01  3.168e-01  
4.603e-01  3.244e-01  
4.501e-01  3.323e-01  
4.420e-01  3.383e-01  
4.317e-01  3.439e-01  
4.232e-01  3.519e-01  
4.138e-01  3.576e-01  
4.068e-01  3.690e-01  
3.950e-01  3.732e-01  
3.863e-01  3.801e-01  
3.787e-01  3.880e-01  
3.689e-01  3.940e-01  
3.606e-01  4.006e-01  
3.523e-01  4.080e-01  
3.440e-01  4.146e-01  
3.361e-01  4.223e-01  
3.274e-01  4.287e-01  
3.199e-01  4.364e-01  
3.116e-01  4.430e-01  
3.037e-01  4.502e-01  
2.958e-01  4.572e-01  
2.880e-01  4.649e-01  
2.800e-01  4.719e-01  
2.718e-01  4.829e-01  
2.646e-01  4.886e-01  
2.570e-01  4.944e-01  
2.495e-01  5.023e-01  
2.418e-01  5.097e-01  
2.343e-01  5.174e-01  
2.269e-01  5.258e-01  
2.194e-01  5.335e-01  
2.116e-01  5.418e-01  
2.044e-01  5.495e-01  
1.968e-01  5.577e-01  
1.896e-01  5.660e-01  
1.818e-01  5.743e-01  
1.749e-01  5.835e-01  
1.674e-01  5.927e-01  
1.599e-01  6.020e-01  
1.528e-01  6.118e-01  
1.455e-01  6.200e-01  
1.380e-01  6.304e-01  
1.309e-01  6.409e-01  
1.238e-01  6.534e-01  
1.160e-01  6.611e-01  
1.087e-01  6.733e-01  
1.015e-01  6.871e-01  
9.398e-02  6.961e-01  
8.686e-02  7.102e-01  
7.922e-02  7.224e-01  
7.138e-02  7.354e-01  
6.387e-02  7.494e-01  
5.550e-02  7.688e-01  
4.799e-02  7.859e-01  
4.036e-02  8.024e-01  
3.261e-02  8.286e-01  
2.425e-02  8.505e-01  
1.338e-02  8.981e-01  
6.526e-03  9.379e-01  
