1.008e+00  2.129e-03  
7.729e-03  1.061e+00  
1.007e+00  5.895e-03  
1.007e+00  5.895e-03  
1.007e+00  2.812e-02  
1.007e+00  3.789e-02  
1.007e+00  4.701e-02  
1.007e+00  4.701e-02  
1.007e+00  5.715e-02  
1.002e+00  8.434e-02  
9.931e-01  9.560e-02  
9.800e-01  1.059e-01  
9.730e-01  1.146e-01  
9.689e-01  1.255e-01  
9.630e-01  1.410e-01  
9.570e-01  1.517e-01  
9.505e-01  1.656e-01  
9.462e-01  1.780e-01  
9.436e-01  1.907e-01  
9.311e-01  2.023e-01  
9.274e-01  2.141e-01  
9.182e-01  2.278e-01  
9.076e-01  2.399e-01  
9.001e-01  2.523e-01  
8.952e-01  2.630e-01  
8.898e-01  2.783e-01  
8.851e-01  2.912e-01  
8.781e-01  3.075e-01  
8.700e-01  3.196e-01  
8.610e-01  3.337e-01  
8.512e-01  3.472e-01  
8.426e-01  3.613e-01  
8.299e-01  3.701e-01  
8.299e-01  3.794e-01  
8.299e-01  3.941e-01  
8.299e-01  3.941e-01  
8.136e-01  4.419e-01  
7.585e-01  4.478e-01  
7.585e-01  4.478e-01  
7.477e-01  4.585e-01  
7.477e-01  4.744e-01  
7.477e-01  4.919e-01  
7.477e-01  4.919e-01  
7.477e-01  5.232e-01  
7.261e-01  5.551e-01  
6.947e-01  5.622e-01  
6.755e-01  5.642e-01  
6.747e-01  5.794e-01  
6.747e-01  5.794e-01  
6.737e-01  6.284e-01  
6.525e-01  6.367e-01  
6.377e-01  6.416e-01  
6.274e-01  6.635e-01  
6.140e-01  6.722e-01  
6.046e-01  6.906e-01  
5.901e-01  7.101e-01  
5.808e-01  7.223e-01  
5.710e-01  7.293e-01  
5.605e-01  7.576e-01  
5.458e-01  7.663e-01  
5.291e-01  7.799e-01  
5.187e-01  7.918e-01  
4.953e-01  8.103e-01  
4.926e-01  8.156e-01  
4.784e-01  8.327e-01  
4.425e-01  8.328e-01  
4.324e-01  8.332e-01  
4.235e-01  8.396e-01  
4.219e-01  8.808e-01  
4.011e-01  8.858e-01  
3.867e-01  8.961e-01  
3.593e-01  8.961e-01  
3.565e-01  8.961e-01  
3.432e-01  9.072e-01  
3.291e-01  9.492e-01  
3.159e-01  9.492e-01  
2.983e-01  9.492e-01  
2.894e-01  9.493e-01  
2.802e-01  9.712e-01  
2.642e-01  9.785e-01  
2.486e-01  9.785e-01  
2.148e-01  9.938e-01  
2.148e-01  9.938e-01  
1.993e-01  9.938e-01  
1.796e-01  9.938e-01  
1.796e-01  9.938e-01  
1.638e-01  9.938e-01  
1.427e-01  9.938e-01  
1.333e-01  9.938e-01  
1.251e-01  9.938e-01  
1.136e-01  9.938e-01  
1.009e-01  9.953e-01  
7.033e-02  1.001e+00  
5.023e-02  1.001e+00  
4.876e-02  1.001e+00  
5.023e-02  1.001e+00  
1.926e-02  1.001e+00  
2.893e-02  1.001e+00  
2.174e-02  1.001e+00  
1.295e-02  1.029e+00  
