1.009e+00  5.076e-03  
5.833e-03  1.000e+00  
1.009e+00  8.538e-03  
1.009e+00  1.551e-02  
1.009e+00  2.679e-02  
1.009e+00  4.115e-02  
9.848e-01  5.255e-02  
9.769e-01  6.134e-02  
9.769e-01  6.924e-02  
9.769e-01  7.656e-02  
9.769e-01  6.896e-02  
9.769e-01  6.866e-02  
9.769e-01  7.656e-02  
9.769e-01  6.866e-02  
9.709e-01  1.451e-01  
9.528e-01  1.560e-01  
9.460e-01  1.682e-01  
9.412e-01  1.807e-01  
9.408e-01  1.941e-01  
9.261e-01  2.045e-01  
9.131e-01  2.161e-01  
9.123e-01  2.297e-01  
9.000e-01  2.416e-01  
8.971e-01  2.545e-01  
8.971e-01  2.706e-01  
8.849e-01  2.822e-01  
8.728e-01  2.938e-01  
8.728e-01  3.085e-01  
8.634e-01  3.228e-01  
8.557e-01  3.364e-01  
8.536e-01  3.516e-01  
8.463e-01  3.682e-01  
8.294e-01  3.788e-01  
8.272e-01  3.931e-01  
8.170e-01  4.097e-01  
8.063e-01  4.202e-01  
7.967e-01  4.355e-01  
7.881e-01  4.492e-01  
7.756e-01  4.606e-01  
7.715e-01  4.786e-01  
7.589e-01  4.879e-01  
7.490e-01  5.064e-01  
7.318e-01  5.165e-01  
7.290e-01  5.360e-01  
6.977e-01  5.542e-01  
6.919e-01  5.546e-01  
6.762e-01  5.633e-01  
6.758e-01  5.789e-01  
6.621e-01  5.995e-01  
6.488e-01  6.108e-01  
6.474e-01  6.175e-01  
6.443e-01  6.577e-01  
6.282e-01  6.710e-01  
6.196e-01  6.866e-01  
6.021e-01  6.912e-01  
5.932e-01  7.142e-01  
5.753e-01  7.217e-01  
5.667e-01  7.366e-01  
5.553e-01  7.544e-01  
5.420e-01  7.673e-01  
5.280e-01  7.806e-01  
5.150e-01  7.929e-01  
4.997e-01  8.038e-01  
4.871e-01  8.186e-01  
4.673e-01  8.190e-01  
4.570e-01  8.459e-01  
4.431e-01  8.471e-01  
4.306e-01  8.635e-01  
4.204e-01  8.808e-01  
3.758e-01  8.886e-01  
3.758e-01  8.886e-01  
3.675e-01  8.887e-01  
3.523e-01  8.928e-01  
3.399e-01  9.103e-01  
3.212e-01  9.104e-01  
3.108e-01  9.161e-01  
3.000e-01  9.476e-01  
2.844e-01  9.477e-01  
2.644e-01  9.611e-01  
2.585e-01  9.611e-01  
2.466e-01  9.754e-01  
2.327e-01  9.839e-01  
2.188e-01  9.907e-01  
2.063e-01  9.955e-01  
6.762e-02  1.000e+00  
8.949e-02  1.000e+00  
6.762e-02  1.000e+00  
9.168e-02  1.000e+00  
5.112e-02  1.000e+00  
9.168e-02  1.000e+00  
8.949e-02  1.000e+00  
5.112e-02  1.000e+00  
6.508e-02  1.000e+00  
6.508e-02  1.000e+00  
5.987e-02  1.000e+00  
1.755e-02  1.000e+00  
2.168e-02  1.000e+00  
2.168e-02  1.000e+00  
1.755e-02  1.000e+00  
6.889e-03  1.000e+00  
