5.000e-01  6.303e-01  
2.001e-01  8.049e-01  
5.000e-01  6.318e-01  
5.000e-01  6.350e-01  
5.000e-01  6.379e-01  
5.000e-01  6.397e-01  
5.000e-01  6.437e-01  
5.000e-01  6.446e-01  
5.000e-01  6.446e-01  
5.000e-01  6.498e-01  
5.000e-01  6.581e-01  
5.000e-01  6.612e-01  
5.000e-01  6.639e-01  
5.000e-01  6.612e-01  
5.000e-01  6.740e-01  
5.000e-01  6.732e-01  
5.000e-01  6.740e-01  
5.000e-01  6.784e-01  
5.000e-01  6.784e-01  
5.000e-01  6.952e-01  
5.000e-01  6.996e-01  
5.000e-01  6.784e-01  
5.000e-01  6.856e-01  
5.000e-01  6.856e-01  
5.000e-01  6.799e-01  
5.000e-01  6.784e-01  
5.000e-01  6.952e-01  
5.000e-01  6.780e-01  
5.000e-01  6.780e-01  
5.000e-01  6.952e-01  
5.000e-01  6.784e-01  
5.000e-01  6.952e-01  
5.000e-01  6.799e-01  
5.000e-01  6.784e-01  
5.000e-01  6.732e-01  
5.000e-01  7.795e-01  
5.000e-01  7.795e-01  
3.243e-01  8.000e-01  
3.243e-01  8.000e-01  
2.809e-01  8.000e-01  
2.835e-01  8.000e-01  
2.877e-01  8.000e-01  
2.726e-01  8.000e-01  
3.406e-01  8.000e-01  
2.220e-01  8.000e-01  
2.800e-01  8.000e-01  
3.124e-01  8.000e-01  
3.127e-01  8.000e-01  
2.220e-01  8.000e-01  
3.028e-01  8.000e-01  
2.749e-01  8.000e-01  
3.028e-01  8.000e-01  
2.921e-01  8.000e-01  
2.208e-01  8.000e-01  
2.817e-01  8.000e-01  
2.605e-01  8.000e-01  
2.800e-01  8.000e-01  
2.231e-01  8.000e-01  
2.605e-01  8.000e-01  
2.282e-01  8.000e-01  
2.429e-01  8.000e-01  
2.611e-01  8.000e-01  
2.422e-01  8.000e-01  
2.286e-01  8.000e-01  
2.093e-01  8.000e-01  
2.226e-01  8.000e-01  
2.422e-01  8.000e-01  
2.278e-01  8.000e-01  
2.278e-01  8.000e-01  
2.423e-01  8.000e-01  
2.226e-01  8.000e-01  
2.423e-01  8.000e-01  
2.291e-01  8.000e-01  
2.320e-01  8.000e-01  
2.291e-01  8.000e-01  
2.262e-01  8.000e-01  
2.151e-01  8.000e-01  
2.182e-01  8.000e-01  
2.262e-01  8.000e-01  
2.206e-01  8.000e-01  
2.213e-01  8.000e-01  
2.215e-01  8.000e-01  
2.226e-01  8.000e-01  
2.205e-01  8.000e-01  
2.072e-01  8.000e-01  
2.138e-01  8.000e-01  
2.132e-01  8.000e-01  
2.042e-01  8.000e-01  
2.125e-01  8.000e-01  
2.123e-01  8.000e-01  
2.100e-01  8.000e-01  
2.063e-01  8.000e-01  
2.082e-01  8.000e-01  
2.072e-01  8.000e-01  
2.032e-01  8.000e-01  
2.032e-01  8.000e-01  
2.036e-01  8.000e-01  
2.028e-01  8.000e-01  
2.018e-01  8.000e-01  
2.005e-01  8.000e-01  
