9.000e-01  1.003e-01  
5.042e-02  9.528e-01  
9.000e-01  1.024e-01  
9.000e-01  1.086e-01  
9.000e-01  1.163e-01  
9.000e-01  1.213e-01  
9.000e-01  1.146e-01  
9.000e-01  1.146e-01  
9.000e-01  1.445e-01  
9.000e-01  1.497e-01  
9.000e-01  1.600e-01  
9.000e-01  1.533e-01  
9.000e-01  1.568e-01  
9.000e-01  1.843e-01  
9.000e-01  1.843e-01  
9.000e-01  2.003e-01  
9.000e-01  2.003e-01  
9.000e-01  2.120e-01  
9.000e-01  2.120e-01  
9.000e-01  2.352e-01  
9.000e-01  2.528e-01  
9.000e-01  2.669e-01  
9.000e-01  2.848e-01  
9.000e-01  2.763e-01  
9.000e-01  2.848e-01  
9.000e-01  2.570e-01  
9.000e-01  3.249e-01  
9.000e-01  2.701e-01  
9.000e-01  3.249e-01  
9.000e-01  2.763e-01  
9.000e-01  2.570e-01  
9.000e-01  2.473e-01  
9.000e-01  2.701e-01  
9.000e-01  2.528e-01  
9.000e-01  2.669e-01  
9.000e-01  4.609e-01  
9.000e-01  4.611e-01  
9.000e-01  4.866e-01  
9.000e-01  4.609e-01  
9.000e-01  4.219e-01  
9.000e-01  4.874e-01  
9.000e-01  4.874e-01  
9.000e-01  2.612e-01  
9.000e-01  4.219e-01  
9.000e-01  4.866e-01  
9.000e-01  6.166e-01  
9.000e-01  6.392e-01  
9.000e-01  6.392e-01  
9.000e-01  6.166e-01  
9.000e-01  5.195e-01  
9.000e-01  7.603e-01  
4.028e-01  9.500e-01  
3.308e-01  9.500e-01  
4.910e-01  9.500e-01  
4.685e-01  9.500e-01  
4.595e-01  9.500e-01  
4.685e-01  9.500e-01  
4.913e-01  9.500e-01  
4.913e-01  9.500e-01  
4.910e-01  9.500e-01  
4.595e-01  9.500e-01  
3.233e-01  9.500e-01  
3.955e-01  9.500e-01  
3.955e-01  9.500e-01  
3.533e-01  9.500e-01  
3.733e-01  9.500e-01  
3.733e-01  9.500e-01  
3.855e-01  9.500e-01  
3.814e-01  9.500e-01  
3.855e-01  9.500e-01  
2.969e-01  9.500e-01  
2.553e-01  9.500e-01  
2.781e-01  9.500e-01  
1.898e-01  9.500e-01  
3.297e-01  9.500e-01  
2.896e-01  9.500e-01  
2.896e-01  9.500e-01  
2.553e-01  9.500e-01  
1.597e-01  9.500e-01  
2.047e-01  9.500e-01  
2.553e-01  9.500e-01  
1.338e-01  9.500e-01  
2.153e-01  9.500e-01  
2.206e-01  9.500e-01  
1.352e-01  9.500e-01  
8.146e-02  9.500e-01  
6.863e-02  9.500e-01  
1.194e-01  9.500e-01  
1.085e-01  9.500e-01  
1.056e-01  9.500e-01  
1.001e-01  9.500e-01  
1.222e-01  9.500e-01  
9.245e-02  9.500e-01  
1.085e-01  9.500e-01  
9.834e-02  9.500e-01  
6.737e-02  9.500e-01  
7.662e-02  9.500e-01  
5.673e-02  9.500e-01  
6.112e-02  9.500e-01  
5.269e-02  9.500e-01  
