8.697e-01  2.003e-01  
2.200e-01  8.500e-01  
8.697e-01  2.019e-01  
8.697e-01  2.056e-01  
8.697e-01  2.060e-01  
8.697e-01  2.128e-01  
8.697e-01  2.306e-01  
8.697e-01  2.344e-01  
8.697e-01  2.344e-01  
8.697e-01  2.495e-01  
8.697e-01  2.344e-01  
8.697e-01  2.495e-01  
8.697e-01  2.657e-01  
8.697e-01  2.825e-01  
8.697e-01  2.321e-01  
8.697e-01  3.022e-01  
8.697e-01  2.657e-01  
8.697e-01  3.174e-01  
8.697e-01  2.938e-01  
8.697e-01  3.154e-01  
8.697e-01  2.533e-01  
8.697e-01  3.152e-01  
8.697e-01  3.153e-01  
8.697e-01  3.437e-01  
8.697e-01  3.431e-01  
8.697e-01  3.833e-01  
8.697e-01  4.005e-01  
8.697e-01  3.553e-01  
8.697e-01  3.260e-01  
8.697e-01  4.270e-01  
8.697e-01  3.631e-01  
8.697e-01  4.270e-01  
8.697e-01  4.757e-01  
8.697e-01  3.847e-01  
8.697e-01  3.095e-01  
8.697e-01  3.631e-01  
8.697e-01  4.122e-01  
8.697e-01  4.695e-01  
8.697e-01  5.050e-01  
8.697e-01  4.695e-01  
8.697e-01  3.919e-01  
8.697e-01  5.050e-01  
8.697e-01  4.535e-01  
8.697e-01  3.630e-01  
8.697e-01  4.314e-01  
8.697e-01  3.630e-01  
8.697e-01  5.412e-01  
8.697e-01  5.725e-01  
8.697e-01  4.649e-01  
8.697e-01  5.725e-01  
8.697e-01  5.412e-01  
4.790e-01  8.500e-01  
5.637e-01  8.500e-01  
4.790e-01  8.500e-01  
4.729e-01  8.500e-01  
5.637e-01  8.500e-01  
4.443e-01  8.500e-01  
4.443e-01  8.500e-01  
4.729e-01  8.500e-01  
4.729e-01  8.500e-01  
4.130e-01  8.500e-01  
6.018e-01  8.500e-01  
5.850e-01  8.500e-01  
5.605e-01  8.500e-01  
5.605e-01  8.500e-01  
4.727e-01  8.500e-01  
4.729e-01  8.500e-01  
4.729e-01  8.500e-01  
4.729e-01  8.500e-01  
4.727e-01  8.500e-01  
4.729e-01  8.500e-01  
4.729e-01  8.500e-01  
3.422e-01  8.500e-01  
4.527e-01  8.500e-01  
3.422e-01  8.500e-01  
3.421e-01  8.500e-01  
4.235e-01  8.500e-01  
3.421e-01  8.500e-01  
3.866e-01  8.500e-01  
3.866e-01  8.500e-01  
3.517e-01  8.500e-01  
3.517e-01  8.500e-01  
3.579e-01  8.500e-01  
3.469e-01  8.500e-01  
3.333e-01  8.500e-01  
3.168e-01  8.500e-01  
3.168e-01  8.500e-01  
3.024e-01  8.500e-01  
3.024e-01  8.500e-01  
2.943e-01  8.500e-01  
2.877e-01  8.500e-01  
2.727e-01  8.500e-01  
2.727e-01  8.500e-01  
2.658e-01  8.500e-01  
2.496e-01  8.500e-01  
2.496e-01  8.500e-01  
2.410e-01  8.500e-01  
2.272e-01  8.500e-01  
2.272e-01  8.500e-01  
2.218e-01  8.500e-01  
