8.470e-01  1.643e-01  
2.752e-01  8.988e-01  
8.466e-01  1.667e-01  
8.316e-01  1.718e-01  
8.312e-01  1.778e-01  
8.273e-01  1.837e-01  
8.216e-01  1.880e-01  
8.167e-01  1.947e-01  
8.099e-01  1.997e-01  
8.099e-01  2.033e-01  
8.072e-01  2.126e-01  
8.020e-01  2.195e-01  
7.887e-01  2.254e-01  
7.887e-01  2.324e-01  
7.839e-01  2.377e-01  
7.775e-01  2.444e-01  
7.752e-01  2.484e-01  
7.672e-01  2.550e-01  
7.603e-01  2.623e-01  
7.500e-01  2.673e-01  
7.500e-01  2.747e-01  
7.500e-01  2.807e-01  
7.500e-01  2.807e-01  
7.500e-01  2.940e-01  
7.500e-01  3.024e-01  
7.500e-01  3.024e-01  
7.500e-01  3.190e-01  
7.500e-01  3.227e-01  
7.500e-01  3.227e-01  
7.500e-01  3.405e-01  
7.500e-01  3.483e-01  
7.500e-01  3.483e-01  
7.500e-01  3.670e-01  
7.500e-01  3.670e-01  
7.500e-01  3.982e-01  
7.500e-01  4.070e-01  
7.500e-01  4.070e-01  
7.500e-01  3.982e-01  
7.500e-01  4.046e-01  
7.500e-01  4.178e-01  
7.500e-01  4.178e-01  
7.500e-01  4.046e-01  
7.500e-01  4.684e-01  
5.826e-01  5.000e-01  
5.744e-01  5.000e-01  
5.826e-01  5.000e-01  
5.607e-01  5.000e-01  
5.744e-01  5.000e-01  
5.775e-01  5.000e-01  
5.429e-01  5.000e-01  
5.775e-01  5.000e-01  
5.607e-01  5.000e-01  
5.681e-01  5.000e-01  
5.479e-01  5.000e-01  
5.542e-01  5.000e-01  
5.479e-01  5.000e-01  
5.429e-01  5.000e-01  
5.271e-01  5.000e-01  
5.204e-01  5.000e-01  
5.116e-01  5.000e-01  
5.115e-01  5.074e-01  
5.060e-01  5.271e-01  
5.025e-01  5.316e-01  
4.935e-01  5.341e-01  
4.862e-01  5.366e-01  
4.793e-01  5.388e-01  
4.739e-01  5.478e-01  
4.665e-01  5.488e-01  
4.635e-01  5.646e-01  
4.555e-01  5.649e-01  
4.499e-01  5.740e-01  
4.414e-01  5.796e-01  
4.373e-01  5.809e-01  
4.343e-01  5.939e-01  
4.242e-01  5.983e-01  
4.191e-01  5.986e-01  
4.159e-01  6.112e-01  
4.070e-01  6.130e-01  
4.004e-01  6.214e-01  
3.959e-01  6.276e-01  
3.886e-01  6.277e-01  
3.848e-01  6.419e-01  
3.792e-01  6.470e-01  
3.727e-01  6.473e-01  
3.662e-01  6.526e-01  
3.601e-01  6.625e-01  
3.538e-01  6.693e-01  
3.486e-01  6.695e-01  
3.430e-01  6.784e-01  
3.378e-01  6.875e-01  
3.288e-01  6.904e-01  
3.255e-01  6.910e-01  
3.199e-01  7.041e-01  
3.127e-01  7.126e-01  
3.074e-01  7.129e-01  
2.967e-01  7.267e-01  
2.934e-01  7.267e-01  
2.880e-01  7.333e-01  
2.826e-01  7.384e-01  
2.770e-01  7.470e-01  
