9.599e-01  1.507e-01  
2.285e-02  1.011e+00  
8.492e-01  1.548e-01  
8.480e-01  1.570e-01  
8.480e-01  1.609e-01  
8.317e-01  1.798e-01  
8.317e-01  1.810e-01  
8.317e-01  1.962e-01  
7.995e-01  2.056e-01  
7.989e-01  2.148e-01  
7.900e-01  2.234e-01  
7.900e-01  2.274e-01  
7.900e-01  2.397e-01  
7.900e-01  2.397e-01  
7.500e-01  2.546e-01  
7.500e-01  2.597e-01  
7.500e-01  2.596e-01  
7.500e-01  2.665e-01  
7.500e-01  2.784e-01  
7.500e-01  2.580e-01  
7.500e-01  2.654e-01  
7.500e-01  2.654e-01  
7.500e-01  2.716e-01  
7.500e-01  2.890e-01  
7.500e-01  2.968e-01  
7.500e-01  2.973e-01  
7.500e-01  3.078e-01  
7.500e-01  3.207e-01  
7.500e-01  3.207e-01  
7.500e-01  3.310e-01  
7.500e-01  3.310e-01  
7.500e-01  3.601e-01  
7.500e-01  3.629e-01  
7.500e-01  3.819e-01  
7.500e-01  3.744e-01  
7.500e-01  3.819e-01  
7.500e-01  3.790e-01  
7.500e-01  3.790e-01  
6.916e-01  5.707e-01  
6.916e-01  5.707e-01  
6.649e-01  5.707e-01  
6.400e-01  5.707e-01  
6.108e-01  5.707e-01  
5.657e-01  5.707e-01  
5.657e-01  5.707e-01  
5.376e-01  5.707e-01  
5.206e-01  5.707e-01  
5.002e-01  5.707e-01  
4.808e-01  5.707e-01  
4.666e-01  5.707e-01  
4.528e-01  5.716e-01  
4.517e-01  5.866e-01  
4.517e-01  6.019e-01  
4.517e-01  6.019e-01  
4.517e-01  6.102e-01  
4.517e-01  6.102e-01  
4.517e-01  6.767e-01  
4.517e-01  6.767e-01  
4.517e-01  6.019e-01  
4.021e-01  7.449e-01  
3.965e-01  7.449e-01  
3.965e-01  7.449e-01  
3.845e-01  7.449e-01  
3.530e-01  7.449e-01  
3.439e-01  7.449e-01  
3.439e-01  7.449e-01  
3.075e-01  7.449e-01  
3.075e-01  7.449e-01  
2.821e-01  7.449e-01  
2.821e-01  7.449e-01  
2.748e-01  7.449e-01  
2.658e-01  7.449e-01  
2.553e-01  7.453e-01  
2.550e-01  7.728e-01  
2.550e-01  7.777e-01  
2.550e-01  8.021e-01  
2.550e-01  7.777e-01  
2.550e-01  8.021e-01  
2.550e-01  7.954e-01  
2.479e-01  1.011e+00  
1.115e-01  1.011e+00  
1.335e-01  1.011e+00  
9.561e-02  1.011e+00  
1.567e-01  1.011e+00  
1.335e-01  1.011e+00  
1.168e-01  1.011e+00  
1.567e-01  1.011e+00  
1.168e-01  1.011e+00  
1.118e-01  1.011e+00  
7.540e-02  1.011e+00  
1.118e-01  1.011e+00  
9.561e-02  1.011e+00  
7.540e-02  1.011e+00  
6.741e-02  1.011e+00  
6.741e-02  1.011e+00  
4.958e-02  1.011e+00  
4.958e-02  1.011e+00  
4.101e-02  1.011e+00  
3.468e-02  1.011e+00  
2.482e-02  1.011e+00  
