5.012e-01  5.088e-01  
4.198e-01  5.983e-01  
4.998e-01  5.092e-01  
4.996e-01  5.097e-01  
4.975e-01  5.108e-01  
4.975e-01  5.112e-01  
4.959e-01  5.123e-01  
4.954e-01  5.133e-01  
4.945e-01  5.140e-01  
4.944e-01  5.144e-01  
4.934e-01  5.156e-01  
4.923e-01  5.166e-01  
4.923e-01  5.166e-01  
4.907e-01  5.182e-01  
4.903e-01  5.190e-01  
4.903e-01  5.196e-01  
4.885e-01  5.208e-01  
4.876e-01  5.215e-01  
4.860e-01  5.223e-01  
4.858e-01  5.229e-01  
4.848e-01  5.239e-01  
4.838e-01  5.247e-01  
4.830e-01  5.255e-01  
4.825e-01  5.263e-01  
4.817e-01  5.270e-01  
4.813e-01  5.279e-01  
4.793e-01  5.289e-01  
4.792e-01  5.295e-01  
4.779e-01  5.304e-01  
4.777e-01  5.312e-01  
4.768e-01  5.317e-01  
4.754e-01  5.328e-01  
4.753e-01  5.335e-01  
4.739e-01  5.344e-01  
4.738e-01  5.346e-01  
4.714e-01  5.367e-01  
4.714e-01  5.368e-01  
4.714e-01  5.369e-01  
4.701e-01  5.383e-01  
4.693e-01  5.395e-01  
4.684e-01  5.403e-01  
4.670e-01  5.415e-01  
4.663e-01  5.420e-01  
4.660e-01  5.428e-01  
4.653e-01  5.436e-01  
4.643e-01  5.442e-01  
4.639e-01  5.453e-01  
4.622e-01  5.463e-01  
4.621e-01  5.464e-01  
4.611e-01  5.476e-01  
4.602e-01  5.485e-01  
4.598e-01  5.493e-01  
4.587e-01  5.502e-01  
4.574e-01  5.513e-01  
4.568e-01  5.515e-01  
4.560e-01  5.524e-01  
4.558e-01  5.537e-01  
4.547e-01  5.543e-01  
4.537e-01  5.549e-01  
4.524e-01  5.560e-01  
4.526e-01  5.560e-01  
4.514e-01  5.575e-01  
4.500e-01  5.590e-01  
4.486e-01  5.602e-01  
4.480e-01  5.604e-01  
4.473e-01  5.610e-01  
4.466e-01  5.627e-01  
4.459e-01  5.628e-01  
4.457e-01  5.638e-01  
4.439e-01  5.654e-01  
4.433e-01  5.659e-01  
4.410e-01  5.678e-01  
4.410e-01  5.678e-01  
4.409e-01  5.678e-01  
4.399e-01  5.695e-01  
4.389e-01  5.712e-01  
4.383e-01  5.712e-01  
4.375e-01  5.713e-01  
4.365e-01  5.723e-01  
4.360e-01  5.724e-01  
4.353e-01  5.740e-01  
4.342e-01  5.748e-01  
4.341e-01  5.748e-01  
4.330e-01  5.759e-01  
4.325e-01  5.768e-01  
4.316e-01  5.778e-01  
4.309e-01  5.791e-01  
4.301e-01  5.791e-01  
4.292e-01  5.792e-01  
4.289e-01  5.829e-01  
4.283e-01  5.887e-01  
4.273e-01  5.917e-01  
4.247e-01  5.922e-01  
4.254e-01  5.922e-01  
4.247e-01  5.922e-01  
4.233e-01  5.933e-01  
4.230e-01  5.934e-01  
4.210e-01  5.960e-01  
4.210e-01  5.960e-01  
4.202e-01  5.961e-01  
