1.000e+00  1.052e-04  
1.020e-04  1.000e+00  
9.990e-01  4.404e-03  
9.975e-01  1.532e-02  
9.861e-01  2.537e-02  
9.704e-01  3.484e-02  
9.583e-01  4.574e-02  
9.483e-01  5.608e-02  
9.395e-01  6.301e-02  
9.268e-01  7.497e-02  
9.194e-01  8.641e-02  
9.184e-01  9.100e-02  
9.022e-01  1.058e-01  
9.022e-01  1.058e-01  
8.778e-01  1.283e-01  
8.641e-01  1.381e-01  
8.543e-01  1.483e-01  
8.505e-01  1.586e-01  
8.325e-01  1.684e-01  
8.284e-01  1.747e-01  
8.129e-01  1.881e-01  
8.020e-01  1.988e-01  
7.959e-01  2.096e-01  
7.879e-01  2.204e-01  
7.728e-01  2.303e-01  
7.664e-01  2.416e-01  
7.544e-01  2.515e-01  
7.456e-01  2.587e-01  
7.330e-01  2.717e-01  
7.211e-01  2.804e-01  
7.123e-01  2.920e-01  
7.021e-01  3.022e-01  
6.912e-01  3.123e-01  
6.813e-01  3.225e-01  
6.720e-01  3.333e-01  
6.603e-01  3.428e-01  
6.503e-01  3.531e-01  
6.396e-01  3.634e-01  
6.289e-01  3.733e-01  
6.205e-01  3.848e-01  
6.081e-01  3.936e-01  
5.980e-01  4.038e-01  
5.885e-01  4.139e-01  
5.780e-01  4.243e-01  
5.675e-01  4.345e-01  
5.574e-01  4.444e-01  
5.468e-01  4.548e-01  
5.367e-01  4.651e-01  
5.261e-01  4.750e-01  
5.156e-01  4.853e-01  
5.056e-01  4.955e-01  
4.951e-01  5.055e-01  
4.850e-01  5.157e-01  
4.750e-01  5.261e-01  
4.647e-01  5.361e-01  
4.545e-01  5.465e-01  
4.444e-01  5.567e-01  
4.340e-01  5.668e-01  
4.239e-01  5.771e-01  
4.136e-01  5.872e-01  
4.033e-01  5.972e-01  
3.931e-01  6.075e-01  
3.828e-01  6.177e-01  
3.726e-01  6.277e-01  
3.622e-01  6.380e-01  
3.521e-01  6.481e-01  
3.419e-01  6.583e-01  
3.316e-01  6.685e-01  
3.215e-01  6.786e-01  
3.113e-01  6.888e-01  
3.010e-01  6.990e-01  
2.908e-01  7.093e-01  
2.806e-01  7.194e-01  
2.704e-01  7.296e-01  
2.602e-01  7.398e-01  
2.500e-01  7.500e-01  
2.398e-01  7.602e-01  
2.296e-01  7.705e-01  
2.194e-01  7.806e-01  
2.092e-01  7.909e-01  
1.990e-01  8.011e-01  
1.888e-01  8.112e-01  
1.786e-01  8.215e-01  
1.684e-01  8.316e-01  
1.582e-01  8.418e-01  
1.480e-01  8.521e-01  
1.378e-01  8.623e-01  
1.276e-01  8.725e-01  
1.174e-01  8.827e-01  
1.071e-01  8.929e-01  
9.693e-02  9.031e-01  
8.675e-02  9.133e-01  
7.652e-02  9.235e-01  
6.634e-02  9.337e-01  
5.612e-02  9.439e-01  
4.591e-02  9.542e-01  
3.571e-02  9.644e-01  
2.543e-02  9.747e-01  
1.514e-02  9.852e-01  
3.600e-03  9.967e-01  
