2.000e+00  3.675e-04  
4.071e-04  3.999e+00  
1.995e+00  1.040e-02  
1.984e+00  3.101e-02  
1.974e+00  5.184e-02  
1.964e+00  7.289e-02  
1.953e+00  9.416e-02  
1.942e+00  1.156e-01  
1.931e+00  1.374e-01  
1.920e+00  1.593e-01  
1.909e+00  1.815e-01  
1.898e+00  2.039e-01  
1.887e+00  2.266e-01  
1.875e+00  2.495e-01  
1.864e+00  2.726e-01  
1.852e+00  2.960e-01  
1.840e+00  3.197e-01  
1.828e+00  3.436e-01  
1.816e+00  3.678e-01  
1.804e+00  3.923e-01  
1.791e+00  4.170e-01  
1.779e+00  4.421e-01  
1.766e+00  4.674e-01  
1.754e+00  4.930e-01  
1.741e+00  5.189e-01  
1.727e+00  5.451e-01  
1.714e+00  5.716e-01  
1.701e+00  5.984e-01  
1.687e+00  6.255e-01  
1.674e+00  6.529e-01  
1.660e+00  6.807e-01  
1.646e+00  7.088e-01  
1.631e+00  7.373e-01  
1.617e+00  7.661e-01  
1.602e+00  7.952e-01  
1.588e+00  8.247e-01  
1.573e+00  8.546e-01  
1.558e+00  8.848e-01  
1.542e+00  9.155e-01  
1.527e+00  9.465e-01  
1.511e+00  9.779e-01  
1.495e+00  1.010e+00  
1.479e+00  1.042e+00  
1.463e+00  1.075e+00  
1.446e+00  1.108e+00  
1.429e+00  1.141e+00  
1.412e+00  1.175e+00  
1.395e+00  1.209e+00  
1.378e+00  1.244e+00  
1.360e+00  1.280e+00  
1.342e+00  1.315e+00  
1.324e+00  1.352e+00  
1.306e+00  1.388e+00  
1.287e+00  1.426e+00  
1.268e+00  1.464e+00  
1.249e+00  1.502e+00  
1.230e+00  1.541e+00  
1.210e+00  1.580e+00  
1.190e+00  1.620e+00  
1.170e+00  1.661e+00  
1.149e+00  1.702e+00  
1.128e+00  1.744e+00  
1.107e+00  1.786e+00  
1.085e+00  1.829e+00  
1.064e+00  1.873e+00  
1.041e+00  1.917e+00  
1.019e+00  1.962e+00  
9.961e-01  2.008e+00  
9.729e-01  2.054e+00  
9.494e-01  2.101e+00  
9.255e-01  2.149e+00  
9.012e-01  2.198e+00  
8.765e-01  2.247e+00  
8.514e-01  2.297e+00  
8.259e-01  2.348e+00  
8.000e-01  2.400e+00  
7.736e-01  2.453e+00  
7.469e-01  2.506e+00  
7.196e-01  2.561e+00  
6.920e-01  2.616e+00  
6.638e-01  2.672e+00  
6.352e-01  2.730e+00  
6.061e-01  2.788e+00  
5.764e-01  2.847e+00  
5.462e-01  2.908e+00  
5.155e-01  2.969e+00  
4.843e-01  3.031e+00  
4.525e-01  3.095e+00  
4.201e-01  3.160e+00  
3.871e-01  3.226e+00  
3.535e-01  3.293e+00  
3.192e-01  3.362e+00  
2.843e-01  3.431e+00  
2.487e-01  3.503e+00  
2.126e-01  3.575e+00  
1.756e-01  3.649e+00  
1.379e-01  3.724e+00  
9.950e-02  3.801e+00  
6.029e-02  3.879e+00  
2.030e-02  3.959e+00  
