2.050e+00  5.056e-02  
5.330e-02  4.050e+00  
2.050e+00  6.059e-02  
2.050e+00  8.140e-02  
2.050e+00  1.026e-01  
2.050e+00  1.243e-01  
2.049e+00  1.464e-01  
2.049e+00  1.690e-01  
2.049e+00  1.921e-01  
2.048e+00  2.157e-01  
2.048e+00  2.398e-01  
2.047e+00  2.644e-01  
2.046e+00  2.896e-01  
2.046e+00  3.153e-01  
2.045e+00  3.416e-01  
2.044e+00  3.684e-01  
2.043e+00  3.959e-01  
2.041e+00  4.239e-01  
2.040e+00  4.526e-01  
2.038e+00  4.820e-01  
2.037e+00  5.120e-01  
2.035e+00  5.426e-01  
2.033e+00  5.741e-01  
2.031e+00  6.061e-01  
2.028e+00  6.390e-01  
2.026e+00  6.726e-01  
2.023e+00  7.070e-01  
2.020e+00  7.421e-01  
2.017e+00  7.782e-01  
2.013e+00  8.149e-01  
2.009e+00  8.526e-01  
2.005e+00  8.912e-01  
2.001e+00  9.305e-01  
1.996e+00  9.709e-01  
1.991e+00  1.012e+00  
1.986e+00  1.054e+00  
1.980e+00  1.097e+00  
1.974e+00  1.142e+00  
1.968e+00  1.187e+00  
1.961e+00  1.233e+00  
1.953e+00  1.280e+00  
1.945e+00  1.328e+00  
1.937e+00  1.377e+00  
1.928e+00  1.427e+00  
1.918e+00  1.479e+00  
1.908e+00  1.531e+00  
1.897e+00  1.584e+00  
1.886e+00  1.639e+00  
1.873e+00  1.694e+00  
1.860e+00  1.750e+00  
1.847e+00  1.808e+00  
1.832e+00  1.866e+00  
1.817e+00  1.925e+00  
1.800e+00  1.986e+00  
1.783e+00  2.047e+00  
1.765e+00  2.109e+00  
1.746e+00  2.171e+00  
1.725e+00  2.234e+00  
1.704e+00  2.298e+00  
1.682e+00  2.363e+00  
1.658e+00  2.428e+00  
1.634e+00  2.493e+00  
1.608e+00  2.559e+00  
1.581e+00  2.625e+00  
1.552e+00  2.690e+00  
1.523e+00  2.756e+00  
1.492e+00  2.821e+00  
1.460e+00  2.887e+00  
1.427e+00  2.951e+00  
1.392e+00  3.015e+00  
1.357e+00  3.078e+00  
1.320e+00  3.140e+00  
1.282e+00  3.201e+00  
1.243e+00  3.261e+00  
1.203e+00  3.319e+00  
1.161e+00  3.376e+00  
1.119e+00  3.431e+00  
1.076e+00  3.484e+00  
1.032e+00  3.535e+00  
9.874e-01  3.583e+00  
9.421e-01  3.630e+00  
8.962e-01  3.674e+00  
8.498e-01  3.716e+00  
8.030e-01  3.756e+00  
7.560e-01  3.793e+00  
7.087e-01  3.827e+00  
6.613e-01  3.859e+00  
6.139e-01  3.888e+00  
5.666e-01  3.914e+00  
5.194e-01  3.938e+00  
4.725e-01  3.960e+00  
4.260e-01  3.979e+00  
3.798e-01  3.995e+00  
3.341e-01  4.009e+00  
2.890e-01  4.021e+00  
2.445e-01  4.031e+00  
2.006e-01  4.039e+00  
1.574e-01  4.044e+00  
1.150e-01  4.048e+00  
7.341e-02  4.050e+00  
