2.050e+00  5.040e-02  
1.296e-01  4.047e+00  
2.050e+00  6.005e-02  
2.050e+00  8.007e-02  
2.050e+00  1.005e-01  
2.050e+00  1.213e-01  
2.049e+00  1.426e-01  
2.049e+00  1.644e-01  
2.049e+00  1.866e-01  
2.048e+00  2.093e-01  
2.048e+00  2.324e-01  
2.047e+00  2.561e-01  
2.047e+00  2.803e-01  
2.046e+00  3.050e-01  
2.045e+00  3.303e-01  
2.044e+00  3.561e-01  
2.043e+00  3.825e-01  
2.042e+00  4.095e-01  
2.041e+00  4.372e-01  
2.039e+00  4.654e-01  
2.038e+00  4.943e-01  
2.036e+00  5.238e-01  
2.034e+00  5.539e-01  
2.032e+00  5.846e-01  
2.030e+00  6.164e-01  
2.027e+00  6.489e-01  
2.025e+00  6.817e-01  
2.022e+00  7.156e-01  
2.019e+00  7.506e-01  
2.016e+00  7.860e-01  
2.012e+00  8.224e-01  
2.009e+00  8.594e-01  
2.005e+00  8.975e-01  
2.000e+00  9.364e-01  
1.996e+00  9.762e-01  
1.991e+00  1.017e+00  
1.985e+00  1.059e+00  
1.980e+00  1.101e+00  
1.974e+00  1.145e+00  
1.967e+00  1.189e+00  
1.960e+00  1.235e+00  
1.953e+00  1.281e+00  
1.945e+00  1.329e+00  
1.937e+00  1.378e+00  
1.928e+00  1.427e+00  
1.918e+00  1.478e+00  
1.908e+00  1.530e+00  
1.897e+00  1.583e+00  
1.886e+00  1.636e+00  
1.874e+00  1.691e+00  
1.861e+00  1.747e+00  
1.848e+00  1.804e+00  
1.833e+00  1.862e+00  
1.818e+00  1.920e+00  
1.802e+00  1.980e+00  
1.785e+00  2.041e+00  
1.767e+00  2.102e+00  
1.748e+00  2.164e+00  
1.728e+00  2.227e+00  
1.707e+00  2.290e+00  
1.685e+00  2.354e+00  
1.662e+00  2.418e+00  
1.637e+00  2.483e+00  
1.612e+00  2.548e+00  
1.585e+00  2.614e+00  
1.557e+00  2.679e+00  
1.528e+00  2.744e+00  
1.498e+00  2.809e+00  
1.467e+00  2.874e+00  
1.434e+00  2.938e+00  
1.400e+00  3.001e+00  
1.365e+00  3.064e+00  
1.329e+00  3.125e+00  
1.292e+00  3.186e+00  
1.253e+00  3.245e+00  
1.214e+00  3.303e+00  
1.173e+00  3.360e+00  
1.132e+00  3.414e+00  
1.090e+00  3.467e+00  
1.047e+00  3.518e+00  
1.003e+00  3.567e+00  
9.585e-01  3.614e+00  
9.136e-01  3.658e+00  
8.682e-01  3.700e+00  
8.224e-01  3.740e+00  
7.764e-01  3.777e+00  
7.302e-01  3.812e+00  
6.839e-01  3.844e+00  
6.376e-01  3.873e+00  
5.913e-01  3.901e+00  
5.453e-01  3.925e+00  
4.994e-01  3.948e+00  
4.539e-01  3.968e+00  
4.088e-01  3.985e+00  
3.642e-01  4.000e+00  
3.200e-01  4.013e+00  
2.765e-01  4.024e+00  
2.335e-01  4.033e+00  
1.913e-01  4.040e+00  
1.498e-01  4.045e+00  
