2.019e+00  1.943e-02  
1.961e-02  4.019e+00  
2.019e+00  2.949e-02  
2.019e+00  5.032e-02  
2.019e+00  7.158e-02  
2.019e+00  9.329e-02  
2.019e+00  1.155e-01  
2.018e+00  1.381e-01  
2.018e+00  1.612e-01  
2.017e+00  1.848e-01  
2.017e+00  2.090e-01  
2.016e+00  2.336e-01  
2.016e+00  2.588e-01  
2.015e+00  2.845e-01  
2.014e+00  3.108e-01  
2.013e+00  3.377e-01  
2.012e+00  3.652e-01  
2.010e+00  3.933e-01  
2.009e+00  4.221e-01  
2.007e+00  4.515e-01  
2.006e+00  4.815e-01  
2.004e+00  5.123e-01  
2.002e+00  5.437e-01  
2.000e+00  5.759e-01  
1.997e+00  6.087e-01  
1.995e+00  6.424e-01  
1.992e+00  6.768e-01  
1.989e+00  7.120e-01  
1.986e+00  7.481e-01  
1.982e+00  7.849e-01  
1.978e+00  8.227e-01  
1.974e+00  8.612e-01  
1.970e+00  9.007e-01  
1.965e+00  9.411e-01  
1.960e+00  9.824e-01  
1.955e+00  1.025e+00  
1.949e+00  1.068e+00  
1.943e+00  1.112e+00  
1.937e+00  1.157e+00  
1.930e+00  1.203e+00  
1.922e+00  1.251e+00  
1.914e+00  1.299e+00  
1.906e+00  1.348e+00  
1.897e+00  1.398e+00  
1.887e+00  1.449e+00  
1.877e+00  1.502e+00  
1.866e+00  1.555e+00  
1.854e+00  1.610e+00  
1.842e+00  1.665e+00  
1.829e+00  1.722e+00  
1.815e+00  1.779e+00  
1.801e+00  1.837e+00  
1.785e+00  1.897e+00  
1.769e+00  1.957e+00  
1.752e+00  2.018e+00  
1.733e+00  2.080e+00  
1.714e+00  2.143e+00  
1.694e+00  2.206e+00  
1.672e+00  2.270e+00  
1.650e+00  2.335e+00  
1.626e+00  2.400e+00  
1.602e+00  2.465e+00  
1.576e+00  2.531e+00  
1.549e+00  2.596e+00  
1.520e+00  2.662e+00  
1.491e+00  2.728e+00  
1.460e+00  2.793e+00  
1.428e+00  2.858e+00  
1.395e+00  2.923e+00  
1.360e+00  2.987e+00  
1.324e+00  3.050e+00  
1.287e+00  3.112e+00  
1.249e+00  3.173e+00  
1.210e+00  3.233e+00  
1.170e+00  3.291e+00  
1.129e+00  3.347e+00  
1.086e+00  3.402e+00  
1.043e+00  3.455e+00  
9.992e-01  3.506e+00  
9.545e-01  3.555e+00  
9.091e-01  3.601e+00  
8.631e-01  3.646e+00  
8.167e-01  3.687e+00  
7.698e-01  3.727e+00  
7.227e-01  3.764e+00  
6.754e-01  3.798e+00  
6.279e-01  3.829e+00  
5.805e-01  3.858e+00  
5.331e-01  3.885e+00  
4.860e-01  3.909e+00  
4.390e-01  3.930e+00  
3.924e-01  3.949e+00  
3.462e-01  3.965e+00  
3.005e-01  3.979e+00  
2.554e-01  3.991e+00  
2.108e-01  4.001e+00  
1.670e-01  4.008e+00  
1.238e-01  4.014e+00  
8.136e-02  4.017e+00  
3.972e-02  4.019e+00  
