2.013e+00  1.367e-02  
1.807e-02  4.013e+00  
2.013e+00  2.370e-02  
2.013e+00  4.449e-02  
2.013e+00  6.571e-02  
2.013e+00  8.738e-02  
2.013e+00  1.095e-01  
2.013e+00  1.321e-01  
2.012e+00  1.552e-01  
2.012e+00  1.787e-01  
2.011e+00  2.028e-01  
2.011e+00  2.274e-01  
2.010e+00  2.525e-01  
2.009e+00  2.782e-01  
2.008e+00  3.045e-01  
2.007e+00  3.313e-01  
2.006e+00  3.587e-01  
2.005e+00  3.868e-01  
2.003e+00  4.155e-01  
2.002e+00  4.448e-01  
2.000e+00  4.748e-01  
1.998e+00  5.055e-01  
1.996e+00  5.368e-01  
1.994e+00  5.689e-01  
1.992e+00  6.018e-01  
1.989e+00  6.353e-01  
1.986e+00  6.697e-01  
1.983e+00  7.048e-01  
1.980e+00  7.408e-01  
1.977e+00  7.776e-01  
1.973e+00  8.152e-01  
1.969e+00  8.537e-01  
1.965e+00  8.931e-01  
1.960e+00  9.335e-01  
1.955e+00  9.747e-01  
1.950e+00  1.017e+00  
1.944e+00  1.060e+00  
1.938e+00  1.104e+00  
1.931e+00  1.149e+00  
1.924e+00  1.195e+00  
1.917e+00  1.242e+00  
1.909e+00  1.290e+00  
1.900e+00  1.340e+00  
1.891e+00  1.390e+00  
1.882e+00  1.441e+00  
1.872e+00  1.493e+00  
1.861e+00  1.547e+00  
1.849e+00  1.601e+00  
1.837e+00  1.656e+00  
1.824e+00  1.713e+00  
1.810e+00  1.770e+00  
1.796e+00  1.828e+00  
1.780e+00  1.888e+00  
1.764e+00  1.948e+00  
1.747e+00  2.009e+00  
1.729e+00  2.071e+00  
1.710e+00  2.133e+00  
1.689e+00  2.197e+00  
1.668e+00  2.260e+00  
1.646e+00  2.325e+00  
1.622e+00  2.390e+00  
1.598e+00  2.455e+00  
1.572e+00  2.521e+00  
1.545e+00  2.587e+00  
1.517e+00  2.652e+00  
1.487e+00  2.718e+00  
1.456e+00  2.783e+00  
1.424e+00  2.849e+00  
1.391e+00  2.913e+00  
1.357e+00  2.977e+00  
1.321e+00  3.040e+00  
1.284e+00  3.102e+00  
1.246e+00  3.163e+00  
1.207e+00  3.223e+00  
1.167e+00  3.281e+00  
1.126e+00  3.338e+00  
1.084e+00  3.393e+00  
1.041e+00  3.446e+00  
9.966e-01  3.497e+00  
9.520e-01  3.546e+00  
9.067e-01  3.592e+00  
8.608e-01  3.637e+00  
8.144e-01  3.679e+00  
7.677e-01  3.718e+00  
7.206e-01  3.755e+00  
6.734e-01  3.789e+00  
6.260e-01  3.821e+00  
5.786e-01  3.850e+00  
5.313e-01  3.877e+00  
4.842e-01  3.901e+00  
4.373e-01  3.923e+00  
3.907e-01  3.942e+00  
3.446e-01  3.958e+00  
2.989e-01  3.973e+00  
2.538e-01  3.984e+00  
2.093e-01  3.994e+00  
1.654e-01  4.002e+00  
1.222e-01  4.008e+00  
7.981e-02  4.011e+00  
3.818e-02  4.013e+00  
