2.200e+00  2.002e-01  
7.974e-02  4.079e+00  
2.200e+00  2.097e-01  
2.200e+00  2.309e-01  
2.200e+00  2.553e-01  
2.200e+00  2.784e-01  
2.199e+00  3.020e-01  
2.199e+00  3.260e-01  
2.199e+00  3.499e-01  
2.198e+00  3.753e-01  
2.197e+00  4.008e-01  
2.197e+00  4.268e-01  
2.196e+00  4.533e-01  
2.195e+00  4.811e-01  
2.194e+00  5.082e-01  
2.193e+00  5.373e-01  
2.191e+00  5.649e-01  
2.190e+00  5.944e-01  
2.188e+00  6.268e-01  
2.185e+00  6.564e-01  
2.182e+00  6.880e-01  
2.178e+00  7.205e-01  
2.173e+00  7.520e-01  
2.165e+00  7.841e-01  
2.154e+00  8.169e-01  
2.138e+00  8.486e-01  
2.117e+00  8.792e-01  
2.114e+00  9.123e-01  
2.110e+00  9.498e-01  
2.106e+00  9.890e-01  
2.102e+00  1.026e+00  
2.097e+00  1.068e+00  
2.092e+00  1.108e+00  
2.087e+00  1.150e+00  
2.081e+00  1.193e+00  
2.076e+00  1.234e+00  
2.069e+00  1.279e+00  
2.062e+00  1.323e+00  
2.055e+00  1.372e+00  
2.046e+00  1.418e+00  
2.035e+00  1.465e+00  
2.020e+00  1.510e+00  
2.000e+00  1.550e+00  
1.970e+00  1.585e+00  
1.951e+00  1.629e+00  
1.939e+00  1.684e+00  
1.927e+00  1.734e+00  
1.916e+00  1.785e+00  
1.902e+00  1.845e+00  
1.889e+00  1.897e+00  
1.874e+00  1.954e+00  
1.859e+00  2.011e+00  
1.842e+00  2.071e+00  
1.823e+00  2.130e+00  
1.800e+00  2.183e+00  
1.764e+00  2.225e+00  
1.723e+00  2.251e+00  
1.701e+00  2.316e+00  
1.680e+00  2.378e+00  
1.658e+00  2.433e+00  
1.633e+00  2.499e+00  
1.609e+00  2.562e+00  
1.583e+00  2.627e+00  
1.556e+00  2.685e+00  
1.527e+00  2.744e+00  
1.485e+00  2.792e+00  
1.435e+00  2.811e+00  
1.404e+00  2.861e+00  
1.373e+00  2.917e+00  
1.340e+00  2.988e+00  
1.307e+00  3.047e+00  
1.273e+00  3.098e+00  
1.235e+00  3.161e+00  
1.200e+00  3.210e+00  
1.162e+00  3.276e+00  
1.122e+00  3.328e+00  
1.080e+00  3.383e+00  
1.044e+00  3.437e+00  
1.002e+00  3.483e+00  
9.610e-01  3.531e+00  
9.160e-01  3.576e+00  
8.726e-01  3.611e+00  
8.310e-01  3.660e+00  
7.903e-01  3.709e+00  
7.471e-01  3.755e+00  
7.022e-01  3.796e+00  
6.602e-01  3.833e+00  
6.134e-01  3.870e+00  
5.713e-01  3.900e+00  
5.270e-01  3.927e+00  
4.804e-01  3.954e+00  
4.358e-01  3.976e+00  
3.931e-01  3.993e+00  
3.473e-01  4.010e+00  
3.063e-01  4.023e+00  
2.600e-01  4.036e+00  
2.136e-01  4.046e+00  
1.771e-01  4.059e+00  
1.312e-01  4.070e+00  
9.686e-02  4.077e+00  
