2.200e+00  2.004e-01  
8.730e-02  4.086e+00  
2.200e+00  2.004e-01  
2.200e+00  2.323e-01  
2.200e+00  2.549e-01  
2.200e+00  2.777e-01  
2.199e+00  3.017e-01  
2.199e+00  3.256e-01  
2.199e+00  3.501e-01  
2.198e+00  3.751e-01  
2.198e+00  4.003e-01  
2.197e+00  4.266e-01  
2.196e+00  4.532e-01  
2.195e+00  4.803e-01  
2.194e+00  5.081e-01  
2.193e+00  5.364e-01  
2.191e+00  5.655e-01  
2.190e+00  5.948e-01  
2.188e+00  6.249e-01  
2.186e+00  6.560e-01  
2.183e+00  6.869e-01  
2.179e+00  7.177e-01  
2.174e+00  7.512e-01  
2.167e+00  7.818e-01  
2.157e+00  8.146e-01  
2.143e+00  8.487e-01  
2.123e+00  8.770e-01  
2.114e+00  9.069e-01  
2.110e+00  9.474e-01  
2.107e+00  9.817e-01  
2.103e+00  1.024e+00  
2.098e+00  1.062e+00  
2.093e+00  1.106e+00  
2.088e+00  1.143e+00  
2.082e+00  1.189e+00  
2.077e+00  1.226e+00  
2.070e+00  1.274e+00  
2.063e+00  1.319e+00  
2.056e+00  1.364e+00  
2.047e+00  1.412e+00  
2.035e+00  1.461e+00  
2.021e+00  1.503e+00  
2.000e+00  1.543e+00  
1.971e+00  1.578e+00  
1.952e+00  1.616e+00  
1.941e+00  1.664e+00  
1.930e+00  1.731e+00  
1.917e+00  1.781e+00  
1.905e+00  1.841e+00  
1.891e+00  1.890e+00  
1.875e+00  1.949e+00  
1.861e+00  2.005e+00  
1.845e+00  2.070e+00  
1.826e+00  2.125e+00  
1.804e+00  2.181e+00  
1.771e+00  2.225e+00  
1.725e+00  2.251e+00  
1.704e+00  2.315e+00  
1.683e+00  2.377e+00  
1.664e+00  2.436e+00  
1.639e+00  2.498e+00  
1.617e+00  2.559e+00  
1.589e+00  2.624e+00  
1.563e+00  2.681e+00  
1.533e+00  2.741e+00  
1.495e+00  2.791e+00  
1.443e+00  2.813e+00  
1.409e+00  2.864e+00  
1.378e+00  2.922e+00  
1.346e+00  2.986e+00  
1.315e+00  3.048e+00  
1.279e+00  3.103e+00  
1.244e+00  3.158e+00  
1.203e+00  3.215e+00  
1.168e+00  3.274e+00  
1.131e+00  3.316e+00  
1.088e+00  3.380e+00  
1.050e+00  3.422e+00  
1.008e+00  3.477e+00  
9.625e-01  3.522e+00  
9.230e-01  3.562e+00  
8.755e-01  3.604e+00  
8.375e-01  3.651e+00  
7.937e-01  3.701e+00  
7.525e-01  3.747e+00  
7.082e-01  3.789e+00  
6.655e-01  3.828e+00  
6.223e-01  3.863e+00  
5.778e-01  3.896e+00  
5.321e-01  3.924e+00  
4.864e-01  3.949e+00  
4.437e-01  3.972e+00  
4.000e-01  3.992e+00  
3.552e-01  4.007e+00  
3.127e-01  4.021e+00  
2.654e-01  4.032e+00  
2.275e-01  4.043e+00  
1.856e-01  4.058e+00  
1.466e-01  4.071e+00  
1.025e-01  4.080e+00  
