0.832649 1.57391e-07 0.553801
0.50447 9.53575e-08 0.863429
0.552264 0.83367 9.95975e-06
4.81457e-05 0.794014 0.607899
0.534426 0.653664 0.535828
0.567024 0.72168 0.397066
0.386856 0.92214 9.95975e-06
0.24194 8.5742e-05 0.970291
1.24147e-05 0.204742 0.978816
0.365066 0.312277 0.877046
0.754779 0.655979 5.43093e-06
0.863787 1.63277e-07 0.503858
0.634726 0.692246 0.343393
0.0182979 0.734007 0.678895
0.283937 0.958843 9.95975e-06
1 1.89025e-07 2.75586e-05
0.705119 1.33285e-07 0.709089
0.329666 0.635811 0.6979
5.24105e-05 0.864348 0.502895
0.243388 0.291943 0.92495
0.466841 0.0183004 0.884152
0.448172 0.893947 2.75586e-05
0.655076 0.588767 0.473527
0.57126 0.454024 0.683758
0.705838 0.470413 0.529627
0.895236 0.445592 2.75586e-05
4.12796e-05 0.680778 0.73249
0.802059 0.392574 0.450097
0.590789 1.11674e-07 0.806826
0.513541 0.514458 0.686737
0.332685 0.443931 0.832013
0.342663 0.692577 0.634759
0.98077 0.195168 2.75586e-05
5.80118e-05 0.956723 0.290999
0.926135 0.29166 0.239181
0.659891 0.751361 2.75586e-05
0.608605 0.793473 0.000100286
0.875453 0.314944 0.366596
8.26817e-05 2.89419e-05 1
0.501765 0.797892 0.334065
0.95288 0.0408913 0.300579
0.674162 0.620972 0.399874
0.408205 0.875886 0.257278
0.802391 0.533208 0.268062
0.618453 0.278371 0.734864
0.918732 1.73663e-07 0.394881
3.07818e-05 0.507651 0.861563
3.69222e-05 0.608917 0.793234
0.836328 0.438614 0.328896
0.743496 0.345651 0.572485
6.06359e-05 1 9.95975e-06
0.0434686 0.467949 0.882686
3.96083e-05 0.653216 0.757172
0.209511 0.576867 0.789512
0.3736 0.849006 0.373647
0.780418 0.625258 2.75586e-05
0.704375 0.709828 9.95975e-06
0.554907 1.04891e-07 0.831912
0.733677 0.618742 0.280851
2.05722e-05 0.339274 0.940687
0.653218 1.23474e-07 0.75717
5.41743e-05 0.893436 0.449191
0.342663 6.47718e-08 0.939458
0.895353 1.69244e-07 0.445357
0.410909 3.67679e-06 0.911676
0.805927 7.2114e-06 0.592016
0.441437 0.385993 0.810027
0.958242 0.28596 2.75586e-05
0.473019 0.596224 0.648668
0.919689 0.392647 2.75586e-05
4.58277e-05 0.755785 0.65482
0.730618 0.0345449 0.681912
5.58028e-05 0.920294 0.391228
0.157021 0.0287433 0.987177
0.759704 1.43603e-07 0.65027
5.93709e-05 0.979137 0.203199
5.09209e-05 0.839782 0.542924
3.36646e-05 0.555193 0.831721
0.979319 1.85116e-07 0.20232
0.506389 0.861209 0.0434688
0.536009 0.333886 0.77538
0.403677 0.519304 0.753238
1.57101e-05 0.259089 0.965853
0.195586 0.980687 9.95975e-06
5.69645e-05 0.939452 0.342681
2.38445e-05 0.39324 0.919436
4.29088e-05 0.707647 0.706566
0.45673 0.762275 0.458623
0.813803 0.581141 9.95975e-06
0.754807 0.518332 0.401994
0.648825 0.408017 0.642299
0.255936 0.875538 0.409794
0.341122 0.940019 2.75586e-05
0.841268 0.262293 0.472726
0.397574 0.716517 0.573183
0.598866 0.533008 0.597714
0.776547 0.151479 0.611579
0.335855 0.793004 0.508277
0.859545 0.51106 9.95975e-06
0.301271 0.90791 0.291436
