0.0689922 0.431008
0.0329798 0.46702
0.369898 0.130102
0.00480601 0.495194
0.482049 0.0179506
0.0179938 0.482006
0.499959 4.05344e-05
0.34407 0.15593
0.495474 0.00452569
0.0640193 0.435981
0.385204 0.114796
0.0490081 0.450992
0.201903 0.298097
0.0841281 0.415872
0.380066 0.119934
0.0369902 0.46301
0.477036 0.0229635
0.451533 0.0484672
0.364795 0.135205
0.445992 0.0540078
0.389981 0.110019
0.252551 0.247449
0.395409 0.104591
0.46301 0.0369902
0.129817 0.370183
2.24186e-05 0.499978
0.05895 0.44105
0.313871 0.186129
0.257889 0.242111
0.355294 0.144706
0.232143 0.267857
0.339284 0.160716
0.349491 0.150509
0.303571 0.196429
0.435981 0.0640195
0.430983 0.0690165
0.241601 0.258399
0.323979 0.176021
0.0790068 0.420993
0.0540388 0.445961
0.405613 0.0943866
0.308673 0.191327
0.0127384 0.487262
0.161399 0.338601
0.283162 0.216838
0.139971 0.360029
0.492347 0.00765322
0.318877 0.181123
0.329081 0.170919
0.415817 0.0841827
0.109924 0.390076
0.456632 0.0433678
0.410716 0.0892842
0.420973 0.0790273
0.237245 0.262755
0.487006 0.0129951
0.247449 0.252551
0.288265 0.211735
0.196162 0.303838
0.150509 0.349491
0.441967 0.0580333
0.00765315 0.492347
0.334183 0.165817
0.272959 0.227041
0.298468 0.201532
0.0229606 0.477039
0.472002 0.0279984
0.278062 0.221938
0.360196 0.139804
0.176021 0.323979
0.267857 0.232143
0.227041 0.272959
0.186224 0.313776
0.0940737 0.405926
0.135203 0.364797
0.155612 0.344388
0.426022 0.0739783
0.191326 0.308674
0.293366 0.206634
0.0739885 0.426012
0.145408 0.354592
0.263359 0.236641
0.375 0.125
0.400511 0.0994886
0.216836 0.283164
0.0994902 0.40051
0.211735 0.288265
0.170919 0.329081
0.165817 0.334183
0.0279756 0.472024
0.104591 0.395409
0.221939 0.278061
0.0892843 0.410716
0.181122 0.318878
0.467054 0.0329466
0.206632 0.293368
0.125 0.375
0.0433679 0.456632
0.114796 0.385204
0.119899 0.380101
