0.717131 2.95451
0.0202578 3.9759
0.0402578 3.94483
0.0969734 3.82623
0.0269637 3.96626
0.786503 2.50237
0.126087 3.75694
0.795625 2.45847
0.737423 2.80647
0.857925 2.30709
0.703546 3.05681
0.0661593 3.89521
0.662785 3.36146
0.0533502 3.92094
0.723338 2.90843
0.688685 3.16943
0.162245 3.67565
0.665793 3.3397
0.696341 3.11144
0.0848689 3.85426
0.823708 2.35597
0.779483 2.53929
0.783514 2.51777
0.774812 2.56527
0.0787077 3.86812
0.114616 3.78429
0.0909498 3.84031
0.798499 2.44565
0.847958 2.31213
0.192773 3.62026
0.148527 3.70511
0.742982 2.76752
0.120372 3.77053
0.0597717 3.90831
0.675762 3.26638
0.680471 3.23125
0.767893 2.6057
0.840672 2.32067
0.131726 3.74363
0.000165853 3.99983
0.644025 3.49237
0.81121 2.39515
0.755638 2.68243
0.699996 3.08372
0.00979356 3.9893
0.729119 2.86608
0.0724786 3.88177
0.745597 2.74951
0.156764 3.68715
0.167715 3.66458
0.1029 3.81223
0.137355 3.7305
0.734674 2.82603
0.173231 3.65387
0.750719 2.71486
0.181577 3.63864
0.198447 3.61194
0.218965 3.58813
0.671528 3.29772
0.0468032 3.93322
0.692614 3.1397
0.731922 2.84578
0.753186 2.69848
0.827272 2.34681
0.720402 2.93015
0.653243 3.42918
0.726267 2.8869
0.658679 3.39086
0.142953 3.71765
0.791233 2.47901
0.800986 2.43497
0.684513 3.2009
0.740038 2.78804
0.64988 3.45251
0.228319 3.58083
0.640248 3.51752
0.831106 2.33797
0.635845 3.54627
0.710251 3.00614
0.713926 2.9785
0.238065 3.57577
0.814343 2.38433
0.762789 2.6369
0.108787 3.79821
0.835434 2.3293
0.80393 2.42281
0.251411 3.57319
0.204195 3.60425
0.70694 3.03113
0.0336486 3.95586
0.765176 2.62217
0.187154 3.62917
0.758018 2.66705
0.808019 2.40685
0.668649 3.31886
0.646398 3.47633
0.748177 2.73195
0.77247 2.5787
0.817535 2.37398
0.210052 3.59722
