0.575863 0.817546
0.776418 0.630219
0.451679 0.89218
0.543254 0.839568
0.663335 0.748323
0.33148 0.943462
0.583355 0.812217
0.721034 0.692899
0.805945 0.591991
0.958168 0.286205
0.429035 0.903288
0.931685 0.363266
0.800636 0.599151
0.363408 0.93163
0.271461 0.962449
0.286208 0.958167
0.953593 0.301099
0.669504 0.742808
0.737354 0.675507
0.211641 0.977363
0.486966 0.873421
0.346673 0.937986
0.242313 0.970198
0.599361 0.800578
0.860061 0.510191
0.551821 0.833963
0.728412 0.685139
0.880039 0.475061
0.903738 0.428086
0.520283 0.854035
0.654624 0.755966
0.918782 0.394764
0.973983 0.226623
0.977178 0.212424
0.228152 0.97374
0.768927 0.639337
0.0945128 0.995524
0.756116 0.654437
0.678306 0.734779
0.943451 0.331513
0.96245 0.271458
0.256947 0.966425
0.793955 0.607977
0.475549 0.879689
0.991285 0.131738
0.699132 0.714992
0.853558 0.520998
0.411695 0.911322
5.85962e-05 1
0.834266 0.551362
0.714285 0.699855
0.564567 0.825392
0.301127 0.953584
0.532574 0.846383
0.499486 0.866322
0.591983 0.80595
0.948685 0.316223
0.987478 0.157758
0.997486 0.070857
0.982807 0.184637
0.390874 0.92045
1 9.92827e-05
0.379401 0.925232
0.623841 0.781551
0.925237 0.379389
0.812414 0.583459
0.887306 0.46118
0.685152 0.7284
0.0708108 0.99749
0.198357 0.98013
0.866159 0.499817
0.786561 0.617513
0.438813 0.898578
0.633232 0.773962
0.844579 0.535431
0.97087 0.239609
0.607966 0.793963
0.873314 0.487157
0.99415 0.108031
0.316222 0.948685
0.119069 0.992886
0.144635 0.989485
0.748238 0.66343
0.895791 0.444476
0.966431 0.256928
0.510395 0.85994
0.400674 0.91626
0.614705 0.788757
0.69284 0.721092
0.171075 0.985258
0.648226 0.761448
0.707111 0.707102
0.911291 0.411764
0.828514 0.559969
0.461074 0.887362
0.763808 0.645473
0.639463 0.768822
0.817572 0.575827
0.937916 0.346864
0.419456 0.907889
