0.706208 0.706208 0.0504106
0.684831 0.684831 0.249024
0.523207 0.523207 0.672687
0.358975 0.358975 0.861553
0.646765 0.646765 0.404215
0.201746 0.201746 0.958435
0.428393 0.428393 0.795587
0.150325 0.150325 0.977141
0.457497 0.457497 0.762491
0.688253 0.688253 0.22938
0.680417 0.680417 0.272148
0.131021 0.131021 0.982683
0.577352 0.577352 0.577348
0.598671 0.598671 0.532151
0.408241 0.408241 0.816504
0.31578 0.31578 0.894744
0.162212 0.162212 0.973332
0.529813 0.529813 0.662266
0.624695 0.624695 0.468522
0.683487 0.683487 0.256301
0.0827394 0.0827394 0.993131
0.539162 0.539162 0.646999
0.0901482 0.0901482 0.99184
0.693105 0.693104 0.198026
0.123076 0.123076 0.984736
0.703527 0.703527 0.100496
0.140024 0.140024 0.980197
0.348149 0.348149 0.870394
0.615456 0.615456 0.492369
0.609209 0.609209 0.50767
9.04466e-05 9.04466e-05 1
0.376281 0.376281 0.846655
0.678283 0.678283 0.282601
0.211998 0.211998 0.953999
0.604712 0.604712 0.518312
0.323348 0.323348 0.889322
0.331295 0.331295 0.883452
0.650944 0.650944 0.390567
0.181233 0.181233 0.966597
0.0495257 0.0495257 0.997544
0.655611 0.655611 0.37463
0.666667 0.666667 0.33333
0.382358 0.382358 0.841193
0.301515 0.301515 0.904532
0.337869 0.337869 0.878458
0.386491 0.386492 0.837407
0.444437 0.444437 0.777787
0.449976 0.449976 0.77139
0.676719 0.676719 0.290007
0.0663551 0.0663551 0.995587
0.506983 0.506983 0.697092
0.704935 0.704935 0.0783157
0.549973 0.549972 0.628538
0.545455 0.545455 0.636362
0.601317 0.601317 0.526151
0.43684 0.43684 0.786348
0.219374 0.219374 0.950658
0.707107 0.707107 0.000133678
0.389481 0.389481 0.834631
0.0990086 0.0990086 0.990149
0.659742 0.659742 0.359836
0.644831 0.644831 0.41035
0.464216 0.464216 0.754326
0.485069 0.485069 0.72761
0.468291 0.468291 0.749271
0.271556 0.271556 0.923317
0.109763 0.109763 0.987879
0.674578 0.674578 0.299814
0.639604 0.639605 0.426401
0.171217 0.171217 0.970242
0.497466 0.497466 0.710672
0.556026 0.556026 0.617794
0.596544 0.596544 0.536907
0.17609 0.17609 0.968496
0.276159 0.276159 0.920583
0.0764642 0.0764642 0.994136
0.658154 0.658154 0.365604
0.619589 0.619589 0.481891
0.534994 0.534994 0.653883
0.473013 0.473013 0.743315
0.698536 0.698536 0.155229
0.702247 0.702247 0.117037
0.431888 0.431888 0.791799
0.694314 0.694314 0.189356
0.254444 0.254444 0.933015
0.553371 0.553371 0.622545
0.282137 0.282137 0.91695
0.264905 0.264905 0.927174
0.700141 0.700141 0.140017
0.63117 0.63117 0.450832
0.0355417 0.0355417 0.998736
0.696313 0.696313 0.174062
0.366476 0.366476 0.855214
0.23569 0.23569 0.942815
0.192443 0.192443 0.962253
0.691724 0.691724 0.207448
0.24663 0.24663 0.937202
0.633724 0.633724 0.443609
0.50252 0.50252 0.703525
0.51449 0.51449 0.686003
