0.607698 0.794168 9.41937e-05
0.380146 0.81587 0.435711
0.341031 8.69929e-34 0.940052
0.794408 0.569378 0.211481
0.921697 0.388015 1.01679e-27
0.897146 0.258524 0.358182
1.18951e-05 0.149466 0.988767
0.708434 4.87986e-90 0.706277
2.21824e-06 0.731213 0.68215
7.62336e-05 0.957899 0.287105
0.938606 6.92354e-05 0.34499
0.832265 7.75072e-06 0.554716
0.342906 0.745828 0.571101
0.971255 0.000111655 0.238043
0.555514 7.05317e-79 0.831703
0.244165 0.292688 0.924509
0.486343 4.40253e-05 0.873768
0.571082 0.746897 0.340603
0.980635 0.195842 3.51344e-25
0.752466 0.520925 0.403029
0.861477 6.59502e-05 0.507797
0.323943 0.486971 0.811184
0.392626 2.19208e-07 0.92005
4.72425e-07 0.757602 0.652717
5.81196e-05 0.940004 0.341262
6.06242e-05 0.980512 0.196462
0.46337 0.465145 0.754273
6.87223e-05 0.863517 0.504334
7.12003e-05 0.894655 0.447457
4.04377e-05 0.654022 0.756475
0.469018 0.706266 0.530403
0.894442 7.83509e-05 0.447637
0.507288 0.329377 0.796348
0.241627 0.970369 7.16026e-10
0.0396002 0.679077 0.732998
0.73202 0.680727 0.028695
4.04037e-05 0.507685 0.861543
3.57138e-05 0.605122 0.796133
0.989071 6.8082e-05 0.147443
1.99219e-05 0.250326 0.968162
0.690534 0.345214 0.635734
0.53505 0.535432 0.653478
1 9.05231e-05 8.00142e-27
0.67804 0.734075 0.0441405
0.755643 0.65504 6.80237e-51
0.371747 0.369683 0.851914
0.242161 9.20344e-05 0.970236
0.254102 0.411383 0.875975
0.150367 0.988693 1.68537e-14
0.961467 0.274919 8.65276e-21
2.49609e-05 0.313642 0.95023
0.707785 0.706428 1.25009e-19
7.95841e-05 1 3.20618e-51
3.82848e-05 0.789592 0.613632
0.654086 0.756509 1.13955e-85
0.628111 0.457842 0.629227
0.874218 0.414761 0.252422
0.369002 0.929489 1.70932e-49
0.448353 0.893869 1.29171e-32
2.40619e-05 0.389168 0.922174
0.584847 5.47903e-05 0.811144
0.51196 0.729226 0.45401
0.940567 0.339607 9.75722e-05
0.308254 0.880971 0.358984
0.50063 0.865661 2.83016e-16
0.343461 0.57174 0.745083
4.35563e-05 0.704461 0.709742
0.258435 0.842059 0.473736
0.445011 5.39545e-45 0.895591
0.797203 0.398262 0.454088
3.36268e-05 0.447521 0.894273
0.447625 0.800996 0.397538
7.79224e-05 0.552338 0.833656
7.33297e-05 0.921411 0.388595
7.2187e-05 8.56977e-05 1
0.657721 5.76148e-05 0.753261
0.756482 2.82524e-12 0.654014
0.541614 0.649249 0.534022
0.768933 0.327276 0.549211
0.894456 0.447159 5.24583e-21
0.643784 0.646251 0.409759
0.793695 4.43131e-07 0.608448
0.730796 0.0308619 0.681898
0.314948 0.949109 1.2585e-22
0.832585 0.553897 0.000133077
0.6214 0.280728 0.731473
0.45471 0.571396 0.683859
0.554943 0.831889 8.71223e-16
0.58471 0.404789 0.703036
0.577367 0.579737 0.574937
0.706728 0.470168 0.528656
0.652509 0.534877 0.537134
0.921306 0.307458 0.238043
0.723994 0.604168 0.333089
0.862082 0.50677 5.15299e-28
0.351375 0.905019 0.239744
0.7916 0.611039 2.43309e-24
0.410646 0.646005 0.64362
0.842447 0.262334 0.470599
6.63313e-05 0.833474 0.553078
