0.204027 0.103481 5.41531
0.793875 0.000248528 4.46706
0.774834 0.859379 2.87215
0.793116 0.70895 3.48602
0.858248 0.66969 3.61833
0.859398 0.851388 2.61652
0.188544 0.859402 3.93391
0.764877 0.000248528 4.62375
0.859638 0.70895 3.32296
0.853715 0.153513 4.00261
0.657096 0.859401 3.70911
0.666519 0.211786 4.93609
0.251413 0.204962 5.17648
0.214282 0.856975 3.89989
0.769786 0.836604 2.92162
0.859497 0.786272 2.81057
0.859401 0.251412 3.8802
0.859398 0.0857821 4.15918
0.742941 0.185037 4.40201
0.671458 0.000248528 5.29798
0.697865 0.698078 4.19815
0.859398 0.214288 3.89965
0.0858232 0.859382 4.15909
0.859392 0.82113 2.67028
0.180767 0.736775 4.45115
0.251413 0.71377 4.55286
0.669737 0.858064 3.6186
0.725382 0.000303347 4.89547
0.755309 0.859405 2.99161
0.251412 0.251412 5.14639
0.859386 0.755347 2.99134
0.00025176 0.213641 5.59306
0.82031 0.859462 2.67258
0.857547 0.858704 2.61416
0.799753 0.859401 2.74722
0.860283 0.730619 3.16225
0.00025176 0.858704 4.30677
0.000321182 0.000303347 5.99937
0.859638 0.738439 3.1063
0.856432 0.699824 3.39272
0.772182 0.166919 4.24656
0.251411 0.749112 4.29883
0.106228 0.251406 5.37751
0.851349 0.859382 2.61655
0.153993 0.859401 4.00011
0.686615 0.777647 3.73592
0.251412 0.859401 3.8802
0.251413 0.78291 4.09415
0.688857 0.859411 3.47513
0.000321182 0.1074 5.8012
0.77622 0.768762 3.16154
0.699801 0.856697 3.39272
0.85938 0.113787 4.09327
0.803072 0.803299 2.85167
0.708956 0.193347 4.63909
0.00025176 0.725543 4.89195
0.212771 0.000248528 5.59398
0.832726 0.253486 3.90783
0.683854 0.251412 4.77905
0.859288 0.657098 3.70916
0.169231 0.859401 3.96859
0.859398 0.100685 4.12448
0.682755 0.853215 3.52263
0.782342 0.251412 4.09713
0.000321182 0.681573 5.22407
0.786284 0.858928 2.81056
0.810173 0.235179 3.97767
0.859398 0.130802 4.05282
0.168988 0.772387 4.24563
0.00025176 0.767484 4.6079
0.859013 0.000248528 4.30676
0.859398 0.169287 3.96848
0.107158 0.100685 5.61958
0.647079 0.858704 3.77877
0.199094 0.698173 4.70887
0.859475 0.688873 3.47509
0.858696 0.682392 3.52389
0.25143 0.673253 4.85821
0.665121 0.100685 5.16205
0.708956 0.85855 3.32296
0.730646 0.859242 3.16203
0.241846 0.812496 3.96541
0.204889 0.251412 5.17657
0.724004 0.251409 4.47671
0.738401 0.740136 3.58754
0.199221 0.188553 5.23775
0.100601 0.188552 5.44457
0.106806 0.859401 4.11086
0.731408 0.804314 3.27118
0.859497 0.774819 2.87226
0.787596 0.0838407 4.36256
0.859401 0.188554 3.93389
0.738439 0.859401 3.1063
0.858979 0.80417 2.72888
0.847139 0.767616 2.92025
0.215184 0.657098 4.99385
0.859495 0.647596 3.7752
0.130816 0.859382 4.05277
0.000181376 0.80417 4.4217
0.109568 0.000248528 5.7961
