0.402967 0.750509 0.523789
0.956674 7.20667e-05 0.29116
0.387002 0.498023 0.776017
0.326437 0.435453 0.839379
0.799017 0.395214 0.453187
0.970694 7.31228e-05 0.240319
0.409854 0.911062 0.0445661
0.841489 0.262204 0.472383
8.89558e-05 0.551833 0.833955
0.489315 0.872107 7.39404e-05
0.000141505 0.657147 0.753762
0.354912 0.0365171 0.934186
0.832427 0.554135 6.12698e-06
0.284541 7.24163e-05 0.958664
0.486258 0.811115 0.325032
0.338276 0.578748 0.742038
1 7.53305e-05 7.39404e-05
0.819649 0.0312377 0.572014
0.241201 0.00646098 0.970454
0.940246 0.340496 5.34389e-06
0.637408 0.572636 0.515558
3.20941e-05 0.731066 0.682307
0.361302 0.306097 0.880776
4.39005e-05 1 5.34389e-06
0.50421 0.337522 0.794891
0.514516 0.727223 0.454336
0.70608 5.31893e-05 0.708132
0.448734 0.893665 6.12698e-06
7.84935e-05 0.290927 0.956746
4.33171e-05 0.986711 0.162484
0.98727 0.0270931 0.156727
0.741275 0.346822 0.574653
0.300814 0.299018 0.905593
0.708354 0.466995 0.529292
0.647735 0.408045 0.64338
0.731067 0.0278617 0.681736
0.627709 2.19645e-05 0.778448
0.892178 0.260861 0.368741
0.836109 0.440576 0.326825
0.980784 0.195096 6.12698e-06
0.573727 0.747136 0.335597
0.74195 0.575106 0.344622
0.787842 5.93485e-05 0.615877
0.734007 0.679141 7.39404e-05
0.680959 0.575254 0.453187
0.621445 0.282667 0.730689
0.771975 0.503106 0.388507
0.534262 0.653818 0.535804
0.359903 0.93299 5.34389e-06
0.266781 0.838032 0.475953
0.454719 0.681435 0.573479
0.681661 0.730521 0.0409556
0.0434051 0.68133 0.730689
0.558723 0.829354 5.34389e-06
0.756044 0.0793178 0.649697
3.08227e-05 0.702105 0.712074
0.653089 4.91975e-05 0.757281
0.925973 0.292337 0.238985
0.526494 0.462526 0.713353
8.72742e-05 0.405301 0.914183
0.47547 0.591555 0.651146
0.692374 0.68988 0.211384
0.571369 0.374632 0.730197
4.0452e-05 0.921449 0.388499
2.20638e-05 0.502586 0.864527
0.864121 6.50947e-05 0.503284
0.397049 0.798106 0.453187
0.429514 3.23555e-05 0.90306
0.596374 0.535772 0.597734
0.652817 0.757516 5.34389e-06
0.343509 0.694996 0.63165
0.031162 0.815795 0.577501
0.58869 0.0231153 0.808028
0.873153 0.487446 5.34389e-06
3.74787e-05 0.85372 0.520732
3.45477e-05 0.786956 0.61701
0.000130887 0.607839 0.794061
0.799122 0.601169 5.34389e-06
8.93371e-06 0.203499 0.979075
0.758399 0.651791 5.34389e-06
0.643873 0.64546 0.410864
1.91621e-05 1.98889e-05 1
0.925973 6.9754e-05 0.37759
0.371851 0.872811 0.316114
0.957461 0.288564 5.34389e-06
4.16627e-05 0.949027 0.315194
0.241138 0.926445 0.289055
0.901964 6.79454e-05 0.431811
0.434956 0.378046 0.817248
0.396966 0.624164 0.672932
0.614247 0.789114 3.794e-06
0.195352 0.980733 7.39404e-05
0.288191 0.957573 7.39404e-05
3.92755e-05 0.89465 0.446769
0.0292843 0.967025 0.252992
0.911949 0.410304 7.39404e-05
0.532156 4.00876e-05 0.846646
1.80684e-05 0.348396 0.937348
0.0032739 0.466781 0.884367
0.484458 0.0969836 0.869422
