0.468299 0.468299 0.749261
9.8877e-05 9.8877e-05 1
0.523206 0.523206 0.67269
0.449975 0.449975 0.771391
0.366494 0.366494 0.855199
0.109745 0.109745 0.987883
0.282119 0.282119 0.916961
0.624694 0.624694 0.468524
0.615478 0.615478 0.492314
0.0827487 0.0827487 0.993129
0.684831 0.684831 0.249025
0.386493 0.386493 0.837405
0.633731 0.633731 0.443588
0.514486 0.514486 0.686009
0.70014 0.70014 0.140029
0.457481 0.457481 0.76251
0.4642 0.4642 0.754345
0.650954 0.650954 0.390534
0.123091 0.123091 0.984732
0.0356327 0.0356327 0.99873
0.696315 0.696315 0.174046
0.539183 0.539183 0.646964
0.235695 0.235695 0.942813
0.140025 0.140025 0.980197
0.598674 0.598674 0.532145
0.0990142 0.0990142 0.990148
0.382353 0.382353 0.841197
0.358954 0.358954 0.86157
0.69311 0.69311 0.19798
0.691716 0.691716 0.207501
0.30151 0.30151 0.904535
0.181221 0.181221 0.966601
0.678284 0.678284 0.282597
0.609206 0.609206 0.507678
0.556059 0.556059 0.617735
0.323378 0.323378 0.889299
0.428391 0.428391 0.795589
0.688247 0.688247 0.229419
0.254452 0.254452 0.933011
0.472992 0.472992 0.743341
0.162202 0.162202 0.973335
0.666669 0.666669 0.333323
0.431895 0.431895 0.791791
0.408251 0.408251 0.816494
0.436846 0.436846 0.78634
0.69432 0.69432 0.189311
0.706207 0.706207 0.0504303
0.659749 0.659749 0.359809
0.698536 0.698536 0.155229
0.376287 0.376287 0.84665
0.646771 0.646771 0.404196
0.444425 0.444425 0.7778
0.0764546 0.0764546 0.994138
0.20177 0.20177 0.958425
0.619605 0.619605 0.481851
0.506972 0.506972 0.697107
0.331259 0.331259 0.883479
0.150323 0.150323 0.977142
0.348152 0.348152 0.870391
0.545433 0.545433 0.6364
0.674578 0.674578 0.299814
0.337868 0.337868 0.878459
0.529822 0.529822 0.662252
0.676717 0.676717 0.290013
0.596553 0.596553 0.536888
0.171166 0.171166 0.97026
0.655617 0.655617 0.374608
0.219352 0.219352 0.950668
0.211995 0.211995 0.954
0.644852 0.644852 0.410283
0.271562 0.271562 0.923314
0.19245 0.19245 0.962251
0.485058 0.485058 0.727625
0.553373 0.553373 0.62254
0.389492 0.389492 0.834621
0.707107 0.707107 0.000123475
0.704935 0.704935 0.0783229
0.246621 0.246621 0.937206
0.60131 0.60131 0.526168
0.534997 0.534997 0.653877
0.276147 0.276147 0.92059
0.702255 0.702255 0.116943
0.17608 0.17608 0.9685
0.577373 0.577373 0.577305
0.70353 0.70353 0.100447
0.315782 0.315782 0.894742
0.658146 0.658146 0.365635
0.497473 0.497473 0.710663
0.639606 0.639606 0.426389
0.502519 0.502519 0.703526
0.0490463 0.0490463 0.997592
0.549973 0.549973 0.628538
0.683485 0.683485 0.256311
0.0901351 0.0901351 0.991842
0.604701 0.604701 0.518337
0.680416 0.680416 0.272156
0.131019 0.131019 0.982684
0.631155 0.631155 0.450875
0.264903 0.264903 0.927174
0.0663539 0.0663539 0.995587
