8.54467e-05 1
0.768919 0.639346
0.979693 0.200506
0.648436 0.761269
0.497302 0.867578
0.827051 0.562126
0.817576 0.575821
0.996588 0.082533
0.0593366 0.998238
0.918453 0.395531
0.211519 0.977374
0.911648 0.410973
0.721119 0.692811
0.854779 0.518992
0.761248 0.648461
0.938003 0.346628
0.805576 0.592493
0.839641 0.543142
0.66067 0.750677
0.864849 0.502032
0.992516 0.122116
0.67865 0.734462
0.834042 0.551701
0.533194 0.845993
0.0825791 0.996585
0.604805 0.796374
0.614706 0.788757
0.708273 0.705939
0.970142 0.242537
0.887514 0.460781
0.97673 0.214471
0.844898 0.534927
1 7.3856e-05
0.985255 0.17109
0.982869 0.184303
0.962481 0.271348
0.966446 0.256869
0.897104 0.441819
0.129957 0.99152
0.75569 0.654929
0.737558 0.675284
0.958161 0.286229
0.574489 0.818513
0.487216 0.873281
0.878731 0.477318
0.566747 0.823892
0.925287 0.379267
0.793946 0.607988
0.788726 0.614744
0.776414 0.630224
0.256907 0.966436
0.729277 0.684219
0.519168 0.854672
0.903745 0.428071
0.781587 0.623797
0.106706 0.994291
0.633226 0.773967
0.943467 0.331467
0.998112 0.0614197
0.932034 0.362372
0.699031 0.715091
0.586287 0.810104
0.859949 0.51038
0.623863 0.781534
0.242534 0.970143
0.994141 0.108093
0.144614 0.989488
0.948686 0.316221
0.543252 0.83957
0.800633 0.599155
0.669436 0.74287
0.228256 0.973601
0.286198 0.958171
0.812448 0.583033
0.690584 0.723252
0.98949 0.144604
0.378562 0.925576
0.30101 0.953621
0.47741 0.878681
0.460831 0.887488
0.552579 0.833461
0.444467 0.895795
0.892625 0.4508
0.973562 0.228424
0.194723 0.980858
0.171061 0.985261
0.748128 0.663555
0.594471 0.804117
0.510436 0.859916
0.316207 0.94869
0.639504 0.768788
0.347529 0.937669
0.271478 0.962445
0.363364 0.931647
0.953584 0.301129
0.873212 0.487341
0.428067 0.903747
0.411743 0.9113
0.33149 0.943459
0.395544 0.918447
