0.0892855 0.410715
0.0369898 0.46301
0.0229952 0.477005
0.431023 0.0689772
0.292999 0.207001
0.00697723 0.493023
0.456633 0.0433672
0.0179892 0.482011
0.252551 0.247449
0.247449 0.252551
0.436042 0.0639576
0.313775 0.186225
0.451092 0.0489083
0.303571 0.196429
0.385165 0.114835
0.339286 0.160714
0.354136 0.145864
0.380102 0.119898
0.467044 0.0329561
0.0329906 0.467009
0.496135 0.00386489
0.390306 0.109694
0.329082 0.170918
0.130102 0.369898
0.079002 0.420998
4.40163e-05 0.499956
0.0471941 0.452806
0.364796 0.135204
0.0840222 0.415978
0.227041 0.272959
0.308674 0.191326
0.487005 0.0129952
0.0690068 0.430993
0.0640184 0.435982
0.482114 0.0178859
0.416003 0.0839969
0.256782 0.243218
0.477002 0.0229978
0.369898 0.130102
0.410715 0.0892855
0.155035 0.344965
0.492003 0.00799663
0.146268 0.353732
0.0991018 0.400898
0.237245 0.262755
0.0420007 0.457999
0.34949 0.15051
0.206734 0.293266
0.472004 0.0279962
0.288266 0.211734
0.216837 0.283163
0.0127551 0.487245
0.0740013 0.425999
0.420998 0.0790018
0.445984 0.054016
0.0499137 0.450086
0.440994 0.0590063
0.334184 0.165816
0.104828 0.395172
0.0539849 0.446015
0.42602 0.0739798
0.400678 0.0993222
0.0943874 0.405613
0.19608 0.30392
0.499962 3.83833e-05
0.262755 0.237245
0.150666 0.349334
0.272959 0.227041
0.358988 0.141012
0.201531 0.298469
0.232056 0.267944
0.267942 0.232058
0.0279936 0.472006
0.344009 0.155991
0.0590154 0.440985
0.32398 0.17602
0.165817 0.334183
0.160715 0.339285
0.17602 0.32398
0.318878 0.181122
0.242347 0.257653
0.191326 0.308674
0.186224 0.313776
0.283164 0.216836
0.221939 0.278061
0.405651 0.094349
0.181123 0.318877
0.211735 0.288265
0.114796 0.385204
0.109694 0.390306
0.395408 0.104592
0.461735 0.0382653
0.278061 0.221939
0.125 0.375
0.29847 0.20153
0.375 0.125
0.140306 0.359694
0.170919 0.329081
0.135204 0.364796
0.119898 0.380102
