0.00502962 0.859089 4.30174
0.699539 0.859028 3.39532
0.205023 0.100541 5.42125
0.798458 0.0841725 4.32596
0.859373 0.854976 2.61478
0.859503 0.730649 3.16198
0.0858545 0.859395 4.15902
0.000211953 0.859133 4.30679
0.723132 0.000146871 4.9098
0.106194 0.251327 5.37763
0.859401 0.100695 4.12446
0.100539 0.188095 5.44546
0.251411 0.106319 5.37729
0.190777 0.708953 4.63955
0.859388 0.0858675 4.15899
0.682473 0.859447 3.52324
0.000211953 0.000146871 5.99964
0.0831633 0.753164 4.57748
0.204765 0.25126 5.17672
0.720178 0.718962 3.87319
0.791643 0.71192 3.47105
0.672298 0.670667 4.59609
0.251411 0.784345 4.08663
0.859006 0.000146871 4.30686
0.859228 0.804424 2.72891
0.757204 0.752792 3.37971
0.786377 0.859488 2.81046
0.201612 0.187894 5.23558
0.672298 7.04307e-05 5.29197
0.860253 0.689192 3.47484
0.734903 0.251416 4.39758
0.726344 0.858768 3.19372
0.100369 0.100695 5.63574
0.203849 0.664586 4.95313
0.0970461 0.708959 4.84202
0.859503 0.214274 3.89967
0.802452 0.803406 2.85424
0.175356 0.736851 4.46337
0.859423 0.18859 3.93387
0.859373 0.786399 2.81028
0.709069 0.858875 3.32305
0.113664 0.859395 4.09356
0.755415 0.859538 2.99131
0.251412 0.251411 5.14639
0.738526 0.859051 3.10619
0.657169 0.858746 3.709
0.851693 0.859296 2.61634
0.169449 0.859391 3.96816
0.843774 0.648098 3.7817
0.188552 0.859395 3.93419
0.154 0.859391 4.0001
0.792512 7.85703e-06 4.47487
0.859163 0.820436 2.67241
0.217253 0.000146871 5.58957
0.799821 0.859331 2.74711
0.000211953 0.679812 5.23597
0.85933 0.682437 3.52375
0.251854 0.683895 4.77989
0.852678 0.153351 4.00328
0.647187 0.859217 3.77842
0.859218 0.755344 2.99143
0.769868 0.836503 2.92183
0.859373 0.669653 3.61851
0.8594 0.251411 3.8802
0.774892 0.859395 2.87199
0.850451 0.767638 2.91752
0.859392 0.169215 3.96862
0.000211953 0.804463 4.42046
0.859392 0.657271 3.70943
0.820454 0.859604 2.6726
0.000211953 0.752084 4.70571
0.166697 0.772991 4.24633
0.214216 0.859395 3.89972
0.688952 0.859342 3.47483
0.810556 0.235141 3.9745
0.859411 0.699383 3.39545
0.672298 0.112692 5.08092
0.783935 0.251411 4.0894
0.759923 0.251411 4.22836
0.709086 0.19783 4.63319
0.000211953 0.214363 5.59294
0.857963 0.858846 2.6141
0.731153 0.804715 3.27351
0.101435 0.000146871 5.81585
0.251411 0.749392 4.29731
0.859393 0.745025 3.06102
0.69098 0.777449 3.73029
0.251411 0.859395 3.8802
0.860121 0.738531 3.10633
0.251408 0.204935 5.17651
0.130663 0.859499 4.05346
0.859163 0.774849 2.87229
0.23549 0.81254 3.96785
0.683097 0.251327 4.78498
0.669751 0.859712 3.61818
0.859595 0.121712 4.07434
0.760674 0.088638 4.50357
0.859423 0.708953 3.32296
0.000211953 0.103748 5.81
0.000211953 0.715542 4.96873
