0.242491 0.970154
0.773992 0.633195
0.565121 0.825008
0.707281 0.706933
0.846645 0.532159
0.83139 0.55569
0.22829 0.973593
0.729363 0.684127
0.887447 0.46091
0.68071 0.732553
0.911295 0.411753
0.918463 0.395508
0.85344 0.521192
0.663532 0.748148
0.301102 0.953592
0.99289 0.119032
0.822274 0.569092
0.331431 0.94348
0.8787 0.477374
0.932029 0.362383
0.761265 0.648441
0.607949 0.793976
0.059285 0.998241
0.580927 0.813956
0.99749 0.0708037
0.721092 0.692839
1 8.25139e-05
0.08251 0.99659
0.184273 0.982875
0.755708 0.654908
0.670829 0.741612
0.214424 0.976741
0.969485 0.245149
0.839632 0.543156
0.452045 0.891995
0.106711 0.99429
0.73482 0.678263
0.468214 0.883615
0.943471 0.331456
0.972862 0.231386
0.131778 0.991279
0.397054 0.917795
0.48706 0.873368
0.200665 0.97966
0.286205 0.958168
0.805942 0.591995
0.895832 0.444394
0.54676 0.837289
8.95774e-05 1
0.81215 0.583448
0.977185 0.21239
0.654491 0.75607
0.743861 0.668334
0.387597 0.921829
0.781548 0.623845
0.594786 0.803884
0.614862 0.788634
0.623761 0.781615
0.157649 0.987495
0.413015 0.910724
0.499926 0.866068
0.426591 0.904445
0.78918 0.614162
0.937888 0.346939
0.985256 0.171089
0.989482 0.144658
0.362014 0.932173
0.905038 0.425331
0.860362 0.509683
0.980134 0.198335
0.714272 0.699868
0.698149 0.715953
0.948729 0.316091
0.526837 0.849966
0.271475 0.962446
0.645388 0.763855
0.95821 0.286066
0.633255 0.773944
0.573389 0.819283
0.995521 0.0945451
0.768815 0.639472
0.953584 0.301127
0.256909 0.966436
0.96245 0.27146
0.510312 0.85999
0.871651 0.490128
0.966589 0.25633
0.460917 0.887443
0.37504 0.927009
0.53523 0.844706
0.554356 0.83228
0.477351 0.878713
0.438053 0.898949
0.690144 0.723672
0.798424 0.602096
0.925704 0.37825
0.34744 0.937702
0.316157 0.948707
0.865435 0.501021
0.90177 0.432217
