0.597752 3.7048e-05 0.801687
0.967305 5.99524e-05 0.255037
0.501785 0.779942 0.374036
6.29165e-05 7.62349e-05 1
0.262778 0.841303 0.472394
0.686291 0.57079 0.450821
0.989077 6.13018e-05 0.147397
0.730386 0.0315763 0.682954
5.36618e-05 0.708535 0.705675
0.771324 0.503815 0.390563
0.925649 0.240657 0.29199
0.801584 4.96812e-05 0.597882
0.802617 0.392386 0.449316
0.595836 0.596049 0.538257
0.568744 0.748798 0.34034
2.48461e-05 0.328061 0.944683
0.371838 0.371297 0.850852
0.944134 5.85163e-05 0.329601
0.866213 5.36869e-05 0.499815
0.443937 2.75147e-05 0.896102
0.706445 0.470368 0.528857
0.256066 0.413784 0.873623
0.497817 0.331458 0.801445
0.800602 0.599197 6.1451e-05
0.911951 0.410324 6.14516e-05
0.581142 0.340238 0.739264
4.25168e-05 0.56138 0.827558
0.676184 0.0260257 0.736273
3.88464e-05 0.512917 0.85869
0.767298 0.327096 0.551599
0.743845 0.572725 0.344501
4.56248e-05 0.602417 0.798181
0.376301 0.928083 6.62413e-05
0.0483976 0.680258 0.731374
0.68101 0.73117 0.0401898
0.884474 0.466071 0.0225414
0.864414 0.50278 6.61441e-05
0.446121 0.894972 6.1451e-05
0.731256 0.680664 0.0442776
0.453594 0.454544 0.766578
3.36446e-05 0.444234 0.896556
0.158176 9.80357e-06 0.987777
0.35196 0.9024 0.251351
0.707855 4.3872e-05 0.706358
0.836875 0.437988 0.328401
0.833507 0.552543 6.61453e-05
0.241033 8.68598e-05 0.970517
0.75565 0.654976 6.1451e-05
0.316027 0.874384 0.36835
0.553974 3.43347e-05 0.833239
7.42534e-05 0.980423 0.19692
0.0279119 0.73273 0.679949
1.8528e-05 0.244639 0.969675
0.919797 5.70079e-05 0.392394
0.456273 0.569294 0.6839
0.980839 0.194818 6.1451e-05
1 6.19788e-05 6.1451e-05
0.341631 2.11739e-05 0.939834
2.93865e-05 0.388012 0.921654
0.52972 0.708327 0.466914
0.644304 0.645653 0.409883
0.410409 0.645658 0.64399
0.534118 0.53367 0.655679
0.940147 0.34077 6.61441e-05
0.484686 0.874723 6.14529e-05
0.196006 0.980845 6.14656e-05
7.57362e-05 1 6.61441e-05
0.396552 0.798332 0.453224
6.77155e-05 0.894097 0.447873
0.451176 0.733592 0.508215
0.602858 0.797849 6.61441e-05
0.957504 0.289208 6.1465e-05
0.894684 5.54515e-05 0.446699
0.424177 0.848855 0.315503
0.55162 0.834261 6.14594e-05
0.830929 5.15e-05 0.556378
4.96307e-05 0.65531 0.755773
0.569765 0.455685 0.6839
0.646143 0.409808 0.644063
0.28762 0.958576 6.61967e-05
0.0466404 0.817008 0.574737
0.339818 0.567306 0.750358
0.708005 0.706208 6.1451e-05
0.24279 0.925092 0.29199
0.342509 0.744925 0.572516
0.63536 0.513727 0.577188
7.27999e-05 0.96123 0.275748
6.52667e-05 0.861764 0.507957
0.878511 0.312086 0.363796
0.756424 4.68822e-05 0.654082
0.841384 0.26252 0.472394
0.519158 0.632776 0.574846
0.389349 0.500721 0.775011
5.92012e-05 0.781676 0.623684
7.03705e-05 0.929153 0.369696
0.405915 0.0411447 0.913244
0.489298 3.03261e-05 0.872177
0.652867 4.04639e-05 0.757511
0.653745 0.756715 6.61441e-05
0.250156 0.295799 0.921918
