0.534992 0.534992 0.653886
0.639624 0.639624 0.426336
0.201765 0.201765 0.958427
0.436845 0.436846 0.786342
0.497425 0.497425 0.710729
0.704942 0.704942 0.0781885
0.70226 0.702262 0.116892
0.282129 0.282129 0.916955
0.449976 0.449976 0.771391
0.696312 0.696312 0.174069
0.386465 0.386465 0.837431
0.109744 0.109744 0.987883
0.678281 0.678281 0.282613
0.358963 0.358963 0.861563
0.706209 0.706209 0.0503826
0.162214 0.162214 0.973331
0.139976 0.139976 0.980211
0.468293 0.468293 0.749269
0.150329 0.150329 0.97714
0.0764681 0.0764681 0.994135
0.271556 0.271556 0.923317
0.301497 0.301497 0.904544
0.694317 0.694317 0.189334
0.246622 0.24662 0.937212
0.131025 0.131025 0.982683
0.464176 0.464176 0.754374
0.633749 0.633749 0.443537
0.539163 0.539163 0.646997
0.549977 0.549977 0.62853
0.666695 0.666695 0.333218
0.48506 0.48506 0.727622
0.596558 0.596544 0.53692
9.00614e-05 9.00614e-05 1
0.545463 0.545463 0.636349
0.693104 0.693104 0.198024
0.0827578 0.0827578 0.993128
0.12307 0.12307 0.984737
0.337855 0.337855 0.878469
0.323353 0.323353 0.889317
0.514488 0.514488 0.686006
0.646808 0.646808 0.404079
0.181236 0.181236 0.966597
0.431891 0.431891 0.791795
0.192451 0.192451 0.96225
0.428398 0.428398 0.795581
0.698537 0.698537 0.155216
0.703527 0.703527 0.100502
0.506993 0.506991 0.697081
0.2119 0.2119 0.954043
0.0353653 0.0353653 0.998749
0.604719 0.604719 0.518295
0.0989972 0.0989972 0.990151
0.619591 0.619591 0.481885
0.254448 0.254448 0.933012
0.700151 0.700151 0.13992
0.644843 0.644843 0.410312
0.655649 0.655649 0.374498
0.444425 0.444425 0.7778
0.366514 0.366514 0.855181
0.348177 0.348162 0.870411
0.457505 0.457505 0.762482
0.683492 0.683492 0.256277
0.276158 0.276158 0.920583
0.382344 0.382344 0.841205
0.650959 0.650959 0.39052
0.523204 0.523204 0.672692
0.609207 0.609207 0.507674
0.171205 0.171205 0.970246
0.707107 0.707107 0.000137749
0.0663339 0.0663339 0.99559
0.59867 0.59867 0.532155
0.219385 0.219385 0.950653
0.658167 0.658167 0.365559
0.315796 0.315796 0.894732
0.553379 0.553379 0.62253
0.691719 0.691719 0.207486
0.264905 0.264905 0.927173
0.0901425 0.0901425 0.991841
0.674594 0.674594 0.299742
0.0490007 0.0490007 0.997596
0.601335 0.601335 0.52611
0.556018 0.556018 0.61781
0.659755 0.659755 0.359786
0.37627 0.37627 0.846665
0.615472 0.615472 0.49233
0.631169 0.631169 0.450834
0.529919 0.529849 0.662283
0.502538 0.502538 0.703499
0.680422 0.680422 0.272127
0.235651 0.235651 0.942835
0.676716 0.676716 0.290021
0.624701 0.624701 0.468504
0.688251 0.688251 0.229395
0.389438 0.389438 0.834672
0.473008 0.473008 0.743322
0.684834 0.684834 0.249007
0.176075 0.176075 0.968501
0.577356 0.577356 0.577338
0.331293 0.331293 0.883453
0.40825 0.40825 0.816495
