0.87869 0.477393
0.887428 0.460947
0.30106 0.953605
0.379326 0.925263
0.614688 0.788771
0.599134 0.800649
0.768804 0.639485
0.805952 0.591981
0.662574 0.748997
0.948686 0.316221
0.910894 0.412692
0.94335 0.331799
0.316224 0.948685
0.171084 0.985256
0.654928 0.755691
0.419311 0.907843
0.693027 0.720911
0.90636 0.422506
0.932103 0.36235
0.707358 0.706864
0.242504 0.97015
0.406641 0.913588
0.607972 0.793959
0.684115 0.729545
0.987478 0.157759
0.584029 0.811846
0.751017 0.660298
0.467248 0.884126
0.817564 0.575838
0.56883 0.822455
0.970147 0.242519
0.823678 0.567058
0.77394 0.633259
0.901473 0.432835
0.921595 0.388154
0.928441 0.37148
0.0960804 0.995374
9.70092e-05 1
0.507083 0.861897
0.793694 0.608318
0.48146 0.876468
0.213457 0.976953
0.734814 0.678305
0.95368 0.300823
0.271467 0.962448
0.996488 0.0837464
0.761291 0.648411
0.958195 0.286117
0.493876 0.869532
0.25687 0.966446
0.97923 0.202751
0.812397 0.583105
0.994289 0.106723
0.286214 0.958166
0.982806 0.184643
0.648469 0.761241
0.542182 0.840294
0.0593326 0.998238
0.144633 0.989485
0.860567 0.509338
0.532349 0.846525
0.559594 0.828767
0.623822 0.781567
0.937672 0.347522
0.849965 0.526839
0.715626 0.698483
0.962572 0.271025
0.435831 0.900029
0.844398 0.535723
0.51909 0.85472
0.991279 0.131784
0.833804 0.552072
0.390502 0.920602
1 9.99808e-05
0.551903 0.833908
0.63934 0.768926
0.80066 0.59912
0.973977 0.226648
0.198428 0.980116
0.331801 0.94335
0.22828 0.973595
0.362577 0.931954
0.895551 0.44496
0.742235 0.67014
0.701657 0.712515
0.856518 0.516118
0.916066 0.401028
0.630261 0.77639
0.869526 0.493887
0.670155 0.742221
0.119145 0.992877
0.454694 0.890671
0.99821 0.059814
0.966435 0.256912
0.347526 0.93767
0.723481 0.690344
0.78872 0.614752
0.444477 0.89579
0.839573 0.543248
0.781567 0.623822
