4.20124e-05 0.75776 0.652533
0.608459 0.793585 6.53744e-05
0.653604 4.42335e-06 0.756836
0.93908 6.35534e-06 0.343697
0.570622 0.684868 0.453152
8.78295e-06 0.158415 0.987373
0.922121 0.386918 9.3007e-05
4.78327e-05 0.862738 0.50565
5.86762e-05 0.287477 0.957788
5.17865e-05 0.934052 0.357137
4.61519e-05 0.832423 0.554254
0.336159 0.793071 0.508123
0.331405 2.24283e-06 0.944942
0.600262 0.534064 0.595366
0.961593 0.274736 7.00091e-05
7.70529e-07 0.980745 0.195293
0.301609 0.301152 0.904768
0.862503 0.506052 7.00042e-05
0.235905 0.236296 0.94261
0.0430245 0.731782 0.680587
0.72387 0.6038 0.333823
3.36531e-05 0.606987 0.794986
0.397113 0.623718 0.673452
0.251051 1.69902e-06 0.967974
0.939448 0.342692 7.00042e-05
3.65186e-05 0.956722 0.291005
2.79568e-05 0.504246 0.863706
0.658452 0.752623 4.27859e-05
0.344357 0.69413 0.632147
0.730988 0.031887 0.681753
0.787771 0.578406 0.211811
0.447463 0.894302 7.00042e-05
6.5597e-05 8.69018e-05 1
9.4682e-05 0.387796 0.921745
5.54428e-05 1 9.30064e-05
0.404191 0.710925 0.575513
1.71126e-05 0.448319 0.893874
0.706462 0.470307 0.528888
0.893825 6.04907e-06 0.448417
7.0286e-07 0.894614 0.446839
0.489996 0.871724 4.27859e-05
4.42307e-05 0.797772 0.602959
0.390284 2.6413e-06 0.920853
0.925117 0.242598 0.292071
0.707996 4.79145e-06 0.706217
0.98849 6.68973e-06 0.151286
0.253848 0.410114 0.876024
0.241527 0.970394 4.27859e-05
0.551471 0.834651 4.28022e-05
0.296319 0.905293 0.304368
0.970193 6.56591e-06 0.242332
0.466657 3.15816e-06 0.884438
0.832409 0.554161 4.27859e-05
0.635946 0.337502 0.694021
0.644382 0.645541 0.409959
5.55292e-07 0.706788 0.707599
0.894284 0.447593 4.27877e-05
0.980757 0.195762 7.00114e-05
0.631953 0.57714 0.517247
0.75556 0.655233 4.27902e-05
0.832856 5.63646e-06 0.553506
0.571614 0.745671 0.342395
0.56142 0.388948 0.73043
0.880306 0.310905 0.358336
2.50126e-05 0.655284 0.755383
0.332004 0.943278 4.27859e-05
0.544187 3.68286e-06 0.838964
0.321631 0.492411 0.812149
0.0399469 0.679436 0.732647
0.486387 0.811569 0.323703
0.681059 0.038694 0.731805
0.792797 0.609486 4.27859e-05
0.374347 0.848566 0.3739
0.374036 0.373469 0.848892
3.07719e-05 0.55502 0.831841
0.444189 0.444926 0.777649
0.528826 0.470507 0.706434
0.755374 5.11208e-06 0.655294
0.412526 0.257071 0.87392
0.471606 0.593822 0.652451
0.5094 0.339119 0.790892
0.706748 0.707484 4.27865e-05
0.25694 0.8743 0.411815
0.343174 0.572712 0.744468
0.867339 5.86982e-06 0.497718
0.731457 0.680415 0.0447959
0.913021 0.0398277 0.405963
0.841234 0.263037 0.472376
0.150325 0.988637 4.27859e-05
0.795299 5.38229e-06 0.606217
0.409975 0.910996 0.0447959
0.743696 0.34145 0.574742
1 6.76763e-06 4.27859e-05
0.46416 0.754661 0.463751
0.648008 0.406809 0.643888
0.592393 4.00909e-06 0.805649
0.753199 0.520107 0.402715
0.534774 0.65364 0.53551
0.848578 0.424115 0.316295
0.802268 0.392926 0.449417
