0.32398 0.17602
0.0179945 0.482005
0.032999 0.467001
0.0890667 0.410933
0.49551 0.00449047
0.329081 0.170919
0.308673 0.191327
0.375 0.125
0.0994896 0.40051
0.0279692 0.472031
0.410715 0.0892854
0.0590186 0.440981
0.431122 0.0688776
0.00494908 0.495051
0.0840222 0.415978
0.0489866 0.451013
0.288266 0.211734
0.166285 0.333715
0.385204 0.114796
0.444557 0.055443
0.318878 0.181122
0.395245 0.104755
0.471939 0.0280611
0.313776 0.186224
0.436225 0.0637755
0.29847 0.20153
0.0539981 0.446002
0.359694 0.140306
0.0790014 0.420999
0.0739798 0.42602
0.201531 0.298469
0.339286 0.160714
0.380102 0.119898
0.34949 0.15051
0.0140143 0.485986
0.104595 0.395405
0.334184 0.165816
1.19729e-05 0.499988
0.064005 0.435995
0.467012 0.0329875
0.181122 0.318878
0.0229712 0.477029
0.456633 0.0433673
0.40051 0.09949
0.06901 0.43099
0.415911 0.0840889
0.439997 0.0600034
0.450989 0.0490108
0.242347 0.257653
0.00892853 0.491071
0.344099 0.155901
0.461735 0.0382652
0.303572 0.196428
0.247449 0.252551
0.482038 0.0179625
0.390306 0.109694
0.487023 0.012977
0.293367 0.206633
0.491071 0.0089287
0.114796 0.385204
0.216989 0.283011
0.135204 0.364796
0.477 0.0230001
0.364924 0.135076
0.267857 0.232143
0.283164 0.216836
0.405613 0.0943874
0.354592 0.145408
0.227041 0.272959
0.272959 0.227041
0.0439294 0.456071
0.252551 0.247449
0.369898 0.130102
0.278061 0.221939
0.257653 0.242347
0.125 0.375
0.0382654 0.461735
0.151093 0.348907
0.262755 0.237245
0.170919 0.329081
0.420919 0.0790814
0.191327 0.308673
0.42602 0.0739799
0.109694 0.390306
0.196429 0.303571
0.160715 0.339285
0.232143 0.267857
0.0943879 0.405612
0.237245 0.262755
0.186225 0.313775
0.206633 0.293367
0.140306 0.359694
0.155897 0.344103
0.499976 2.37933e-05
0.130102 0.369898
0.211735 0.288265
0.145408 0.354592
0.176021 0.323979
0.221939 0.278061
0.119898 0.380102
