0.415817 0.0841834
0.293038 0.206962
0.364796 0.135204
0.0489452 0.451055
0.00393122 0.496069
0.431122 0.0688776
0.0130008 0.486999
0.0230002 0.477
0.441013 0.0589871
0.334183 0.165817
0.0430286 0.456971
0.0178929 0.482107
0.390306 0.109694
4.91729e-05 0.499951
0.283163 0.216837
0.0329906 0.467009
0.241768 0.258232
0.369898 0.130102
0.196428 0.303572
0.0589986 0.441001
0.487037 0.0129627
0.247449 0.252551
0.288265 0.211735
0.278061 0.221939
0.0841834 0.415817
0.34949 0.15051
0.109863 0.390137
0.46702 0.0329799
0.0940918 0.405908
0.395408 0.104592
0.477025 0.0229754
0.49995 4.96537e-05
0.186094 0.313906
0.269133 0.230867
0.298025 0.201975
0.42602 0.07398
0.308673 0.191327
0.323979 0.176021
0.375 0.125
0.496173 0.00382663
0.00765304 0.492347
0.436005 0.0639952
0.0279499 0.47205
0.1563 0.3437
0.359694 0.140306
0.227041 0.272959
0.0539749 0.446025
0.232128 0.267872
0.456633 0.0433674
0.0892852 0.410715
0.471999 0.0280015
0.411012 0.0889882
0.40051 0.0994896
0.446428 0.0535715
0.0994899 0.40051
0.181122 0.318878
0.206718 0.293282
0.328958 0.171042
0.313776 0.186224
0.211735 0.288265
0.339285 0.160715
0.405613 0.0943874
0.385204 0.114796
0.492096 0.00790426
0.0790815 0.420919
0.216836 0.283164
0.221939 0.278061
0.258929 0.241071
0.482003 0.0179965
0.26403 0.23597
0.0739881 0.426012
0.0640069 0.435993
0.237055 0.262945
0.354592 0.145408
0.20153 0.29847
0.421001 0.0789994
0.380102 0.119898
0.140306 0.359694
0.303572 0.196428
0.46205 0.0379498
0.191326 0.308674
0.15051 0.34949
0.451007 0.0489932
0.318877 0.181123
0.160714 0.339286
0.273583 0.226417
0.344047 0.155953
0.104592 0.395408
0.17602 0.32398
0.114796 0.385204
0.0382653 0.461735
0.119898 0.380102
0.253826 0.246174
0.0689988 0.431001
0.135204 0.364796
0.170918 0.329082
0.165816 0.334184
0.125 0.375
0.145408 0.354592
0.130102 0.369898
