0.32344 0.486646 0.811519
0.879559 0.362635 0.308012
0.387685 4.24441e-05 0.921792
5.6293e-17 0.919334 0.393478
0.32044 0.844991 0.428146
0.463806 0.463994 0.754792
0.752297 0.519824 0.404763
2.03321e-07 0.506858 0.862033
0.955577 0.0416511 0.291783
0.348397 4.81424e-06 0.937347
0.409507 0.911208 0.0447662
5.09739e-17 0.832467 0.554074
0.919218 9.06103e-05 0.393916
0.33936 0.940657 0.00011263
0.571354 0.746068 0.342098
0.644684 0.64526 0.409923
0.510347 0.333523 0.792831
0.470814 0.589021 0.656802
7.8644e-11 0.894579 0.44691
0.15196 0.988387 1.07533e-34
0.554721 0.832045 9.43911e-37
2.06128e-08 0.446702 0.894683
0.543682 0.646326 0.535419
0.367004 0.875433 0.316652
0.791286 0.339561 0.508499
3.87261e-05 2.4277e-09 1
0.65272 0.592551 0.472059
0.894627 2.94066e-14 0.446814
0.22988 0.973219 1.84224e-05
0.600609 0.535201 0.593994
0.38397 0.620603 0.683864
1.19848e-17 0.195726 0.980694
0.0480604 0.68024 0.731412
0.958771 0.284179 9.96978e-05
5.35269e-17 0.874161 0.485637
0.48962 4.86358e-05 0.871936
0.342109 0.57262 0.745029
0.658532 9.86341e-05 0.752553
0.152235 1.50063e-05 0.988346
8.62064e-11 0.980602 0.196023
0.871014 8.65211e-05 0.491258
0.734011 0.618653 0.280563
2.17117e-06 0.65494 0.755681
3.35374e-08 0.707025 0.707209
0.247718 0.905604 0.344263
0.679654 0.732195 0.0447671
0.553883 2.37682e-05 0.832595
0.850675 0.318499 0.41853
0.372667 0.373 0.8497
0.831905 2.73449e-14 0.554918
0.619874 0.262558 0.739658
1.003e-05 0.387864 0.921716
3.39578e-17 0.554574 0.832135
5.86756e-17 0.958245 0.285948
0.7054 0.403955 0.582436
0.800064 2.89863e-06 0.599914
0.799486 0.499013 0.334378
0.654795 0.75581 9.81538e-05
0.384847 0.776028 0.499674
0.46197 0.68514 0.564752
0.793696 0.608314 3.21108e-05
0.928797 0.290229 0.230443
0.980741 8.92183e-07 0.196694
0.255189 0.412457 0.874504
0.529178 0.705075 0.472059
0.477134 0.838945 0.261751
0.980565 0.196211 9.96779e-05
0.817077 0.43308 0.380571
0.51376 0.514219 0.686845
0.864846 0.502038 9.84606e-05
0.894522 0.447023 9.81535e-05
0.831558 0.555438 9.96978e-05
1 9.93338e-05 9.96978e-05
0.597809 2.50755e-06 0.801638
0.242471 2.39012e-05 0.970159
1.61446e-10 0.755659 0.655051
3.45521e-10 0.795883 0.605451
0.903424 0.246994 0.350841
6.12323e-17 1 9.96775e-05
0.340639 0.748222 0.56988
0.340092 0.685782 0.64346
3.7179e-17 0.60718 0.794632
0.707143 0.707071 7.91106e-05
0.751691 0.659516 9.7767e-05
0.585882 0.405494 0.701653
0.707084 2.73447e-06 0.70713
0.733553 6.78147e-07 0.679918
0.506188 0.864031 9.86265e-05
0.629588 0.457258 0.628393
0.446985 6.33217e-05 0.894541
0.756633 7.51592e-05 0.65384
2.02837e-14 0.290667 0.956976
0.447545 0.894261 9.84606e-05
0.600987 0.799259 9.96978e-05
0.0450969 0.733785 0.677883
0.453772 0.797867 0.396903
0.292129 0.925072 0.243194
0.300295 0.30149 0.904946
0.920078 0.391735 9.38192e-05
0.733457 0.451712 0.507935
