0.909439 0.416196
0.904744 0.425958
0.77402 0.633161
0.943476 0.331442
0.663415 0.748256
0.242556 0.970137
0.714286 0.699854
0.750762 0.660573
0.849975 0.526823
0.2862 0.95817
0.586174 0.810189
0.216827 0.97621
0.859953 0.510374
0.692451 0.721465
0.878693 0.477387
0.654486 0.756074
0.992808 0.119719
1 9.36675e-05
0.887444 0.460915
0.63947 0.768816
0.549022 0.835834
0.617791 0.786342
0.647389 0.762159
0.979725 0.200348
0.839574 0.543245
0.271453 0.962452
0.477394 0.878689
0.624175 0.781364
0.937671 0.347525
0.487689 0.873018
0.982805 0.184645
0.798818 0.601573
0.572217 0.820181
0.805959 0.591972
0.995522 0.0945255
0.316224 0.948685
0.92539 0.379032
0.948684 0.316227
0.51625 0.856445
0.41666 0.909071
0.734772 0.678314
0.761282 0.648421
0.428086 0.903738
0.560429 0.828202
0.607973 0.793958
0.970122 0.242619
0.915073 0.403288
0.989482 0.144655
0.699855 0.714285
8.65922e-05 1
0.828495 0.559996
0.95368 0.300822
0.812071 0.583671
0.0593381 0.998238
0.781539 0.623857
0.768914 0.639352
0.70709 0.707124
0.11751 0.9931
0.633084 0.774083
0.526835 0.849967
0.973612 0.228272
0.985255 0.17109
0.854751 0.519076
0.921797 0.387673
0.788765 0.614694
0.895791 0.444475
0.599351 0.800486
0.256812 0.966461
0.672553 0.740049
0.331487 0.94346
0.460919 0.887442
0.962453 0.271449
0.378354 0.925671
0.30115 0.953577
0.406259 0.913758
0.53562 0.844459
0.395523 0.918456
0.685133 0.728418
0.184623 0.982809
0.721095 0.692836
0.500377 0.865807
0.198873 0.980025
0.958163 0.286222
0.362402 0.932025
0.444464 0.895797
0.997487 0.0708477
0.966453 0.256846
0.74283 0.66948
0.13178 0.991279
0.86608 0.499914
0.728417 0.685134
0.976788 0.214206
0.347523 0.937671
0.157762 0.987477
0.844469 0.535605
0.931955 0.362574
0.871573 0.490321
0.818794 0.574088
0.22817 0.973621
0.0945458 0.995521
