0.487029 0.0129713
0.344388 0.155612
0.241581 0.258419
0.0230001 0.477
0.293368 0.206632
0.472007 0.0279932
0.313776 0.186224
0.410802 0.0891977
0.0128521 0.487148
0.0491811 0.450819
0.359694 0.140306
0.364796 0.135204
0.40051 0.0994897
0.196173 0.303827
0.385204 0.114796
0.0180018 0.481998
0.482016 0.017984
0.0688776 0.431122
0.278061 0.221939
0.0279996 0.472
0.00391419 0.496086
0.0329945 0.467006
0.369898 0.130102
0.354592 0.145408
0.461735 0.0382653
0.0840272 0.415973
0.0994898 0.40051
0.334183 0.165817
0.318878 0.181122
0.232143 0.267857
0.430813 0.0691872
0.140123 0.359877
0.420984 0.079016
0.22704 0.27296
0.0891476 0.410852
0.00797178 0.492028
0.380102 0.119898
0.257057 0.242943
0.496019 0.00398148
0.05929 0.44071
0.262755 0.237245
0.446116 0.0538842
0.0640025 0.435998
0.303572 0.196428
0.436001 0.0639988
0.176021 0.323979
0.272959 0.227041
0.0433674 0.456633
0.0540266 0.445973
0.450358 0.049642
0.339286 0.160714
0.47701 0.0229903
0.329082 0.170918
0.288266 0.211734
0.32398 0.17602
0.42602 0.0739796
0.283163 0.216837
0.170919 0.329081
0.0369895 0.46301
0.186224 0.313776
0.211752 0.288248
0.45596 0.0440404
0.267857 0.232143
0.390306 0.109694
0.29847 0.20153
0.405728 0.0942721
0.440992 0.0590076
0.492013 0.00798737
0.375 0.125
0.0739799 0.42602
0.416003 0.083997
0.216837 0.283163
0.201948 0.298052
0.349169 0.150831
0.206633 0.293367
0.181123 0.318877
0.191327 0.308673
0.395408 0.104592
4.69355e-05 0.499953
0.246926 0.253074
0.499953 4.7459e-05
0.252551 0.247449
0.237245 0.262755
0.104592 0.395408
0.119898 0.380102
0.466998 0.0330025
0.145408 0.354592
0.308783 0.191217
0.114796 0.385204
0.165817 0.334183
0.109694 0.390306
0.221939 0.278061
0.130102 0.369898
0.135204 0.364796
0.15051 0.34949
0.161226 0.338774
0.155612 0.344388
0.0790815 0.420918
0.094388 0.405612
0.125 0.375
