0.176089 0.176089 0.968496
0.431887 0.431887 0.7918
0.556021 0.556021 0.617804
0.703526 0.703526 0.100504
0.254442 0.254442 0.933016
0.704935 0.704935 0.0783194
0.601329 0.601328 0.526128
0.624698 0.624698 0.468513
0.066367 0.066367 0.995586
0.658145 0.658145 0.365636
0.18121 0.18121 0.966605
0.700143 0.700143 0.139996
0.301496 0.301496 0.904544
0.348156 0.348156 0.870388
0.33129 0.33129 0.883456
0.140024 0.140024 0.980197
0.428392 0.428392 0.795588
0.449988 0.449988 0.771377
0.655612 0.655612 0.374629
0.549976 0.549976 0.628532
0.631165 0.631165 0.450845
0.473031 0.473031 0.743292
0.389487 0.389487 0.834625
0.604708 0.604708 0.518321
8.39962e-05 8.39962e-05 1
0.646764 0.646764 0.404219
0.633725 0.633725 0.443604
0.211952 0.211952 0.954019
0.680418 0.680418 0.272147
0.523202 0.523202 0.672695
0.539165 0.539165 0.646995
0.67828 0.67828 0.282618
0.545457 0.545468 0.636371
0.497475 0.497475 0.710659
0.0356665 0.0356665 0.998727
0.529814 0.529814 0.662265
0.615461 0.615459 0.492365
0.201772 0.201772 0.958424
0.408231 0.408232 0.816515
0.702252 0.702252 0.116978
0.693103 0.693103 0.198029
0.684832 0.684832 0.249017
0.502519 0.502519 0.703526
0.553375 0.553375 0.622537
0.457488 0.457488 0.762502
0.366519 0.366519 0.855177
0.694316 0.694316 0.189344
0.323386 0.323386 0.889294
0.69854 0.69854 0.155187
0.506979 0.506979 0.697098
0.598672 0.598672 0.532154
0.131004 0.131004 0.982688
0.444445 0.444445 0.777777
0.644831 0.644831 0.410348
0.192439 0.192439 0.962255
0.0901297 0.0901297 0.991843
0.264901 0.264901 0.927176
0.577351 0.577351 0.577348
0.171216 0.171216 0.970242
0.382358 0.382358 0.841192
0.707107 0.707107 0.000139122
0.485108 0.485108 0.727557
0.219369 0.219369 0.95066
0.123089 0.123089 0.984733
0.683489 0.683489 0.256292
0.534995 0.534995 0.653882
0.358973 0.358973 0.861555
0.0494196 0.0494196 0.99756
0.386488 0.386488 0.837414
0.696315 0.696315 0.174043
0.27156 0.27156 0.923315
0.468298 0.468298 0.749262
0.639603 0.639603 0.426399
0.282136 0.282136 0.91695
0.0990132 0.0990132 0.990148
0.0764682 0.0764682 0.994135
0.650949 0.650949 0.390552
0.376289 0.376289 0.846648
0.659738 0.659738 0.359848
0.23569 0.23569 0.942815
0.609206 0.609206 0.507677
0.514492 0.514492 0.685999
0.706209 0.706209 0.050368
0.596547 0.596547 0.536901
0.24663 0.24663 0.937202
0.464217 0.464217 0.754324
0.109764 0.109764 0.987878
0.0827575 0.0827575 0.993128
0.162216 0.162216 0.97333
0.150323 0.150323 0.977142
0.619596 0.619596 0.481872
0.315782 0.315782 0.894742
0.674579 0.674579 0.299813
0.688248 0.688248 0.229409
0.276168 0.276168 0.920577
0.676718 0.676718 0.290007
0.691724 0.691724 0.207449
0.337868 0.337868 0.878459
0.436841 0.436841 0.786346
0.666671 0.666671 0.333317
