2.73846e-17 0.447224 0.894422
9.11879e-05 4.47308e-05 1
0.940117 9.35952e-05 0.341037
2.37908e-17 0.388534 0.921435
0.832278 8.25338e-05 0.554406
0.408216 0.700629 0.585217
1.20112e-17 0.196158 0.980575
0.791357 0.337565 0.50971
0.343196 0.572327 0.744754
0.832133 0.554577 0.000105109
0.921742 0.387803 9.99798e-05
0.447148 0.89446 9.97739e-05
0.958297 0.175162 0.225799
0.605026 0.796206 8.88135e-05
0.75577 5.65404e-08 0.654838
0.529002 0.47075 0.706081
0.799505 3.60883e-15 0.600829
0.980578 0.196127 9.99798e-05
0.486802 0.811809 0.322474
0.707157 0.707127 7.53179e-10
5.27865e-17 0.862069 0.506839
0.340163 0.940366 5.75978e-06
0.552126 5.4968e-05 0.833761
4.32934e-17 0.707035 0.707179
0.56949 0.685595 0.453493
0.988354 9.83975e-05 0.152173
4.72271e-09 0.796204 0.605029
0.533299 0.655635 0.535777
0.707384 1.27284e-05 0.70686
0.684962 0.570241 0.453489
0.964843 0.262826 7.13723e-08
1 9.9557e-05 9.90123e-05
0.737573 0.355339 0.574212
0.373833 0.849307 0.374053
2.22888e-08 0.980625 0.195895
0.489346 4.87178e-05 0.87209
0.28105 0.734561 0.618212
0.645422 0.409954 0.644529
3.01588e-17 0.492531 0.870295
0.614602 6.11879e-05 0.788837
0.558655 0.347896 0.75291
0.86224 0.506499 9.90123e-05
0.490006 0.871896 9.90275e-05
0.905327 0.300031 0.300607
5.75409e-17 0.939714 0.341962
0.794238 0.607607 9.90123e-05
0.242232 5.07228e-05 0.970218
0.387103 3.85388e-05 0.922041
0.851105 0.371576 0.372084
0.599053 0.533087 0.597456
0.675095 0.275053 0.684538
4.83182e-12 0.655 0.755629
0.335153 0.795183 0.505328
0.504991 0.207238 0.837975
0.299476 0.908368 0.29186
5.47758e-17 0.894557 0.446954
0.256339 0.874464 0.411828
5.09565e-17 0.832183 0.554502
0.38863 0.921394 8.64598e-05
0.327976 3.26523e-05 0.944805
0.921488 7.11257e-06 0.388651
0.447875 4.4589e-05 0.894096
3.39288e-17 0.5541 0.83251
0.364293 0.312347 0.877343
0.288129 0.957591 9.99798e-05
4.62708e-17 0.755659 0.654965
5.63802e-17 0.920758 0.390135
0.451272 0.3965 0.799477
0.894486 0.447096 9.97739e-05
0.813613 0.487829 0.316319
0.679262 0.733335 0.0287002
0.874682 0.255591 0.41183
0.633111 0.57477 0.519208
0.464386 0.754477 0.463823
0.940012 0.341221 9.9015e-05
6.12323e-17 1 9.99798e-05
3.71927e-17 0.607402 0.794395
0.196227 0.980559 9.90123e-05
0.0399531 0.680035 0.732271
0.751224 0.660047 9.40213e-05
0.554925 0.831908 9.90129e-05
0.860525 0.0333792 0.508313
0.240727 0.351331 0.904775
0.29621 0.245741 0.922968
7.51632e-09 0.957429 0.289251
0.38813 0.499061 0.774786
0.70602 0.470528 0.529282
0.470858 0.593782 0.652469
0.970844 6.9239e-05 0.23971
0.384924 0.622818 0.681679
0.87536 0.411951 0.253066
0.654085 0.756421 9.99798e-05
0.657844 9.03526e-05 0.753154
0.743962 0.573313 0.343897
0.779365 0.444499 0.441601
7.70086e-09 0.288033 0.957621
0.571305 0.745413 0.343469
0.151924 1.51251e-05 0.988392
0.894571 8.90608e-05 0.446926
0.644292 0.645568 0.410036
