0.869721 0.493545
0.71571 0.698398
0.817562 0.575841
0.654483 0.756087
0.985257 0.171079
0.525802 0.850667
0.551426 0.834256
0.894352 0.448357
0.734878 0.678199
0.346923 0.937897
0.8745 0.485119
0.992877 0.11914
0.285569 0.958358
0.607976 0.793956
0.882182 0.470908
0.184632 0.982808
0.3794 0.925233
0.565663 0.824636
0.387588 0.9219
0.811678 0.584106
0.748197 0.663476
0.591979 0.805954
0.925232 0.379403
0.854998 0.518631
0.633264 0.773936
0.271467 0.962448
0.575837 0.817565
0.919162 0.393938
0.203281 0.979121
0.756234 0.654302
0.483689 0.87524
0.107894 0.994162
0.362173 0.932111
0.948693 0.316199
0.763832 0.645415
0.970149 0.242512
0.781565 0.623823
0.800544 0.599273
0.316211 0.948689
0.768812 0.639475
0.846542 0.532322
0.301123 0.953585
0.438876 0.898596
0.241948 0.970289
0.225362 0.974275
0.499845 0.866115
0.422613 0.90631
0.937671 0.347525
0.973572 0.228381
0.707117 0.707097
0.663496 0.74818
0.962529 0.271178
0.331479 0.943463
0.464743 0.885445
0.51037 0.859955
0.45188 0.892079
0.583359 0.812215
0.256907 0.966436
0.0825849 0.996584
0.69 0.72381
1 9.268e-05
0.0593487 0.998237
0.863866 0.503722
0.477312 0.878734
0.805955 0.591976
0.900417 0.435219
0.977384 0.21147
0.989482 0.144659
0.88745 0.460904
0.681359 0.731949
0.411749 0.911297
0.698896 0.715223
0.723796 0.690014
0.599658 0.800256
0.670153 0.742223
0.614536 0.788918
0.788789 0.614664
0.943541 0.331348
0.53576 0.84437
0.793951 0.607981
0.907753 0.419505
0.931651 0.363354
0.96644 0.256892
0.397848 0.917451
0.95359 0.30111
0.998585 0.0531813
0.623836 0.781556
0.83957 0.543252
9.46628e-05 1
0.742502 0.66985
0.775688 0.631117
0.912189 0.40977
0.825642 0.564212
0.645181 0.764048
0.131785 0.991278
0.980129 0.198363
0.95817 0.286201
0.157751 0.987479
0.834386 0.551181
0.995411 0.0956876
