0.730548 0.0349104 0.681968
5.5274e-05 0.799339 0.60088
0.296562 0.303092 0.905641
9.59022e-11 0.447707 0.894609
0.458049 0.570114 0.682069
0.874664 0.315771 0.367769
0.70796 0.467834 0.529078
2.25295e-06 0.657519 0.753611
0.707704 0.706509 0.00012045
5.75822e-05 0.832719 0.553696
0.707883 7.61074e-05 0.706329
0.629245 0.456904 0.628721
0.791913 5.47703e-05 0.610865
0.833957 0.551992 9.35695e-05
0.447335 1.76025e-32 0.894372
0.652323 0.590269 0.475951
0.895799 1.35371e-30 0.444481
0.317093 0.485157 0.814908
0.832173 9.42035e-13 0.554517
0.940932 0.338595 0.000112012
1 6.9162e-05 9.35611e-05
0.597308 9.35529e-05 0.802576
0.56879 0.721089 0.397464
0.980728 0.195376 8.27213e-05
0.68647 0.343205 0.641539
6.35461e-05 0.918965 0.39434
0.678911 0.0480614 0.732646
0.681807 0.73133 0.0171967
0.297545 0.90675 0.298803
0.654012 0.756699 1.0883e-51
0.339186 0.94072 0.000104407
0.46271 0.461928 0.756652
0.419531 0.2591 0.869977
2.2821e-05 0.330024 0.943973
0.799388 0.395554 0.452475
6.09557e-17 5.81379e-18 1
4.70839e-05 0.680899 0.732377
1.77675e-06 0.554739 0.832025
0.505093 0.333776 0.795914
5.65237e-07 0.872238 0.490383
0.848527 0.42269 0.318527
3.30282e-07 0.50967 0.86037
4.20111e-05 0.607538 0.79429
0.397267 0.721622 0.56821
0.981301 1.92074e-25 0.19248
0.596098 0.269217 0.756432
2.69517e-05 0.38976 0.920917
0.938973 1.03583e-07 0.344113
4.31841e-08 0.708364 0.705848
0.73292 0.621682 0.276296
7.27918e-09 0.75792 0.652479
0.799483 0.600689 2.16455e-14
0.654072 0.000111851 0.756432
0.375344 0.849087 0.3718
0.272305 0.755228 0.596254
0.843955 0.259218 0.470681
0.455369 0.764155 0.457162
0.342908 0.572061 0.745091
0.920816 0.389997 9.14534e-05
0.759685 2.79775e-34 0.650291
4.46281e-11 0.149915 0.988701
0.505238 0.794323 0.338388
0.336885 0.792421 0.508506
0.0413221 0.733531 0.678685
0.252919 0.411722 0.876495
0.501711 1.18455e-19 0.865042
0.389405 0.921067 1.21932e-30
0.861059 7.6117e-05 0.508506
0.445705 0.89518 4.34062e-49
0.584324 0.402777 0.704575
0.387767 3.63247e-23 0.921757
0.75344 0.51935 0.403249
0.745388 0.341362 0.574817
0.535331 0.534427 0.65407
0.608697 0.793402 0.000136619
3.32396e-14 0.951816 0.306749
0.86544 0.501055 6.20239e-05
0.903877 0.346979 0.250224
1.67357e-05 0.242021 0.970271
0.894848 0.447929 5.42893e-05
0.344017 7.16317e-06 0.938963
0.535952 0.656209 0.532071
0.151028 0.988529 5.74199e-07
0.603297 0.536993 0.589995
0.238593 0.23819 0.941456
0.55581 0.83131 6.20226e-05
0.752344 0.658771 9.21941e-05
6.78187e-05 0.980753 0.195255
0.630441 0.695802 0.344099
0.961484 0.274911 4.56799e-05
0.956975 6.14508e-14 0.290169
0.913331 0.0390838 0.405517
0.372359 0.373187 0.849753
6.91496e-05 1 8.27213e-05
5.80015e-07 0.895042 0.446047
0.490981 0.87118 0.000102775
0.410727 0.647676 0.645264
0.241396 8.55439e-05 0.970427
0.556097 1.50422e-07 0.831117
0.249979 0.968251 8.27213e-05
