0.0101164 3.98892
0.772527 2.57859
0.731932 2.84576
0.794294 2.46472
0.0369117 3.9505
0.720364 2.93044
0.703527 3.05709
0.72635 2.88674
0.0755099 3.87518
0.823847 2.35587
0.0468295 3.93317
0.827376 2.34677
0.178837 3.6435
0.09686 3.8265
0.763096 2.63558
0.73471 2.8259
0.745796 2.74852
0.140143 3.72407
0.774813 2.56528
0.0597892 3.90827
0.0661721 3.89519
0.816869 2.37608
0.770159 2.59239
0.165042 3.66996
0.806165 2.41417
0.814053 2.38549
0.788876 2.49059
0.198469 3.61191
0.737382 2.80683
0.758196 2.66654
0.673409 3.28383
0.710622 3.00334
0.151161 3.69929
0.0202616 3.97589
0.77712 2.5523
0.781836 2.52671
0.145752 3.71132
0.798541 2.44566
0.743024 2.76748
0.0532979 3.92104
0.699959 3.08401
0.791547 2.47765
0.692563 3.14008
0.670537 3.30501
0.73965 2.79083
0.0303121 3.96137
0.192803 3.62021
0.156779 3.68712
0.108812 3.79818
0.128915 3.75025
0.729208 2.8657
0.0908824 3.84045
0.723326 2.90852
0.134567 3.73698
0.000138736 3.99986
0.21296 3.59404
0.750788 2.71484
0.1871 3.62926
0.102894 3.81225
0.646409 3.47633
0.649949 3.45217
0.238086 3.57576
0.120369 3.77054
0.696396 3.11134
0.228296 3.58085
0.70698 3.03172
0.219059 3.58808
0.858411 2.30709
0.717131 2.95451
0.688682 3.16945
0.779535 2.53955
0.680264 3.2331
0.663826 3.35418
0.204193 3.60425
0.760925 2.64861
0.170465 3.65918
0.637684 3.53461
0.0848752 3.85441
0.74819 2.73195
0.667795 3.32544
0.114615 3.78429
0.848132 2.31211
0.840781 2.32054
0.641551 3.50889
0.835458 2.32926
0.65329 3.42898
0.684634 3.19998
0.755727 2.68195
0.753193 2.69843
0.784544 2.51248
0.660741 3.37614
0.820523 2.36493
0.803555 2.42448
0.831372 2.33783
0.767106 2.61077
0.676421 3.26157
0.657637 3.39835
0.808728 2.4042
0.713989 2.97846
0.251408 3.57319
