0.596537 0.596537 0.536925
0.457474 0.457474 0.762518
0.545438 0.545438 0.636392
0.444417 0.444417 0.777809
0.301493 0.301493 0.904546
0.65813 0.65813 0.36569
0.130995 0.130995 0.98269
0.109691 0.109691 0.987895
8.46677e-05 8.46677e-05 1
0.211761 0.211761 0.954104
0.282102 0.282102 0.916972
0.694313 0.694313 0.189367
0.644812 0.644812 0.410408
0.678273 0.678273 0.282653
0.549946 0.549946 0.628585
0.27615 0.27615 0.920588
0.523215 0.523215 0.672675
0.502485 0.502485 0.703575
0.529789 0.529789 0.662304
0.473001 0.473001 0.743331
0.431863 0.431863 0.791826
0.464142 0.464142 0.754416
0.51446 0.51446 0.686047
0.485106 0.485106 0.72756
0.700142 0.700142 0.14001
0.42835 0.42835 0.795633
0.534999 0.534999 0.653874
0.624685 0.624685 0.468547
0.171156 0.171156 0.970264
0.57733 0.57733 0.577391
0.408205 0.408205 0.81654
0.615439 0.615439 0.492413
0.598675 0.598675 0.532143
0.619575 0.619575 0.481927
0.676713 0.676713 0.290033
0.176053 0.176053 0.96851
0.0989803 0.0989803 0.990154
0.219179 0.219179 0.950748
0.0356419 0.0356419 0.998729
0.650929 0.650929 0.39062
0.264877 0.264877 0.927189
0.181144 0.181144 0.96663
0.698538 0.698538 0.155205
0.633722 0.633722 0.443613
0.366506 0.366506 0.855188
0.235661 0.235661 0.942829
0.449977 0.449977 0.771389
0.348133 0.348133 0.870406
0.323168 0.323168 0.889452
0.162193 0.162193 0.973338
0.246585 0.246585 0.937225
0.331142 0.331142 0.883567
0.201761 0.201761 0.958429
0.0826809 0.0826809 0.99314
0.706205 0.706205 0.0504867
0.684821 0.684821 0.249077
0.0763983 0.0763983 0.994146
0.192408 0.192408 0.962267
0.702249 0.702249 0.11702
0.0901278 0.0901278 0.991844
0.68348 0.68348 0.256338
0.337838 0.337838 0.878482
0.53916 0.53916 0.647003
0.67457 0.67457 0.299852
0.703525 0.703525 0.100531
0.63114 0.63114 0.450916
0.556 0.556 0.617842
0.506971 0.506971 0.697109
0.27142 0.27142 0.923397
0.646748 0.646748 0.404269
0.696328 0.696328 0.173936
0.60469 0.60469 0.518362
0.123057 0.123057 0.984741
0.497447 0.497447 0.710699
0.69171 0.69171 0.207541
0.43682 0.43682 0.78637
0.704932 0.704932 0.0783624
0.553308 0.553308 0.622656
0.666693 0.666693 0.33323
0.0498386 0.0498386 0.997513
0.315782 0.315782 0.894742
0.358933 0.358933 0.861589
0.254431 0.254431 0.933022
0.655595 0.655595 0.374686
0.386468 0.386468 0.837428
0.639595 0.639595 0.426422
0.688236 0.688236 0.22948
0.468265 0.468265 0.749304
0.389443 0.389443 0.834667
0.376262 0.376262 0.846672
0.382332 0.382332 0.841216
0.150271 0.150271 0.977158
0.140003 0.140003 0.980203
0.659729 0.659729 0.359881
0.680406 0.680406 0.272206
0.0662564 0.0662564 0.9956
0.609191 0.609191 0.507712
0.693104 0.693104 0.198024
0.707107 0.707107 0.000189283
0.601318 0.601318 0.52615
