0.834312 0.551292
0.529087 0.848568
0.639355 0.768911
0.970145 0.242527
0.98283 0.184514
0.878793 0.477204
0.980125 0.198379
0.68425 0.729252
0.800667 0.599112
0.605285 0.796009
0.90023 0.435414
0.828809 0.559532
0.814869 0.579828
0.873376 0.487049
0.65488 0.755733
0.411681 0.911328
0.715507 0.698607
0.893924 0.448219
0.742371 0.669989
0.559578 0.828778
0.78164 0.62373
0.4773 0.878741
0.918451 0.395535
0.991293 0.131676
1 9.99857e-05
0.663462 0.74821
0.0591295 0.99825
0.996584 0.0825884
0.859967 0.51035
0.510362 0.859959
0.966449 0.256857
0.0825683 0.996585
0.444506 0.895776
0.998238 0.0593395
0.748181 0.663495
0.962453 0.271449
0.58333 0.812235
0.809779 0.586786
0.669512 0.74284
0.242516 0.970147
0.460907 0.887448
0.286233 0.95816
0.648477 0.761234
0.271426 0.962459
0.541047 0.840992
0.94875 0.316026
0.614649 0.788801
0.331532 0.943444
0.501163 0.865354
0.865856 0.500293
0.99429 0.106716
0.54897 0.835848
0.756066 0.654495
0.706995 0.707219
0.316092 0.948729
0.734782 0.678304
0.887451 0.460903
0.698718 0.715397
0.106732 0.994436
0.211621 0.977352
0.42805 0.903755
0.131768 0.991281
0.97357 0.228388
0.379423 0.925223
0.630289 0.77636
0.487112 0.87334
0.520047 0.854215
0.976741 0.214422
0.678192 0.734885
0.568197 0.822893
0.84405 0.536328
0.768833 0.639449
0.943471 0.331471
0.363427 0.931623
0.170965 0.985277
0.30114 0.95358
0.822444 0.568849
0.256907 0.966436
0.93202 0.362451
0.903774 0.428009
0.346699 0.937977
0.776489 0.630169
0.595468 0.803379
0.184473 0.982838
0.953607 0.301054
0.144661 0.989481
9.38606e-05 1
0.987482 0.15773
0.692824 0.721107
0.763828 0.645432
0.6238 0.781584
0.937989 0.346665
0.854493 0.519463
0.788825 0.614618
0.723481 0.690344
0.925277 0.379292
0.958183 0.286158
0.225615 0.974217
0.911302 0.411739
0.395539 0.918449
