0.937671 0.347523
0.379402 0.925232
0.886022 0.463647
0.812167 0.583425
0.749818 0.661742
0.256865 0.966447
0.840467 0.541863
0.387748 0.921765
0.953677 0.300832
0.271516 0.962434
1 9.98617e-05
0.242017 0.970272
0.556914 0.830595
0.958182 0.286161
0.805958 0.591972
0.734691 0.678402
0.828763 0.559599
0.669359 0.742939
0.996584 0.0825802
0.873466 0.487008
0.568157 0.8233
0.603111 0.797657
0.623809 0.781577
0.499774 0.866173
0.66332 0.748336
0.966455 0.256837
0.892039 0.451958
0.222697 0.974888
0.77653 0.630109
0.286217 0.958165
0.962451 0.271456
0.699855 0.714285
0.786864 0.617127
0.943462 0.331481
0.911771 0.410699
0.654926 0.755693
0.707121 0.707093
0.346827 0.937929
0.684228 0.729268
0.728413 0.685138
0.998844 0.0480653
0.510329 0.859979
0.948688 0.316215
0.878687 0.477398
0.63019 0.776441
0.639476 0.768811
0.532284 0.846566
0.976219 0.216832
0.980117 0.198421
0.970151 0.242519
0.692905 0.721029
0.428672 0.90346
0.973658 0.228012
0.0611509 0.998129
0.6465 0.762914
0.846607 0.53223
0.575832 0.817568
0.823385 0.568292
0.903748 0.428064
0.490283 0.871563
0.10671 0.99429
0.994288 0.10673
0.859954 0.510372
0.898045 0.439967
0.596173 0.802856
0.199882 0.97982
0.416832 0.908984
0.761198 0.648519
0.793969 0.607958
0.518947 0.854806
0.331482 0.943461
0.157757 0.987478
0.477398 0.878687
9.88016e-05 1
0.58364 0.812028
0.85436 0.519939
0.925912 0.377738
0.678175 0.7349
0.982806 0.184641
0.743797 0.668442
0.919196 0.3938
0.987478 0.157757
0.716455 0.697633
0.3634 0.931633
0.543245 0.839574
0.460901 0.887451
0.316219 0.948686
0.931782 0.363018
0.800469 0.599374
0.0825698 0.996585
0.301102 0.953592
0.184579 0.982818
0.614806 0.788678
0.864823 0.502076
0.834005 0.551759
0.13176 0.991282
0.768818 0.639468
0.44445 0.895804
0.404837 0.914389
0.991279 0.131782
