0.0533468 3.92095
0.0336286 3.95589
0.857974 2.30709
0.0101496 3.98888
0.140155 3.72405
0.105866 3.80518
0.0661649 3.8952
0.0402534 3.94484
0.707711 3.02532
0.0269716 3.96632
0.0909512 3.8403
0.770133 2.59244
0.647464 3.46908
0.767087 2.61055
0.0467997 3.93322
0.840677 2.32066
0.0787036 3.86813
0.808143 2.40638
0.18435 3.63385
0.0202685 3.97588
0.818151 2.37207
0.800986 2.43497
0.81126 2.39498
0.117494 3.7774
0.0724602 3.88181
0.649896 3.45241
0.69258 3.13996
0.0597851 3.90828
0.758163 2.66612
0.734705 2.82582
0.745603 2.74948
0.786249 2.50366
0.238144 3.57574
0.774819 2.56527
0.123224 3.76374
0.145704 3.71143
0.750723 2.71483
0.748184 2.7319
0.781817 2.52673
0.703759 3.05614
0.720355 2.93051
0.737372 2.80683
0.803947 2.42275
0.83545 2.32928
0.760439 2.65166
0.178825 3.64352
0.796047 2.45656
0.667757 3.32539
0.755627 2.6825
0.201239 3.60811
0.762998 2.63559
0.726274 2.88687
0.151253 3.69909
0.637726 3.53408
0.700175 3.08243
0.831089 2.33802
0.663941 3.35312
0.684515 3.20088
0.0969756 3.82623
0.688689 3.16941
0.68023 3.23306
0.791237 2.479
0.111693 3.79127
0.77715 2.55214
0.696348 3.11141
0.848007 2.31208
0.251411 3.57319
0.82729 2.34677
0.189955 3.62466
0.195682 3.61591
0.731924 2.84576
0.156767 3.68715
0.71106 3.00004
0.723325 2.90853
0.753189 2.69846
0.167771 3.66447
0.207001 3.60077
0.729121 2.86606
0.672534 3.2903
0.641534 3.50904
0.742743 2.7698
0.162259 3.67562
0.74003 2.78814
0.213026 3.59396
0.714199 2.97648
0.128912 3.75025
0.779481 2.5393
0.000160182 3.99984
0.134554 3.73703
0.644051 3.49258
0.222014 3.5855
0.173267 3.6538
0.814734 2.38302
0.653288 3.42887
0.0848588 3.85429
0.675762 3.2664
0.66075 3.37608
0.71714 2.95451
0.823752 2.35586
0.657577 3.39869
