0.791812 0.339613 0.507638
0.724223 0.149934 0.673068
0.570663 0.684738 0.453296
0.70708 0.469794 0.528518
0.794473 7.80564e-05 0.607299
0.304389 0.918654 0.251837
0.343108 0.692867 0.634202
2.62762e-05 0.606433 0.795134
0.520848 0.40204 0.753047
0.682053 0.6752 0.280907
0.374382 0.848508 0.373995
0.625698 0.342546 0.700831
0.9257 0.289861 0.243023
0.795017 0.606588 1.20249e-06
0.330701 0.943736 1.20249e-06
0.383721 3.77003e-05 0.923449
0.862737 0.505653 6.25283e-05
0.446621 4.38802e-05 0.894723
3.04831e-05 0.703526 0.71067
0.48894 0.80985 0.324161
0.704015 0.341643 0.622609
0.970126 0.242604 1.20249e-06
9.43337e-05 9.62173e-05 1
0.148753 0.988874 6.25283e-05
0.246128 0.969237 6.25283e-05
0.256723 0.874272 0.411997
0.655001 6.43533e-05 0.755628
0.913134 0.0395659 0.405735
0.796586 0.454087 0.399068
0.680308 0.0219486 0.732597
1.85527e-05 0.428183 0.903692
0.485244 4.76749e-05 0.874379
0.943243 0.332104 1.20249e-06
0.74429 0.572307 0.344235
0.531463 0.847081 1.20249e-06
0.913389 0.407087 1.20249e-06
0.485845 0.874045 6.25283e-05
0.57173 0.745229 0.343158
0.472886 0.595041 0.64985
0.332962 0.794632 0.507638
0.385226 0.44127 0.810483
0.867567 8.52378e-05 0.49732
0.988568 0.150775 6.25283e-05
0.576144 0.816864 0.0281104
0.832657 0.553788 6.25283e-05
0.644671 0.645332 0.409811
2.82499e-05 0.651986 0.758231
0.573184 0.206923 0.79287
0.339065 0.568046 0.749906
0.235707 0.235219 0.942928
0.398882 0.715119 0.574504
3.86755e-05 0.8926 0.45085
0.384922 0.922949 1.20249e-06
0.43676 0.325916 0.838463
0.141918 0.671551 0.72724
2.36105e-05 0.544913 0.838492
0.388835 0.629065 0.673115
2.03828e-05 0.470421 0.882442
0.942961 9.26452e-05 0.332902
0.0451076 0.860251 0.507872
4.02945e-05 0.929967 0.367643
0.351271 0.24233 0.90437
0.446536 0.894766 1.20249e-06
0.713062 7.00578e-05 0.701101
0.600087 5.89581e-05 0.799935
6.49729e-06 0.743433 0.668811
0.883879 0.465929 0.0408308
0.654821 0.755784 1.20249e-06
0.465674 0.752575 0.465594
0.835402 0.440375 0.328897
0.83177 6.43503e-05 0.55512
4.1575e-05 0.959519 0.281645
0.894272 8.78615e-05 0.447524
0.558379 5.48603e-05 0.829586
0.241366 9.6453e-05 0.970434
0.61676 0.787151 1.20249e-06
4.24856e-05 0.980535 0.196343
0.733941 0.506322 0.452736
0.961294 9.44464e-05 0.275525
1.04177e-05 0.240432 0.970666
0.86858 0.32511 0.373995
0.449473 0.513719 0.730799
0.534837 0.653606 0.535489
0.597375 0.472163 0.648232
3.61008e-05 0.833178 0.553005
0.707431 0.706783 1.20249e-06
0.312007 0.3648 0.877253
3.40477e-05 0.785794 0.618488
3.02913e-06 0.346599 0.938013
0.264248 0.476606 0.838463
0.594103 0.542381 0.594024
4.3329e-05 1 1.20249e-06
0.733959 0.386299 0.558639
0.755385 0.655281 1.20249e-06
0.650627 0.591931 0.475712
0.33206 3.26247e-05 0.943258
1 9.82492e-05 6.25283e-05
0.163296 0.0787515 0.983429
0.757961 7.44691e-05 0.6523
0.980549 9.63382e-05 0.196275
