0.742907 0.669394
8.09186e-05 1
0.943463 0.331479
0.567513 0.823365
0.92719 0.374592
0.91639 0.400287
0.763765 0.645494
0.633265 0.773935
0.394017 0.919103
0.684212 0.729283
0.948692 0.316203
0.555304 0.831647
0.872287 0.488994
0.860255 0.509864
0.28618 0.958176
0.729268 0.684228
0.533928 0.84553
0.734778 0.678307
0.781437 0.623984
0.865581 0.500768
0.81799 0.575233
0.776273 0.630397
0.750677 0.660669
0.593128 0.805108
0.898869 0.438217
0.966447 0.256866
0.0478649 0.998854
0.50564 0.862745
0.998846 0.0480244
0.271509 0.962436
0.301152 0.953576
0.648743 0.761008
0.714374 0.699764
0.756079 0.654481
0.672792 0.739832
0.973605 0.22824
0.693051 0.720888
0.980801 0.195012
0.707142 0.707072
0.996586 0.0825565
0.51937 0.854549
0.460884 0.88746
0.962463 0.271412
0.830806 0.556563
0.582652 0.812722
0.845974 0.533224
0.937926 0.346836
0.931651 0.363354
0.958189 0.286137
0.823148 0.567827
0.614709 0.788754
0.410922 0.91167
0.991509 0.130038
0.242518 0.970147
0.892245 0.451551
0.976771 0.214288
0.985256 0.171088
0.444023 0.896015
0.721165 0.692763
0.95361 0.301045
0.989482 0.144655
0.605215 0.796062
0.347453 0.937697
0.492703 0.870198
0.228383 0.973571
0.768934 0.639328
0.331499 0.943455
0.921881 0.387472
0.906161 0.422932
0.793952 0.60798
0.788504 0.61503
0.663468 0.748205
0.839234 0.543771
0.106709 0.99429
0.853344 0.521349
0.21441 0.976744
0.197048 0.980394
0.802729 0.596344
0.174716 0.984619
0.810972 0.585084
1 3.63017e-05
0.654895 0.75572
0.911989 0.410215
0.256831 0.966456
0.131775 0.99128
0.0825776 0.996585
0.884702 0.466157
0.546909 0.837192
0.878744 0.477294
0.994164 0.107876
0.316189 0.948696
0.47713 0.878833
0.378357 0.92566
0.623822 0.781566
0.639446 0.768836
0.699851 0.714289
0.970161 0.242464
0.157707 0.987486
0.428066 0.903747
0.363298 0.931673
