0.933189 0.359386
0.921846 0.387556
0.535471 0.844553
0.242474 0.970159
0.645519 0.763744
0.781568 0.623821
0.678478 0.734622
9.76482e-05 1
0.301127 0.953584
0.966479 0.256746
0.774087 0.63308
0.742842 0.669468
0.893974 0.44812
0.460908 0.887448
0.575845 0.817559
0.79396 0.60797
1 9.99486e-05
0.669608 0.742714
0.419271 0.908199
0.525722 0.850656
0.869529 0.493881
0.406978 0.913438
0.435654 0.900114
0.970505 0.241081
0.397002 0.917818
0.477396 0.878688
0.812302 0.583236
0.839576 0.543242
0.0593448 0.998238
0.487278 0.873247
0.748181 0.663495
0.633254 0.773944
0.943457 0.331494
0.973978 0.226644
0.84476 0.535381
0.937903 0.346897
0.734912 0.678162
0.614648 0.788801
0.976823 0.21405
0.823581 0.5672
0.849974 0.526825
0.907719 0.419578
0.948683 0.316228
0.707156 0.707058
0.98024 0.197813
0.788651 0.614841
0.859953 0.510373
0.286189 0.958173
0.998237 0.0593488
0.583732 0.811946
0.755984 0.654644
0.829975 0.557801
0.316224 0.948684
0.082585 0.996584
0.962465 0.271405
0.554417 0.832243
0.989482 0.144656
0.663433 0.748236
0.51037 0.859955
0.567446 0.823731
0.210521 0.977589
0.878693 0.477388
0.256919 0.966433
0.685155 0.728397
0.992877 0.119144
0.887448 0.460907
0.953579 0.301143
0.131779 0.991279
0.898797 0.438365
0.387555 0.921846
0.800602 0.599197
0.106725 0.994289
0.761449 0.648224
0.985258 0.171076
0.601723 0.798705
0.347524 0.937671
0.543246 0.839573
0.274105 0.961704
0.693086 0.720855
0.59199 0.805945
0.228154 0.973625
0.49992 0.866072
0.929516 0.368784
0.915058 0.403322
0.699389 0.714742
0.903257 0.429194
0.374952 0.927044
0.623807 0.781578
0.721535 0.692378
0.451542 0.892464
0.76881 0.639477
0.995521 0.0945445
0.714285 0.699855
0.728419 0.685132
0.958168 0.286206
0.15776 0.987477
0.331447 0.943474
0.363397 0.931634
0.654445 0.756113
0.184632 0.982808
