0.366508 0.366508 0.855189
0.506974 0.506974 0.697104
0.337776 0.337776 0.878531
0.4642 0.4642 0.754346
0.150323 0.150323 0.977142
0.707107 0.707107 0.00013367
0.650961 0.650961 0.39051
0.162177 0.162177 0.973343
0.702248 0.702248 0.117031
0.666669 0.666669 0.333326
0.678291 0.678291 0.282564
0.131025 0.131025 0.982683
0.0663571 0.0663571 0.995587
0.514514 0.514514 0.685967
0.408253 0.408253 0.816492
0.181209 0.181209 0.966606
0.382361 0.382361 0.84119
0.535009 0.535009 0.653858
0.171213 0.171213 0.970243
0.0493096 0.0493096 0.997566
0.633726 0.63373 0.443605
0.449959 0.449959 0.77141
0.658172 0.658165 0.365572
0.457513 0.457513 0.762472
0.192423 0.192423 0.962261
0.0827592 0.0827592 0.993127
0.219374 0.219374 0.950658
0.646762 0.646762 0.404224
0.331246 0.331246 0.883489
0.436886 0.436885 0.786319
0.688248 0.688248 0.229413
0.529816 0.529816 0.662261
0.53918 0.53918 0.646969
0.693113 0.693113 0.197958
0.49745 0.497459 0.710706
0.596549 0.596549 0.536897
0.549973 0.549973 0.628537
0.609207 0.609207 0.507675
0.639601 0.639601 0.426405
8.18813e-05 8.18813e-05 1
0.655623 0.655623 0.374589
0.428384 0.428384 0.795597
0.706208 0.706208 0.0504159
0.0356392 0.0356392 0.998729
0.0901533 0.0901533 0.991839
0.601324 0.601324 0.526136
0.698537 0.698537 0.155218
0.683492 0.683495 0.256281
0.615462 0.615462 0.492355
0.545449 0.545449 0.636373
0.123038 0.123038 0.984745
0.704935 0.704935 0.0783077
0.631166 0.631166 0.450844
0.140008 0.140008 0.980202
0.624709 0.624697 0.468525
0.348148 0.348148 0.870394
0.598681 0.598681 0.53213
0.282137 0.282137 0.91695
0.703527 0.703527 0.100496
0.577358 0.577358 0.577336
0.201763 0.201763 0.958427
0.553371 0.553371 0.622543
0.619597 0.619597 0.48187
0.68044 0.68044 0.272033
0.676733 0.676733 0.289939
0.376283 0.376284 0.846656
0.211969 0.211969 0.954012
0.0764648 0.0764648 0.994136
0.502512 0.502512 0.703536
0.3865 0.3865 0.837398
0.358978 0.358978 0.861551
0.109754 0.109754 0.987881
0.644834 0.644834 0.410338
0.46829 0.46829 0.749273
0.473033 0.473033 0.74329
0.60472 0.604712 0.518318
0.301505 0.301505 0.904538
0.389477 0.389477 0.834635
0.246607 0.246607 0.937214
0.659735 0.659735 0.359861
0.235703 0.235703 0.942809
0.176012 0.176012 0.968524
0.315776 0.315776 0.894746
0.694315 0.694315 0.189352
0.4319 0.4319 0.791786
0.264879 0.26488 0.927193
0.254458 0.254458 0.933007
0.67458 0.67458 0.299805
0.444424 0.444427 0.777806
0.691722 0.691722 0.207461
0.276139 0.276139 0.920595
0.0990039 0.0990039 0.99015
0.271558 0.271558 0.923316
0.696313 0.696313 0.174059
0.485072 0.485072 0.727606
0.556022 0.556022 0.617801
0.700142 0.700142 0.140008
0.323366 0.323366 0.889308
0.523193 0.523193 0.67271
0.684838 0.684838 0.248983
