0.331537 0.943442
0.809994 0.586438
0.966442 0.256884
0.654929 0.75569
0.748183 0.663492
0.54325 0.839571
5.45467e-05 1
0.20047 0.9797
0.9736 0.228259
0.834322 0.551977
0.761244 0.648465
0.828375 0.560173
0.998846 0.0480376
0.648445 0.761264
0.937918 0.346857
0.86409 0.503337
0.899992 0.435905
0.274054 0.961714
0.788755 0.614708
0.849967 0.526835
0.893563 0.448939
0.953578 0.301146
0.805949 0.591985
0.106716 0.994353
0.75605 0.654538
0.698811 0.715306
0.742219 0.670158
0.994292 0.106692
0.773974 0.633217
0.451385 0.89233
0.982393 0.186828
0.958166 0.286212
0.617777 0.786364
0.466707 0.884412
0.157646 0.987496
0.71648 0.697608
0.985257 0.171079
0.228319 0.973586
0.839569 0.543253
0.948687 0.316216
0.582771 0.812637
0.532196 0.846621
0.0593522 0.998237
0.607972 0.793958
0.487347 0.873208
0.818395 0.574656
0.885423 0.464786
0.977345 0.211652
0.725006 0.688743
0.673128 0.739528
0.316222 0.948685
0.97017 0.242426
0.0825841 0.996584
0.911295 0.411755
0.256742 0.96648
0.477395 0.878689
0.878707 0.477362
0.872822 0.488038
0.798578 0.601891
0.781539 0.623857
0.857791 0.513998
0.996584 0.0825824
0.91847 0.39549
0.571846 0.820361
0.598843 0.800867
0.630179 0.77645
0.707127 0.707086
0.444461 0.895798
0.989489 0.144608
0.639327 0.768935
0.768891 0.63938
0.131773 0.991308
1 9.40015e-05
0.214412 0.976786
0.428093 0.903735
0.591987 0.805947
0.503433 0.864034
0.347513 0.937675
0.378715 0.925513
0.692845 0.721086
0.92524 0.379383
0.395505 0.918464
0.68514 0.728411
0.73483 0.678251
0.905213 0.425097
0.844549 0.535478
0.943475 0.331444
0.184625 0.982809
0.363399 0.931634
0.99129 0.131695
0.242456 0.970162
0.962453 0.271449
0.519305 0.854598
0.301103 0.953594
0.411765 0.91129
0.493872 0.869535
0.931647 0.363364
0.663513 0.748165
0.557464 0.830201
0.285502 0.958378
