0.639483 0.768805
0.992877 0.119145
0.817641 0.575728
0.623817 0.781571
0.917996 0.39659
1 9.94188e-05
0.214352 0.976757
0.362889 0.931832
0.750968 0.660339
0.856594 0.515991
0.673458 0.739225
0.564012 0.825767
0.953603 0.301068
0.346859 0.937917
0.937671 0.347524
0.973978 0.226645
0.96644 0.256891
0.583696 0.811972
0.850734 0.525597
0.548728 0.836001
0.715478 0.698635
0.768864 0.639413
0.788757 0.614705
0.692785 0.721144
0.082587 0.996584
0.927005 0.375048
0.837172 0.54694
0.0480717 0.998844
0.923009 0.384779
0.484005 0.875065
0.995521 0.0945397
0.803016 0.595957
0.809934 0.586521
0.831839 0.555017
0.997486 0.0708589
0.59197 0.80596
0.985255 0.171091
0.615229 0.788348
0.607978 0.793954
0.699578 0.714557
0.943476 0.331441
0.331537 0.943442
0.93198 0.362511
0.797303 0.603579
0.228347 0.97358
0.425586 0.904918
0.534743 0.845015
0.743375 0.668875
0.912401 0.409298
0.666488 0.745515
0.887366 0.461065
0.599105 0.80067
0.900124 0.435633
0.301145 0.953578
0.242094 0.970253
0.864464 0.502695
0.198991 0.980001
0.958182 0.286159
0.878688 0.477396
0.734844 0.678236
0.707143 0.70707
0.980231 0.197857
0.271433 0.962457
0.989482 0.144656
0.409624 0.912254
0.761217 0.648498
0.722423 0.691451
0.106731 0.994288
0.976876 0.213805
0.460919 0.887442
0.962528 0.271183
0.394556 0.918872
0.510325 0.859982
0.970217 0.242236
0.948685 0.316224
0.436032 0.899931
0.131775 0.99128
0.869524 0.493891
0.157762 0.987477
0.473611 0.880734
0.18463 0.982808
9.84077e-05 1
0.907756 0.419498
0.44798 0.894044
0.685143 0.728408
0.648413 0.761288
0.378289 0.925688
0.844481 0.535586
0.316223 0.948685
0.781566 0.623822
0.256877 0.966444
0.893483 0.449097
0.824787 0.565444
0.633067 0.774097
0.575845 0.817559
0.520557 0.853827
0.774002 0.633184
0.499214 0.866479
0.654932 0.755688
0.2856 0.958349
