0.937917 0.346861
0.906312 0.422608
0.598968 0.800773
0.943358 0.331775
0.920307 0.391196
0.63317 0.774013
0.884373 0.466782
0.660633 0.750709
0.623826 0.781563
0.803026 0.595944
0.748146 0.663534
0.869528 0.493883
0.864019 0.50346
0.654681 0.755905
0.89103 0.453945
0.734918 0.678156
0.911286 0.411773
0.998244 0.0592335
0.834328 0.551268
0.0592708 0.998242
0.982845 0.184435
0.331477 0.943463
0.447128 0.89447
0.256893 0.96644
0.966435 0.256911
0.543256 0.839567
0.987486 0.157709
0.931837 0.362878
0.607984 0.793949
0.9487 0.316177
0.426133 0.904661
0.781598 0.623782
0.818849 0.574009
0.876144 0.482049
0.99128 0.131772
0.231208 0.972904
0.708423 0.705788
0.525687 0.850678
0.970129 0.242591
0.742884 0.66942
0.996587 0.0825476
0.301143 0.953579
0.215797 0.976438
0.976771 0.214286
0.586849 0.809696
0.142442 0.989803
0.436057 0.899919
0.798198 0.602396
0.684258 0.72924
0.826747 0.562574
0.810325 0.585981
0.579122 0.815241
0.669388 0.742913
0.242444 0.970165
7.48267e-05 1
0.979732 0.200311
0.69272 0.721207
0.728416 0.685135
0.855068 0.518516
0.378231 0.925711
0.84381 0.536642
0.994291 0.106702
0.271448 0.962453
0.962451 0.271454
0.678206 0.734872
0.953582 0.301133
0.499832 0.866122
0.773977 0.633214
0.69986 0.71428
0.718455 0.695573
0.535593 0.844476
0.484566 0.874755
0.763739 0.645525
0.915008 0.403436
0.567539 0.823347
0.925848 0.377897
0.849998 0.526787
0.645011 0.764173
0.95816 0.286233
0.614751 0.788721
0.973979 0.226639
1 6.15334e-05
0.898068 0.439856
0.411728 0.911307
0.0956555 0.995414
0.551996 0.833847
0.473174 0.880969
0.756063 0.654499
0.363401 0.931633
0.510373 0.859953
0.198357 0.98013
0.119097 0.992883
0.460789 0.88751
0.788674 0.614811
0.316189 0.948696
0.184648 0.982805
0.286207 0.958168
0.347536 0.937666
0.157668 0.987492
0.395521 0.918457
