0.699122 0.715002
0.720925 0.693013
0.535846 0.844315
0.50417 0.863604
0.750419 0.660963
0.910832 0.412776
0.2425 0.970151
0.859946 0.510386
0.685136 0.728415
0.567387 0.823451
0.827759 0.561084
0.82039 0.571805
0.895798 0.444461
0.379405 0.925231
0.812363 0.583152
0.422166 0.906518
1 9.70579e-05
0.759204 0.650852
0.493878 0.869531
0.962459 0.271427
0.883826 0.467816
0.728407 0.685145
0.0708498 0.997487
0.660588 0.750749
0.781567 0.623821
0.678284 0.7348
0.998238 0.0593428
0.973569 0.228392
0.639336 0.768927
0.286207 0.958168
0.0945444 0.995521
0.966447 0.256867
0.80595 0.591984
0.875461 0.483289
0.906324 0.422583
0.54612 0.837707
0.614908 0.788599
0.11914 0.992877
0.994288 0.106727
9.89508e-05 1
0.43221 0.901773
0.932836 0.360302
0.958169 0.286202
0.669497 0.742815
0.301159 0.953574
0.144651 0.989483
0.840433 0.541916
0.603116 0.797654
0.921755 0.387774
0.632876 0.774253
0.846088 0.533044
0.937919 0.346856
0.519699 0.854349
0.852995 0.521919
0.927303 0.374311
0.22837 0.973574
0.742545 0.669796
0.575834 0.817567
0.648553 0.76117
0.987477 0.157761
0.459128 0.88837
0.996585 0.0825677
0.766403 0.64236
0.271456 0.962451
0.953577 0.301151
0.774294 0.632826
0.889053 0.457805
0.69213 0.721773
0.980766 0.195185
0.470896 0.882189
0.623811 0.781575
0.943353 0.331792
0.900161 0.435557
0.735107 0.677952
0.977093 0.212815
0.948683 0.316228
0.189396 0.981901
0.331459 0.94347
0.58462 0.811307
0.203389 0.979098
0.591964 0.805964
0.798586 0.60188
0.483959 0.875091
0.363401 0.931633
0.44447 0.895794
0.17109 0.985255
0.7921 0.610392
0.2569 0.966438
0.915043 0.403356
0.866026 0.499999
0.556353 0.830946
0.991278 0.131788
0.985257 0.171082
0.970141 0.24254
0.316217 0.948687
0.707329 0.706885
0.410371 0.911919
0.834046 0.551695
0.395537 0.91845
0.347521 0.937672
