0.0848674 3.85426
0.714201 2.97644
0.814612 2.38342
0.746236 2.74514
0.0202583 3.9759
0.156756 3.68717
0.717131 2.95451
0.0402655 3.94482
0.06617 3.89519
0.696343 3.11142
0.700003 3.08366
0.684515 3.20089
0.0468419 3.93314
0.0336505 3.95586
0.078711 3.86811
0.737425 2.80645
0.0533448 3.92095
0.026962 3.96626
0.774812 2.56527
0.835465 2.32924
0.640297 3.5172
0.731918 2.84581
0.0597804 3.90829
0.102914 3.8122
0.0909441 3.84031
0.791233 2.47901
0.189956 3.62465
0.788204 2.49382
0.677922 3.2503
0.765389 2.62086
0.167775 3.66446
0.162271 3.6756
0.184366 3.63383
0.072476 3.88178
0.796045 2.45656
0.800984 2.43497
0.117503 3.77738
0.123233 3.76372
0.655485 3.41347
0.808767 2.40405
0.151246 3.6991
0.783966 2.5154
0.760593 2.65066
0.22742 3.58143
0.723338 2.90842
0.758162 2.66615
0.666218 3.3366
0.140145 3.72407
0.636738 3.5405
0.688655 3.16965
0.841086 2.32007
0.195592 3.61604
0.827247 2.34687
0.0101299 3.9889
0.703506 3.05712
0.734686 2.82594
0.811502 2.39411
0.0969696 3.82624
0.805926 2.41488
0.134549 3.73702
0.201324 3.608
0.173284 3.65377
0.145711 3.71141
0.215927 3.591
0.178814 3.64354
0.128915 3.75025
0.729128 2.86601
0.755707 2.68198
0.768335 2.60305
0.798498 2.44566
0.662461 3.36379
0.652152 3.43679
0.848012 2.31208
0.823708 2.35597
0.206878 3.60092
0.742982 2.76752
0.831076 2.33804
0.674335 3.27697
0.74004 2.78803
0.681293 3.22509
0.819291 2.36858
0.720348 2.93055
0.726295 2.88669
0.857933 2.30709
0.000167229 3.99983
0.108799 3.79819
0.238352 3.57566
0.647572 3.46834
0.71104 3.00019
0.779379 2.53986
0.762999 2.63559
0.772541 2.57829
0.75072 2.71485
0.658692 3.39077
0.707243 3.02883
0.669684 3.31128
0.644024 3.49237
0.692616 3.13969
0.251411 3.57319
0.753228 2.69821
