0.679418 0.733751
0.672361 0.740223
0.742217 0.67016
0.891624 0.452776
0.884247 0.46702
0.707209 0.707005
0.989482 0.144656
0.998237 0.0593475
0.926056 0.377386
0.715553 0.698559
0.645386 0.763856
0.985255 0.171094
0.970127 0.242597
0.541893 0.840447
0.559606 0.828759
0.943459 0.331489
0.828753 0.559615
0.812241 0.583321
0.755996 0.654576
0.869536 0.49387
0.962449 0.271462
0.996598 0.0824161
0.623775 0.781604
0.698576 0.715535
0.271423 0.96246
0.394142 0.919049
0.467751 0.883861
0.73508 0.677981
0.2425 0.970151
0.836666 0.547714
0.899265 0.437404
1 8.9852e-05
0.663427 0.748241
0.499958 0.86605
0.725714 0.687996
0.788761 0.6147
0.932097 0.362208
0.976727 0.214487
0.864175 0.503192
0.50963 0.860394
0.286168 0.958179
0.973568 0.228396
0.362311 0.932057
0.820941 0.571013
0.487639 0.873045
0.903353 0.428897
0.773968 0.633225
0.0955458 0.995425
0.212395 0.977184
0.873354 0.487086
0.331627 0.943411
0.914726 0.404075
0.99288 0.119121
0.454736 0.890626
8.88037e-05 1
0.582633 0.812736
0.878729 0.477322
0.653808 0.756661
0.424952 0.905216
0.377961 0.925822
0.54889 0.835895
0.301103 0.953591
0.781569 0.623819
0.632994 0.774156
0.844878 0.534959
0.979667 0.200631
0.966421 0.256963
0.171075 0.985258
0.518459 0.855102
0.763854 0.64539
0.982825 0.184542
0.591972 0.805959
0.439258 0.898361
0.570717 0.821147
0.798352 0.602191
0.690651 0.723188
0.748265 0.6634
0.601961 0.798526
0.953584 0.301128
0.908873 0.417073
0.184577 0.982818
0.854061 0.520174
0.256913 0.966434
0.858514 0.51279
0.228349 0.973579
0.805966 0.591961
0.611683 0.791103
0.958182 0.286159
0.526792 0.849994
0.0708447 0.997487
0.347513 0.937675
0.144615 0.989488
0.477355 0.878711
0.197764 0.98025
0.410037 0.912069
0.316228 0.948683
0.948705 0.316164
0.937918 0.346858
0.920539 0.39065
0.119141 0.992877
