0.337845 0.337845 0.878477
2.63641e-05 2.63641e-05 1
0.109655 0.109655 0.987903
0.604716 0.604716 0.518302
0.65095 0.65095 0.39055
0.468325 0.468325 0.749229
0.609208 0.609208 0.507672
0.539199 0.539199 0.646938
0.276103 0.276103 0.920616
0.171209 0.171209 0.970245
0.696312 0.696312 0.174063
0.472993 0.472997 0.743375
0.485133 0.485133 0.727525
0.619618 0.619618 0.481817
0.176084 0.176086 0.968507
0.596578 0.596578 0.536834
0.0763682 0.0763682 0.994151
0.639617 0.639617 0.426356
0.666716 0.666716 0.333137
0.24651 0.24651 0.937266
0.70226 0.70226 0.116879
0.553354 0.553354 0.622575
0.090166 0.090166 0.991837
0.331306 0.331306 0.883444
0.646797 0.646797 0.404114
0.655609 0.655609 0.374637
0.704935 0.704935 0.0783179
0.428404 0.428404 0.795576
0.271513 0.271515 0.92335
0.631221 0.631237 0.450788
0.323361 0.32337 0.889329
0.436847 0.436857 0.786388
0.36643 0.36643 0.855279
0.38634 0.38634 0.837546
0.545453 0.545453 0.636366
0.52321 0.52321 0.672682
0.181222 0.181222 0.966601
0.633727 0.633727 0.443598
0.389447 0.389447 0.834663
0.0990015 0.0990015 0.99015
0.0827111 0.0827111 0.993135
0.556004 0.556004 0.617835
0.534993 0.534993 0.653885
0.684834 0.684834 0.249009
0.694329 0.694331 0.189247
0.676719 0.676719 0.290006
0.264885 0.264885 0.927185
0.457465 0.457465 0.762529
0.122997 0.122997 0.984756
0.254439 0.254439 0.933017
0.130957 0.130957 0.982701
0.5298 0.5298 0.662287
0.678291 0.678311 0.282617
0.219382 0.219382 0.950654
0.139958 0.139958 0.980216
0.192368 0.192368 0.962283
0.707107 0.707107 0.000111836
0.348136 0.348135 0.870417
0.376277 0.376277 0.846659
0.506997 0.506997 0.697071
0.514496 0.514496 0.685994
0.235699 0.235699 0.942811
0.0497843 0.0497843 0.997518
0.658155 0.658155 0.365601
0.431848 0.431847 0.791847
0.0663111 0.0663111 0.995593
0.615544 0.615451 0.492462
0.408246 0.408246 0.816499
0.150303 0.150303 0.977148
0.282139 0.282138 0.916971
0.598734 0.598734 0.532011
0.703545 0.703545 0.100244
0.0354969 0.0354969 0.998739
0.464319 0.464319 0.754199
0.301478 0.301478 0.904557
0.624729 0.624729 0.468431
0.382354 0.382354 0.841196
0.497565 0.497565 0.710534
0.680418 0.680418 0.272145
0.601379 0.601379 0.526009
0.683492 0.68349 0.256288
0.502501 0.502501 0.703552
0.69854 0.69854 0.155194
0.644834 0.644834 0.410339
0.449946 0.449946 0.771425
0.67458 0.67458 0.299807
0.700158 0.700158 0.139848
0.358972 0.358972 0.861556
0.444399 0.444399 0.777829
0.659762 0.659762 0.359761
0.201754 0.201754 0.958432
0.549964 0.549964 0.628553
0.211984 0.211984 0.954005
0.706209 0.706209 0.0503633
0.69173 0.69173 0.207412
0.162205 0.162205 0.973337
0.688247 0.688247 0.229416
0.315773 0.315773 0.894748
0.577375 0.577375 0.577301
0.693155 0.693165 0.197682
