0.895461 0.445139
0.925237 0.379389
1 9.93917e-05
0.805955 0.591976
0.953583 0.30113
0.331488 0.943459
0.812406 0.583092
0.800928 0.598761
0.599431 0.800427
0.614748 0.788724
9.72564e-05 1
0.573427 0.819257
0.20325 0.979127
0.776609 0.629983
0.756069 0.654492
0.721107 0.692824
0.791201 0.611557
0.9797 0.200468
0.550952 0.834537
0.503556 0.863963
0.607982 0.793951
0.0708557 0.997487
0.403931 0.914789
0.633237 0.773958
0.480795 0.876833
0.869524 0.493891
0.708125 0.706087
0.467878 0.883793
0.106729 0.994288
0.998845 0.048052
0.96245 0.271458
0.316227 0.948683
0.900235 0.435404
0.684223 0.729273
0.832614 0.553854
0.823337 0.567552
0.639478 0.76881
0.225451 0.974255
0.966439 0.256897
0.973045 0.230617
0.768917 0.639348
0.623821 0.781567
0.842451 0.538773
0.763742 0.645522
0.454811 0.890588
0.187117 0.982338
0.905897 0.423497
0.388051 0.921638
0.969502 0.245083
0.533207 0.845985
0.882013 0.471226
0.651319 0.758804
0.581798 0.813333
0.286231 0.958161
0.958186 0.286145
0.985258 0.171074
0.739311 0.673364
0.420807 0.90715
0.865799 0.500391
0.728498 0.685048
0.543252 0.83957
0.242425 0.97017
0.699853 0.714287
0.948685 0.316222
0.937673 0.34752
0.493886 0.869527
0.91895 0.394374
0.157758 0.987478
0.591982 0.805951
0.887451 0.460903
0.992878 0.119137
0.976931 0.213556
0.989483 0.144646
0.66046 0.750861
0.668671 0.743558
0.677126 0.735867
0.559598 0.828764
0.256899 0.966438
0.996014 0.0891979
0.378153 0.925743
0.850694 0.525661
0.428945 0.903331
0.131778 0.991279
0.931701 0.363226
0.513213 0.858262
0.346759 0.937954
0.876829 0.480802
0.94346 0.331487
0.17109 0.985255
0.692807 0.721123
0.523055 0.852299
0.858589 0.512665
0.748188 0.663487
0.784405 0.620249
0.363381 0.931641
0.301103 0.953592
0.982928 0.183989
0.444473 0.895792
0.271446 0.962454
0.912884 0.408218
