0.449079 1.51571e-05 0.0509055
0.379964 1.28243e-05 0.120023
0.322011 1.77208e-05 0.177971
0.0828517 0.151176 0.265973
1.53343e-05 0.199714 0.30027
0.382959 0.0498448 0.067196
2.70388e-05 0.352155 0.147818
0.268078 0.231915 6.1925e-06
0.06712 0.432847 3.31625e-05
0.276753 0.188978 0.0342694
0.0688666 0.344925 0.0862081
0.290065 0.0154222 0.194513
0.278906 0.118572 0.102522
0.0656872 0.0507323 0.383581
0.380056 0.119938 6.1925e-06
0.157508 0.220954 0.121538
0.0173195 0.12056 0.36212
4.38216e-05 2.64591e-05 0.49993
0.0456284 0.421433 0.0329385
0.294518 0.154358 0.0511238
0.0342059 0.311392 0.154402
0.0852408 0.252619 0.16214
0.227333 0.174902 0.0977654
0.326977 0.0514845 0.121538
0.0837853 0.365927 0.050288
0.0852148 0.30906 0.105725
0.03403 1.14856e-06 0.465969
0.0688249 0.189257 0.241918
0.143035 0.356959 6.1925e-06
0.100127 0.276923 0.12295
0.310085 0.103585 0.0863297
0.293661 0.0682146 0.138125
0.30994 0.19002 3.98539e-05
0.0331124 0.179606 0.287282
0.119727 0.328412 0.0518613
0.328112 0.137703 0.0341844
0.344614 0.155353 3.31625e-05
0.155216 0.0163124 0.328472
0.268635 1.47834e-05 0.23135
0.190385 1.04772e-05 0.309605
0.139724 0.254148 0.106128
0.103868 0.396126 6.1925e-06
0.0501614 0.234382 0.215457
1.84703e-05 0.240559 0.259423
0.173402 0.294309 0.0322889
0.34963 0.0671757 0.0831944
5.07431e-06 0.0660881 0.433907
0.206921 0.0688397 0.224239
0.0684493 0.293426 0.138125
0.257758 0.1562 0.0860423
0.22433 0.275664 6.1925e-06
0.13765 0.160528 0.201822
0.204484 0.100343 0.195173
0.0333917 0.273288 0.19332
0.351273 0.0150364 0.133691
0.033868 0.364427 0.101705
0.180452 0.138834 0.180715
0.133195 4.49552e-06 0.3668
3.8385e-05 0.499928 3.31625e-05
3.06257e-05 0.398871 0.101099
0.175025 0.0512512 0.273724
0.467367 0.0325999 3.31625e-05
3.32042e-05 0.432454 0.0675128
0.0828302 4.55829e-06 0.417165
0.215511 0.25133 0.0331596
0.400387 0.0832147 0.0163987
0.231297 1.27287e-05 0.26869
0.121047 0.120417 0.258536
2.24607e-05 0.292529 0.207448
0.0162907 0.0314391 0.45227
7.6834e-06 0.100069 0.399923
0.499966 2.7514e-05 6.1925e-06
3.59251e-05 0.467891 0.0320731
0.206853 0.206938 0.0862081
0.237662 0.211455 0.0508835
0.216529 0.141416 0.142054
0.259386 0.0506479 0.189966
0.224086 0.03397 0.241944
0.102762 0.171115 0.226123
0.134651 0.298153 0.067196
0.349362 0.101493 0.0491446
0.102608 0.206812 0.19058
0.188779 0.189683 0.121538
0.0317304 0.452292 0.0159774
0.138135 0.205205 0.15666
0.0518437 0.142562 0.305594
0.139698 0.0685512 0.291751
0.0336133 0.0842312 0.382155
1.18322e-05 0.154103 0.345885
0.399721 0.0164942 0.0837847
0.0860135 0.100309 0.313677
0.430259 0.0697076 3.31625e-05
0.10254 0.0342504 0.36321
0.12034 0.0511838 0.328476
0.0481784 0.0329505 0.418871
0.0679149 0.0855241 0.346561
0.19001 0.309984 6.1925e-06
0.173213 0.258792 0.0679953
0.248618 0.102114 0.149267
0.158055 0.103776 0.23817
