0.0280005 0.471999
0.405612 0.094388
0.340023 0.159977
0.267959 0.232041
0.461735 0.0382653
0.038056 0.461944
0.227041 0.272959
0.0942636 0.405736
0.0180009 0.481999
0.00769766 0.492302
0.00382279 0.496177
0.0690068 0.430993
0.455919 0.0440806
0.0229854 0.477015
0.0129959 0.487004
0.380102 0.119898
0.0640024 0.435998
0.482007 0.0179929
0.354592 0.145408
0.487112 0.0128883
0.334184 0.165816
0.104955 0.395045
0.0329999 0.467
0.369898 0.130102
0.318878 0.181122
0.385204 0.114796
0.477 0.0229997
0.329081 0.170919
0.472014 0.0279857
0.283164 0.216836
0.431007 0.0689932
0.415817 0.0841835
0.400614 0.099386
0.451018 0.0489823
0.360278 0.139722
0.375 0.125
0.39522 0.10478
0.446 0.0539996
0.499955 4.5082e-05
0.262755 0.237245
0.288266 0.211734
0.141084 0.358916
0.467067 0.0329333
0.32398 0.17602
0.364796 0.135204
0.29847 0.20153
0.136118 0.363882
0.436001 0.0639986
0.344388 0.155612
0.0994896 0.40051
0.390306 0.109694
0.160715 0.339285
0.308737 0.191263
0.441013 0.058987
0.278061 0.221939
0.0484694 0.451531
0.232143 0.267857
0.0589847 0.441015
0.293367 0.206633
0.491046 0.00895369
0.0535715 0.446428
0.0739798 0.42602
0.0841835 0.415817
0.410714 0.0892855
0.0433673 0.456633
0.313894 0.186106
0.495119 0.00488137
0.0789881 0.421012
0.221939 0.278061
0.27296 0.22704
0.421002 0.0789982
0.349071 0.150929
0.201531 0.298469
0.216837 0.283163
0.196404 0.303596
0.257653 0.242347
0.236724 0.263276
0.247449 0.252551
0.242347 0.257653
0.426002 0.0739976
0.119898 0.380102
0.186225 0.313775
0.17602 0.32398
0.206632 0.293368
0.252914 0.247086
0.0892855 0.410715
0.170919 0.329081
0.114796 0.385204
0.165816 0.334184
0.303572 0.196428
0.109694 0.390306
0.155612 0.344388
0.145408 0.354592
0.191327 0.308673
0.130102 0.369898
0.211735 0.288265
0.15051 0.34949
4.70409e-05 0.499953
0.125 0.375
0.181123 0.318877
