8.7587e-05 0.956616 0.291351
0.309337 0.879986 0.36075
2.63148e-05 0.287408 0.958007
0.395451 0.797907 0.454932
2.7385e-17 0.44723 0.894419
0.988558 8.81514e-05 0.150958
0.395709 0.679363 0.617965
9.95311e-05 1.33343e-05 1
0.474152 0.592629 0.651201
0.000130431 0.707064 0.70715
0.940073 0.340993 9.99804e-05
0.499305 0.775764 0.386041
0.832466 1.44802e-35 0.554089
0.865478 8.65166e-05 0.500951
0.755722 7.55451e-05 0.654892
3.10316e-17 0.506784 0.862073
0.490373 0.871513 9.91058e-05
0.468006 0.706666 0.530654
0.780297 0.443269 0.441661
4.86705e-17 0.794849 0.607105
0.657823 5.85582e-05 0.753173
0.0408816 0.680208 0.731878
8.42241e-05 0.919887 0.392184
1 9.99641e-05 9.99797e-05
0.812032 0.324073 0.485366
0.255123 0.412103 0.874709
0.874414 0.255797 0.412272
0.345881 3.45757e-05 0.938278
0.598623 5.98408e-05 0.801031
0.938681 0.000119769 0.344787
0.730676 0.0287255 0.68212
0.48669 0.32713 0.810032
0.447229 4.47068e-05 0.894447
0.571883 0.74615 0.340896
0.570996 0.683248 0.455121
0.65966 0.751703 9.99901e-05
0.961329 0.275402 9.99797e-05
0.598612 0.532737 0.59821
0.596967 0.802266 9.99797e-05
0.412518 0.257094 0.873917
0.629049 0.457262 0.628656
3.71954e-17 0.607447 0.79436
2.02117e-17 0.330083 0.943952
0.342601 0.939481 9.51475e-05
0.192115 0.981372 9.99797e-05
0.862609 0.505987 9.99856e-05
5.99448e-05 0.654711 0.755906
0.0426477 0.731802 0.680191
0.554874 0.831934 9.94385e-05
0.894698 0.446672 9.91058e-05
2.3786e-17 0.388455 0.921502
0.31446 0.315167 0.895424
0.894639 3.57269e-08 0.447449
0.24188 0.927439 0.285221
0.645155 0.644182 0.410923
0.288506 2.88403e-05 0.957478
0.707042 2.90662e-83 0.707334
0.46339 0.464432 0.754701
0.409172 0.911365 0.0446362
0.832095 0.554642 0.000135192
0.555925 0.000132102 0.831233
0.374486 0.373921 0.848495
1.2002e-17 0.196008 0.980602
9.15592e-05 1 9.98525e-05
0.970221 9.65709e-05 0.24222
0.288454 0.957494 9.98525e-05
0.26347 0.841334 0.471971
0.705978 0.470382 0.529467
0.794275 0.607558 9.94385e-05
0.19622 1.9615e-05 0.98056
0.980589 0.196076 3.0899e-06
0.92163 0.38807 9.98525e-05
0.385698 0.623022 0.6805
0.849453 0.372602 0.373626
0.444734 0.897346 1.61967e-05
0.342676 0.572331 0.74499
0.873133 0.41399 0.257396
0.752179 0.658959 8.81576e-05
0.652505 0.592861 0.471967
0.812641 0.489622 0.316045
7.61661e-05 0.831879 0.554957
0.424055 0.848727 0.316053
0.586808 0.405218 0.701038
4.62792e-17 0.755797 0.654894
0.919198 2.78436e-05 0.393795
0.343153 0.744077 0.573336
0.513689 0.514844 0.686515
0.50219 4.99854e-05 0.864847
0.768567 0.327156 0.549794
0.79375 7.93464e-05 0.608264
0.613512 0.276462 0.73999
0.693082 0.341881 0.63463
0.324301 0.488568 0.810019
8.97846e-05 0.980619 0.195925
0.905286 0.303011 0.300982
1.47047e-12 0.55472 0.832037
0.744403 0.572406 0.344029
0.70714 0.707087 2.77705e-28
5.28723e-17 0.86347 0.5044
8.18925e-05 0.894422 0.447225
