0.749069 0.252814 4.29916
0.109518 0.000324018 5.79614
0.68629 0.777641 3.73781
0.725699 0.000140801 4.89091
0.859401 0.121634 4.07454
0.000321889 0.000324018 5.99935
0.000306684 0.213511 5.59314
0.647074 0.859401 3.77874
0.130787 0.859401 4.05284
0.758871 0.751245 3.37297
0.211265 0.000140801 5.59575
0.859388 0.669658 3.61848
0.10627 0.100696 5.62167
0.169305 0.859401 3.96845
0.811254 0.23143 3.98165
0.738452 0.859384 3.1062
0.201259 0.188549 5.23498
0.719717 0.719509 3.87301
0.764451 0.000170147 4.62644
0.858526 0.648066 3.77201
0.769774 0.837805 2.91962
0.857934 0.857999 2.61417
0.699642 0.857339 3.39373
0.200096 0.698108 4.7078
0.859401 0.251412 3.8802
0.859401 0.000250627 4.30675
0.859797 0.688881 3.47496
0.859177 0.699485 3.39461
0.726395 0.859678 3.19297
0.803246 0.803312 2.85896
0.85906 0.755297 2.99165
0.851354 0.859197 2.61655
0.78613 0.0837863 4.36098
0.204077 0.103626 5.41491
0.859369 0.851394 2.61653
0.859176 0.73844 3.10629
0.106275 0.251363 5.3774
0.859401 0.188549 3.9339
0.799797 0.859401 2.74703
0.859883 0.820293 2.67262
0.786266 0.859398 2.81057
0.688863 0.859043 3.47511
0.000306684 0.725246 4.89407
0.106359 0.859401 4.11101
0.104402 0.188577 5.43569
0.181419 0.73677 4.45001
0.188545 0.859385 3.93391
0.251412 0.859401 3.8802
0.83828 0.769287 2.92173
0.858731 0.794049 2.77273
0.73134 0.804168 3.27184
0.859397 0.0858302 4.15907
0.0002646 0.75639 4.69403
0.794466 0.708953 3.4797
0.0858379 0.859401 4.15905
0.252102 0.673273 4.85805
0.00506309 0.85942 4.30171
0.680998 0.000323552 5.22697
0.251412 0.251412 5.14639
0.20138 0.655818 5.01905
0.669659 0.859401 3.61846
0.782948 0.252277 4.09395
0.772235 0.168054 4.24472
0.793684 0.000140801 4.46727
0.0918734 0.746364 4.58242
0.820321 0.859469 2.67253
0.000316083 0.109335 5.79659
0.15399 0.859351 4.00013
0.860288 0.728131 3.18031
0.682739 0.855179 3.52265
0.251411 0.713897 4.55191
0.16906 0.771908 4.24389
0.672452 0.223763 4.87501
0.000245559 0.803322 4.42503
0.857412 0.21432 3.89984
0.692586 0.203001 4.74569
0.251412 0.782149 4.09815
0.000316083 0.681225 5.22528
0.858685 0.804168 2.72888
0.859655 0.774814 2.87227
0.714072 0.251412 4.55059
0.204996 0.251406 5.17643
0.774823 0.859398 2.87221
0.160304 0.812738 4.07489
0.859401 0.1693 3.96846
0.000239082 0.859401 4.30676
0.849383 0.153498 4.00512
0.859401 0.100696 4.12446
0.238564 0.811902 3.96829
0.737674 0.175999 4.45337
0.657108 0.859398 3.70902
0.859046 0.682406 3.52375
0.859733 0.708953 3.32294
0.755305 0.859105 2.9916
0.214262 0.859119 3.89968
0.859401 0.786267 2.81058
0.708952 0.859053 3.32294
0.251412 0.749093 4.29896
0.251412 0.204952 5.17649
0.858776 0.657091 3.70916
