0.0268666 3.96641
0.0101287 3.98891
0.643996 3.49256
0.637652 3.53467
0.71065 3.00323
0.040246 3.94485
0.808776 2.40405
0.0693339 3.88852
0.0756041 3.87497
7.04879e-05 3.99993
0.814746 2.383
0.0468177 3.93319
0.0629455 3.90193
0.79054 2.4824
0.251422 3.57319
0.671497 3.29809
0.770244 2.59171
0.0999522 3.81926
0.0335807 3.95597
0.840679 2.32066
0.774822 2.56527
0.212923 3.59409
0.17601 3.64866
0.154015 3.69306
0.187132 3.62921
0.680233 3.2331
0.111716 3.79122
0.238055 3.57577
0.0533535 3.92093
0.159496 3.68137
0.831121 2.33794
0.750743 2.71482
0.720356 2.93059
0.737356 2.80698
0.729226 2.86539
0.779493 2.53929
0.777102 2.55244
0.0817404 3.86133
0.784018 2.51525
0.820427 2.36528
0.181556 3.63867
0.70349 3.05723
0.796055 2.45656
0.0879063 3.84731
0.668673 3.31869
0.767442 2.60843
0.126112 3.75688
0.165069 3.66988
0.664934 3.3475
0.857991 2.30709
0.131759 3.74355
0.692591 3.13987
0.801009 2.43496
0.760605 2.65075
0.848021 2.31211
0.72334 2.90843
0.743186 2.76611
0.827238 2.34689
0.68865 3.16969
0.675771 3.26643
0.763017 2.6356
0.748261 2.73145
0.823765 2.35587
0.640325 3.51713
0.228328 3.58085
0.120374 3.77054
0.647568 3.46836
0.684673 3.19976
0.696473 3.11095
0.717155 2.95432
0.198416 3.61201
0.734672 2.82611
0.655494 3.41346
0.658714 3.39072
0.713935 2.97848
0.745711 2.74873
0.17053 3.65907
0.140121 3.72412
0.758034 2.66703
0.707076 3.0301
0.0202479 3.97601
0.726266 2.8869
0.835539 2.32921
0.204193 3.60425
0.661118 3.37358
0.755599 2.6828
0.740063 2.78808
0.699981 3.08388
0.811793 2.39314
0.753201 2.69838
0.145682 3.71148
0.793261 2.46938
0.787673 2.49661
0.805984 2.41473
0.65215 3.43685
0.221999 3.58551
0.105812 3.80531
0.192712 3.62037
0.731927 2.84574
0.0939665 3.83327
