0.60471 0.60471 0.518317
0.271484 0.271484 0.923359
0.0493859 0.0493859 0.997558
0.55603 0.55603 0.617787
0.53499 0.53499 0.653889
0.658149 0.658149 0.365621
0.650946 0.650946 0.390563
0.44444 0.44444 0.777783
0.282093 0.282093 0.916977
0.702256 0.702256 0.116932
0.171216 0.171216 0.970242
0.683485 0.683485 0.256312
0.337776 0.337776 0.87853
0.619599 0.619599 0.481866
0.624686 0.624686 0.468545
0.109749 0.109749 0.987887
0.684836 0.684836 0.248995
0.382353 0.382353 0.841197
0.449981 0.449981 0.771384
0.553389 0.553389 0.622512
0.646777 0.646777 0.404177
0.0356467 0.0356467 0.998729
0.707107 0.707107 0.000119873
0.431884 0.431884 0.791803
0.698536 0.698536 0.155225
0.24659 0.24659 0.937223
0.523205 0.523205 0.672691
0.539166 0.539166 0.646992
0.549998 0.549998 0.628494
0.0901603 0.0901603 0.991838
0.235682 0.235682 0.942819
0.358986 0.358986 0.861545
0.0663516 0.0663516 0.995588
0.497482 0.497482 0.71065
0.323377 0.323373 0.889324
0.506954 0.506954 0.697134
0.264861 0.264861 0.927198
0.5145 0.5145 0.685989
0.703535 0.703535 0.10039
0.0990074 0.0990074 0.990149
0.331296 0.331296 0.883451
0.376278 0.376278 0.846658
0.315773 0.315773 0.894749
0.485066 0.485066 0.727614
0.366484 0.366484 0.855207
0.219379 0.219379 0.950655
0.696313 0.696313 0.174059
0.176075 0.176075 0.968502
0.140027 0.140027 0.980196
0.389478 0.389478 0.834634
0.150327 0.150327 0.977141
0.502528 0.502531 0.703533
0.700152 0.700167 0.139933
0.615491 0.615491 0.492281
0.436867 0.436867 0.786317
0.633729 0.633729 0.443594
0.0827313 0.0827313 0.993132
0.52981 0.52981 0.662271
0.276161 0.276161 0.920582
0.639628 0.639627 0.426327
0.47302 0.47302 0.743306
0.30151 0.30151 0.904535
0.674582 0.674582 0.299799
0.676723 0.676723 0.289986
0.162206 0.162206 0.973334
0.254454 0.254454 0.933009
0.408214 0.408214 0.816531
0.644849 0.644849 0.410292
0.192415 0.192415 0.962265
0.680419 0.680416 0.272158
0.201759 0.201759 0.958429
0.601309 0.601309 0.52617
0.577348 0.577348 0.577355
0.659762 0.659762 0.359761
0.693108 0.693108 0.197993
0.0764285 0.0764285 0.994142
0.4284 0.4284 0.79558
0.596548 0.596548 0.536899
0.457484 0.457484 0.762507
0.123087 0.123087 0.984733
0.131012 0.131012 0.982686
0.34807 0.34807 0.870456
6.24605e-05 6.24605e-05 1
0.694318 0.694318 0.189329
0.69172 0.69172 0.20748
0.609212 0.609212 0.507663
0.598675 0.598675 0.532144
0.688255 0.688255 0.22937
0.211997 0.211997 0.953999
0.468297 0.468293 0.749274
0.464168 0.464168 0.754385
0.666667 0.666667 0.333334
0.631164 0.631164 0.450849
0.181237 0.181237 0.966595
0.386493 0.386493 0.837405
0.545459 0.545459 0.636357
0.704937 0.704937 0.0782825
0.706208 0.706208 0.0503926
0.67828 0.67828 0.282616
0.655626 0.655626 0.374579
