0.598661 0.598661 0.532175
0.376279 0.376279 0.846657
0.473016 0.473016 0.743311
0.140024 0.140024 0.980197
0.703539 0.703539 0.100321
0.449969 0.449969 0.771399
0.0989833 0.0989833 0.990154
0.123087 0.123087 0.984733
0.69854 0.69854 0.155187
0.389474 0.389474 0.834638
0.264903 0.264903 0.927175
0.428374 0.428374 0.795607
0.0764247 0.0764247 0.994142
0.696329 0.696329 0.173934
0.601296 0.601296 0.5262
0.323356 0.323356 0.889315
0.65094 0.65094 0.390583
0.706206 0.706206 0.0504458
0.33785 0.33785 0.878473
6.89844e-05 6.89844e-05 1
0.514485 0.514485 0.686011
0.604714 0.604714 0.518306
0.65563 0.65563 0.374564
0.468286 0.468286 0.749278
0.282111 0.282111 0.916966
0.348157 0.348157 0.870387
0.553363 0.553363 0.622559
0.219264 0.219264 0.950708
0.577342 0.577342 0.577368
0.67458 0.67458 0.299805
0.556023 0.556023 0.617799
0.171209 0.171209 0.970245
0.678274 0.678274 0.282644
0.529809 0.529809 0.662273
0.53499 0.53499 0.653889
0.502504 0.502504 0.703548
0.485044 0.485044 0.727643
0.276121 0.276121 0.920605
0.366512 0.366512 0.855183
0.254449 0.254449 0.933012
0.52321 0.52321 0.672684
0.707107 0.707107 0.000158585
0.680411 0.680411 0.272179
0.545444 0.545444 0.636381
0.700149 0.700149 0.139942
0.644822 0.644822 0.410375
0.457446 0.457446 0.762553
0.702249 0.702249 0.117021
0.694314 0.694314 0.189357
0.30145 0.30145 0.904575
0.211988 0.211988 0.954003
0.331217 0.331217 0.883511
0.0826169 0.0826169 0.993151
0.271478 0.271478 0.923363
0.549965 0.549965 0.628551
0.386482 0.386482 0.837415
0.624688 0.624688 0.46854
0.615455 0.615455 0.492371
0.658174 0.658174 0.365533
0.0356594 0.0356594 0.998728
0.619587 0.619587 0.481896
0.315795 0.315795 0.894733
0.69171 0.69171 0.207544
0.201739 0.201739 0.958438
0.693118 0.693118 0.197928
0.464218 0.464218 0.754323
0.683483 0.683483 0.256324
0.444427 0.444427 0.777798
0.130977 0.130977 0.982695
0.436837 0.436837 0.78635
0.162205 0.162205 0.973334
0.659729 0.659729 0.359881
0.235646 0.235646 0.942837
0.676711 0.676711 0.29004
0.646743 0.646743 0.404286
0.688255 0.688255 0.229367
0.539132 0.539132 0.647049
0.506974 0.506974 0.697105
0.175974 0.175974 0.968538
0.633785 0.633785 0.443434
0.0490481 0.0490481 0.997591
0.666668 0.666668 0.333327
0.497399 0.497399 0.710766
0.192445 0.192445 0.962252
0.358957 0.358957 0.861568
0.382359 0.382359 0.841191
0.0901294 0.0901294 0.991843
0.596545 0.596545 0.536906
0.631166 0.631166 0.450844
0.704943 0.704943 0.0781748
0.246602 0.246602 0.937217
0.43186 0.43186 0.791829
0.0662993 0.0662993 0.995595
0.609197 0.609197 0.5077
0.639608 0.639608 0.426385
0.109756 0.109756 0.98788
0.684836 0.684836 0.248999
0.1503 0.1503 0.977149
0.181218 0.181218 0.966602
0.40822 0.40822 0.816525
