0.707107 0.707107 0.000126375
0.646792 0.646792 0.404128
0.201747 0.201747 0.958434
0.436854 0.436854 0.786332
0.0495162 0.0495162 0.997545
0.658153 0.658153 0.365608
0.271556 0.271556 0.923317
0.282139 0.282139 0.916949
0.315795 0.315794 0.894736
0.497462 0.497462 0.710678
0.676728 0.676728 0.289964
0.706208 0.706208 0.0504041
0.301515 0.301515 0.904532
0.545451 0.545451 0.63637
8.1503e-05 8.1503e-05 1
0.633725 0.633725 0.443606
0.691726 0.691726 0.207435
0.382357 0.382357 0.841193
0.162137 0.162137 0.973357
0.644831 0.644831 0.410349
0.683498 0.683498 0.256243
0.604708 0.604708 0.518321
0.109732 0.109732 0.987886
0.63963 0.63963 0.426317
0.150315 0.150315 0.977144
0.631172 0.631172 0.450827
0.181237 0.181237 0.966595
0.254439 0.254439 0.933017
0.386481 0.386481 0.837416
0.485074 0.485074 0.727604
0.123074 0.123074 0.984736
0.650944 0.650944 0.390568
0.680415 0.680415 0.27216
0.688252 0.688252 0.229386
0.694315 0.694315 0.18935
0.534998 0.534998 0.653877
0.0663419 0.0663419 0.995589
0.655613 0.655613 0.374625
0.235639 0.235639 0.942841
0.17606 0.17606 0.968507
0.703527 0.703527 0.100494
0.539157 0.539157 0.647008
0.337874 0.337871 0.878464
0.32336 0.32336 0.889312
0.444464 0.444464 0.777756
0.704935 0.704935 0.0783215
0.529813 0.529813 0.662266
0.577348 0.577348 0.577355
0.693122 0.693122 0.197896
0.140028 0.140028 0.980196
0.331286 0.331286 0.883459
0.659755 0.659755 0.359787
0.264893 0.264893 0.92718
0.502521 0.502521 0.703523
0.358978 0.358978 0.861551
0.0764625 0.0764625 0.994136
0.615465 0.615465 0.492347
0.698536 0.698536 0.155222
0.68484 0.68484 0.248976
0.523219 0.523219 0.672669
0.376255 0.376255 0.846678
0.553374 0.553374 0.622538
0.171204 0.171204 0.970246
0.428393 0.428393 0.795587
0.700149 0.700173 0.140026
0.666681 0.666681 0.333277
0.0990128 0.0990128 0.990148
0.13102 0.13102 0.982684
0.219387 0.219387 0.950652
0.598696 0.598696 0.532096
0.0901665 0.0901665 0.991837
0.696315 0.696315 0.174042
0.596564 0.596564 0.536863
0.457474 0.457474 0.762518
0.6247 0.624706 0.468515
0.389486 0.389486 0.834626
0.619591 0.619591 0.481886
0.473021 0.473021 0.743305
0.192437 0.192437 0.962256
0.366481 0.366488 0.855255
0.506977 0.506978 0.697102
0.601318 0.601318 0.526149
0.211946 0.211946 0.954022
0.246581 0.246581 0.937228
0.0356231 0.0356231 0.99873
0.348151 0.348151 0.870392
0.464204 0.464204 0.75434
0.67459 0.674591 0.299763
0.678282 0.678282 0.282605
0.431892 0.431892 0.791795
0.609217 0.609217 0.507651
0.468245 0.468245 0.749328
0.556032 0.556032 0.617783
0.276171 0.276171 0.920575
0.514484 0.514484 0.686011
0.549992 0.549992 0.628504
0.702249 0.702249 0.117013
0.0827332 0.0827332 0.993132
0.408254 0.408254 0.816491
0.44997 0.44997 0.771397
