0.138885 0.308846 0.0522692
0.051276 0.343909 0.104815
0.162401 0.101227 0.236372
0.0510353 0.416687 0.0322777
0.1538 0.0162249 0.329975
0.136986 7.17314e-06 0.363007
0.190063 0.24149 0.068447
0.146405 0.160221 0.193373
3.14902e-08 0.499963 3.69193e-05
0.235312 0.176582 0.0881057
0.237596 0.211406 0.0509981
0.132159 0.12068 0.24716
0.399943 0.100031 2.59166e-05
0.21059 0.140171 0.149239
0.10413 0.29242 0.10345
1.89372e-08 0.300662 0.199338
0.0161241 0.137032 0.346844
0.449545 2.354e-05 0.0504317
0.0515726 0.0860418 0.362386
0.396689 2.07722e-05 0.103291
0.0692317 0.120807 0.309961
0.0167138 0.0152621 0.468024
2.25296e-08 0.357698 0.142302
0.310455 0.103333 0.0862115
0.0666117 0.433362 2.59166e-05
0.276211 0.189364 0.0344257
1.57379e-08 0.249867 0.250133
0.26786 0.232115 2.59166e-05
0.0861267 0.362326 0.0515472
0.313178 0.0162417 0.17058
0.150121 0.333493 0.0163858
0.344195 1.80234e-05 0.155787
0.29345 0.0858143 0.120736
2.94082e-08 0.466907 0.0330925
0.277727 0.0516929 0.17058
0.171624 0.277261 0.0511151
0.0993956 5.20476e-06 0.400599
0.138212 0.205107 0.156681
0.0677303 0.185731 0.246539
0.102461 0.397513 2.59166e-05
0.345503 0.103168 0.0513291
0.433342 0.0502719 0.0163858
0.312924 0.0513169 0.135759
0.08504 0.259785 0.155175
2.51467e-08 0.399249 0.100751
0.0344329 0.310315 0.155252
0.286548 1.50048e-05 0.213437
0.36196 0.138014 2.59166e-05
4.42015e-05 3.06058e-05 0.499925
0.238994 0.0862881 0.174718
0.382277 0.050411 0.0673122
0.118349 0.149041 0.23261
0.0333252 0.466649 2.59166e-05
0.120148 0.0342831 0.345569
0.135979 0.0698596 0.294161
0.499948 2.61793e-05 2.59166e-05
0.21759 0.266025 0.0163858
0.105134 0.104845 0.290021
0.0694343 0.292103 0.138463
0.326336 0.139242 0.0344221
0.174252 0.2214 0.104348
0.241986 1.26714e-05 0.258002
0.0344233 0.379497 0.0860799
0.466651 0.0333232 2.59166e-05
0.0675682 0.0331103 0.399321
0.189525 0.189867 0.120608
0.135952 0.262708 0.101339
0.0703896 0.156529 0.273081
0.352005 0.06474 0.0832549
1.30301e-08 0.206877 0.293123
0.248538 0.0332035 0.218259
0.0862032 0.0859603 0.327837
0.101866 0.20528 0.192855
0.198248 0.105234 0.196518
0.259384 0.102244 0.138372
0.200665 0.0667743 0.232561
0.0305248 0.275095 0.19438
0.137921 0.362053 2.59166e-05
0.199748 1.04596e-05 0.300241
0.174591 0.0513168 0.274093
0.050027 2.61962e-06 0.44997
0.0498992 0.233726 0.216375
0.379123 0.0866654 0.0342113
0.120973 0.240655 0.138372
0.0170327 0.0716859 0.411281
0.0165616 0.433886 0.0495523
0.197754 0.302209 3.69193e-05
0.364301 0.0158962 0.119803
0.0338728 0.191256 0.274871
0.0852061 0.0508437 0.36395
0.315977 0.183997 2.59166e-05
1.07851e-08 0.171233 0.328767
0.293074 0.155541 0.0513851
0.0862113 0.327619 0.0861693
3.15216e-09 0.0500463 0.449954
0.259169 0.137547 0.103284
0.416178 0.0165952 0.0672268
0.172749 0.172077 0.155175
0.0331876 0.156031 0.310781
7.5772e-09 0.120302 0.379698
