0.894384 1.47197e-42 0.447443
0.2563 0.875067 0.411384
0.501639 1.62778e-05 0.86509
0.464284 0.754825 0.464465
0.374802 0.848152 0.374381
6.93085e-06 0.707583 0.708125
9.00384e-06 0.919217 0.39375
4.58545e-05 0.554137 0.832425
0.555744 0.320501 0.767091
0.832117 0.5546 8.27848e-05
0.447698 5.5563e-54 0.894377
0.401946 0.713643 0.573719
8.44294e-06 0.861955 0.506985
0.707285 6.94243e-05 0.706928
0.961393 0.275179 9.93077e-05
0.342653 0.572027 0.745234
8.35581e-05 4.70714e-06 1
0.913069 0.0398133 0.405856
0.242269 2.37802e-05 0.970209
0.679375 0.732775 0.0386101
0.744472 0.573469 0.341988
3.78926e-06 0.386853 0.922142
0.863632 8.47706e-05 0.504123
0.447357 0.894355 5.29703e-05
0.0299536 0.937984 0.345382
0.344836 9.91298e-05 0.938663
0.342055 0.689455 0.638475
0.794267 0.607569 9.93077e-05
0.875159 0.255257 0.411024
0.989108 4.41862e-05 0.147192
0.408455 0.876312 0.255738
0.554724 0.832035 9.95788e-05
1.55882e-08 0.504742 0.863275
0.338113 0.792551 0.507486
0.472997 0.595264 0.649565
0.970744 9.52843e-05 0.240116
0.752493 0.467942 0.463448
0.850565 0.37216 0.371644
0.405908 0.0417867 0.912958
0.628915 0.456847 0.629092
0.939821 0.341666 9.95788e-05
0.707091 0.707123 9.93077e-05
0.0393681 0.679599 0.732527
0.604966 0.796251 2.24487e-05
0.564729 0.724466 0.395261
0.341713 0.939804 0.000119458
7.40695e-06 0.756188 0.654354
0.919873 0.392215 1.53479e-05
0.736662 0.273902 0.618335
0.64992 0.760003 0.000132061
0.801598 0.498478 0.330091
0.361443 0.310429 0.8792
9.60556e-06 0.980648 0.196061
0.862089 0.506901 9.9586e-05
0.535372 0.653706 0.534833
0.287083 0.957936 3.50362e-32
0.599221 0.53476 0.59579
0.385443 0.623184 0.681631
0.800707 6.50942e-08 0.599113
0.635193 0.33682 0.695041
0.680549 0.0478542 0.731138
1.14918e-14 0.652839 0.757497
0.643293 0.645936 0.411024
0.0197332 0.733022 0.680039
1.66312e-09 0.329639 0.944695
0.473343 0.260662 0.841491
1.87268e-08 0.606369 0.795183
8.15659e-06 0.83272 0.553694
0.299886 0.904623 0.302862
0.904747 0.301917 0.301173
0.686862 0.515221 0.512608
0.940288 9.22948e-05 0.34038
0.752285 0.658917 9.95839e-05
0.894796 0.446502 9.95799e-05
0.791577 0.339113 0.508451
0.241413 0.291437 0.925638
4.44754e-15 0.252661 0.967557
9.79511e-06 1 9.95788e-05
0.387922 0.499239 0.775828
9.38616e-06 0.958249 0.286143
1.48759e-06 0.15187 0.988401
0.653307 5.84383e-05 0.757198
0.321536 0.423203 0.847128
0.980642 0.19581 9.93077e-05
2.73124e-17 0.446046 0.895111
0.597808 5.86784e-05 0.801639
0.449454 0.393617 0.801908
0.832996 4.58309e-09 0.553279
7.81927e-06 0.798283 0.602544
0.756547 4.76268e-11 0.653939
0.654514 0.591208 0.472123
0.204414 0.978884 7.54643e-05
6.84604e-10 0.894649 0.44677
0.501825 0.864969 9.95788e-05
0.703015 0.402585 0.586256
1 9.8156e-05 9.99878e-05
0.527477 0.470733 0.707496
0.554137 2.32108e-05 0.832425
0.874596 0.411373 0.256623
0.504379 0.795581 0.335639
