0.389402 0.921069 2.66374e-05
0.832739 4.42795e-05 0.554009
0.193604 1.02946e-05 0.98108
5.86079e-05 0.894548 0.447314
0.372197 0.37133 0.850637
0.92487 0.243632 0.29199
0.706292 0.470111 0.52929
0.550472 2.92704e-05 0.834857
0.490223 0.871597 2.66374e-05
0.0422507 0.679206 0.732735
0.290705 0.92631 0.239668
0.707078 0.707138 0
0.287098 1.5266e-05 0.957912
0.894727 0.446613 0
0.707215 3.7605e-05 0.707482
2.73492e-17 0.446646 0.894711
2.06511e-05 0.315204 0.94903
0.759598 0.651168 0
4.69921e-07 0.707227 0.707019
6.4869e-05 0.654922 0.755697
0.795021 4.22739e-05 0.606582
0.631726 0.576965 0.51772
0.262482 0.841426 0.472341
5.21424e-05 0.795864 0.605475
0.958607 0.285277 0
6.42544e-05 0.980732 0.195356
0.470392 0.705172 0.530532
3.30559e-05 0.504542 0.863406
0.752705 0.519703 0.404158
0.57968 0.342254 0.739482
0.648788 0.40915 0.641615
0.342288 0.689761 0.638572
0.250489 0.900841 0.354601
0.571603 0.745469 0.342965
4.61298e-08 0.242562 0.970136
0.970284 5.15932e-05 0.241969
0.988397 5.25564e-05 0.15189
0.598886 0.532795 0.597883
0.446729 0.894696 2.6638e-05
2.66646e-09 0.756005 0.65457
0.813177 0.322444 0.485448
0.900812 0.352949 0.252912
0.834467 0.440774 0.330847
0.980733 0.195351 2.66374e-05
0.939889 4.9977e-05 0.34148
0.913084 0.0397528 0.405829
3.35022e-13 0.832089 0.554642
0.78199 0.558946 0.276624
6.55167e-05 1 0
0.555396 0.831598 0
0.243361 0.969937 0
0.680329 0.0265817 0.732425
0.921672 0.387971 0
0.388648 0.499867 0.774006
0.330388 0.944067 0
0.605556 3.21994e-05 0.795803
0.863201 0.504861 2.66374e-05
0.447829 2.38125e-05 0.894131
0.732197 0.680491 0.0286408
0.490043 2.60572e-05 0.871698
9.91885e-06 0.151394 0.988473
0.341972 0.744903 0.572866
9.76196e-05 2.32716e-05 1
3.63428e-05 0.55471 0.832044
0.644437 0.645373 0.410115
0.895107 4.75958e-05 0.445853
1.72048e-16 0.607348 0.794436
0.831988 0.554793 0
0.363386 0.878332 0.310617
9.23589e-07 0.91924 0.394042
0.879124 0.308373 0.363394
0.799982 0.600061 0
9.42705e-06 0.388011 0.921659
0.72363 0.604073 0.333849
0.680387 0.731527 0.0447681
0.510942 0.730469 0.45316
0.75357 4.00698e-05 0.65738
0.388347 2.06497e-05 0.921543
0.6544 0.756149 0
0.349826 0.247251 0.903603
0.396549 0.79837 0.45316
0.486261 0.811307 0.324548
0.654641 3.48094e-05 0.75594
0.252649 0.294507 0.921648
0.254504 0.411226 0.875283
0.441447 0.386439 0.810147
0.80396 0.393436 0.447378
0.469941 0.594192 0.654186
1 5.31733e-05 3.02784e-05
0.529011 0.470631 0.706154
6.27666e-05 0.958024 0.286689
0.873224 4.64322e-05 0.487319
0.343101 0.572449 0.744715
0.608501 0.79359 1.6083e-05
0.152131 0.98836 0
0.0455778 0.732691 0.679034
0.743996 0.341038 0.574765
8.31092e-12 0.861998 0.506921
0.538023 0.650943 0.535541
0.384616 0.625254 0.679632
