0.17664 1.8359e-06 0.323358
0.279401 0.0109522 0.209647
0.137617 0.362362 2.1038e-05
0.103074 0.0686397 0.328286
0.381085 0.0165904 0.102325
0.348533 0.101853 0.0496137
0.102883 0.120009 0.277109
0.202464 0.0673676 0.230169
0.0500858 0.23394 0.215974
0.292364 0.0862103 0.121425
0.467181 4.85564e-06 0.0328144
0.251174 0.232501 0.0163255
0.119274 0.329766 0.05096
0.0852467 0.100976 0.313777
0.138119 0.260257 0.101624
1.68939e-05 2.86638e-05 0.499954
0.232476 0.0492862 0.218238
0.0686939 0.291884 0.139422
0.0323058 3.3577e-07 0.467694
0.121159 0.240485 0.138356
0.193759 0.255126 0.0511149
0.0668298 6.94595e-07 0.433169
0.245785 0.169665 0.0845499
3.34585e-06 0.083173 0.416824
0.0335843 0.45009 0.0163255
0.157684 0.104025 0.238291
0.120393 0.29351 0.0860976
2.01118e-05 0.499951 2.92023e-05
1.812e-05 0.450436 0.0495454
0.276151 0.189443 0.0344054
0.0511335 0.0673285 0.381538
0.0505303 0.119484 0.329985
0.450656 0.0328231 0.0165205
0.250154 2.59997e-06 0.249843
0.221302 0.0822099 0.196488
0.433711 0.0164314 0.0498578
0.416292 4.32672e-06 0.0837041
0.292891 0.15537 0.0517385
0.258817 0.137295 0.103889
0.30846 0.0348192 0.15672
0.361658 3.75888e-06 0.138339
0.0335253 0.273677 0.192797
0.499974 5.19647e-06 2.1038e-05
0.313227 3.25552e-06 0.18677
0.186757 0.313222 2.1038e-05
0.250654 0.10694 0.142406
6.21558e-06 0.15451 0.345484
1.1853e-05 0.294647 0.205341
0.138456 0.0861594 0.275385
1.67427e-05 0.416199 0.0837847
0.156964 0.275998 0.0670375
0.101868 0.205335 0.192797
0.211608 0.0167183 0.271673
0.309829 0.103723 0.0864478
0.101802 1.05808e-06 0.398197
1.31682e-05 0.327342 0.172645
0.120049 0.0343095 0.345641
0.099827 0.400144 2.92023e-05
7.39415e-07 0.0513107 0.448689
0.0672471 0.432732 2.1038e-05
4.69439e-06 0.116696 0.3833
0.0342197 0.191678 0.274102
0.154262 0.0519051 0.293833
0.12604 0.158667 0.215294
0.0339948 0.15543 0.310575
0.137406 1.42813e-06 0.362592
0.334831 0.165139 2.92023e-05
0.157529 0.187305 0.155166
0.0503568 0.033534 0.416109
0.0865413 0.258292 0.155166
9.98107e-06 0.248115 0.251875
0.275132 0.0506061 0.174262
0.0344779 0.310148 0.155374
0.0690838 0.344819 0.0860976
1.45623e-05 0.361998 0.137987
0.210563 0.140187 0.14925
0.382692 0.0499653 0.0673428
0.0853745 0.0506076 0.364018
0.378661 0.121318 2.1038e-05
7.53975e-06 0.187427 0.312565
0.168748 0.297458 0.0337934
0.174418 0.221687 0.103895
0.210525 0.2203 0.0691745
0.292963 0.207007 2.92023e-05
0.401004 0.0667356 0.0322605
0.0337668 0.363729 0.102504
0.189131 0.189444 0.121425
0.326899 0.0517801 0.121321
0.350058 0.0666973 0.0832447
0.118519 0.138248 0.243232
0.43318 0.0667988 2.1038e-05
0.0677369 0.185708 0.246555
0.0508641 0.398448 0.0506875
0.23273 0.267241 2.92023e-05
0.18192 0.121592 0.196488
0.326458 0.139259 0.0342833
0.0866982 0.155414 0.257887
0.0339854 0.101648 0.364367
0.08562 0.308501 0.105879
0.0868051 0.378797 0.0343984
