0.614471 0.788939
0.750808 0.660521
0.68867 0.725075
0.846667 0.532124
0.519606 0.854406
0.793949 0.607985
0.781584 0.6238
0.256871 0.966446
0.633103 0.774068
0.301048 0.953609
0.854115 0.520085
0.77395 0.633247
0.973585 0.228327
0.903741 0.428079
0.931856 0.362827
0.859957 0.510366
0.948685 0.316222
0.623823 0.781566
0.953583 0.30113
0.987481 0.157738
0.734871 0.678207
0.331432 0.943479
0.242542 0.970141
0.839881 0.54277
0.0708433 0.997487
0.698076 0.716024
0.970151 0.2425
0.376 0.92662
0.197947 0.980213
0.962453 0.271447
0.670165 0.742213
0.742806 0.669507
0.0945421 0.995521
0.966436 0.256909
0.875171 0.483814
1 9.55029e-05
0.119144 0.992877
0.911287 0.411772
0.144584 0.989492
0.286204 0.958169
0.915581 0.402133
0.56845 0.822718
0.97718 0.212414
0.418249 0.908332
0.586027 0.810292
0.40301 0.915196
0.228286 0.973594
0.677264 0.73574
0.865829 0.500341
0.958165 0.286218
0.93792 0.346853
0.171093 0.985255
0.890539 0.454907
0.768831 0.639452
0.359097 0.9333
0.920481 0.390787
0.925647 0.378388
0.825559 0.564316
0.817553 0.575853
0.943487 0.331409
0.991283 0.131746
0.996584 0.0825826
0.834259 0.551372
0.444474 0.895792
0.715538 0.698574
0.994288 0.106728
0.883935 0.46761
0.639479 0.768808
0.549458 0.835521
0.271423 0.96246
0.539974 0.841682
0.800681 0.59909
0.575772 0.81761
9.92802e-05 1
0.898161 0.439667
0.214422 0.976741
0.982813 0.184603
0.998154 0.0607369
0.532445 0.846465
0.869547 0.49385
0.648124 0.761535
0.761243 0.648466
0.720995 0.692941
0.510366 0.859957
0.48896 0.872306
0.607983 0.79395
0.728428 0.685122
0.460917 0.887443
0.477386 0.878694
0.788731 0.614739
0.559552 0.828795
0.387825 0.921733
0.810472 0.585777
0.707122 0.707091
0.657775 0.753214
0.428085 0.903738
0.598574 0.801067
0.50034 0.865829
0.316205 0.948691
0.34753 0.937669
