0.859405 0.00492316 4.30185
0.683366 0.782028 3.73693
0.708962 0.859872 3.32296
0.731341 0.804274 3.27179
0.859512 0.699357 3.39566
0.000227568 0.85941 4.30678
0.670467 0.846553 3.61988
0.0858077 0.859442 4.15918
0.85903 0.728144 3.18034
0.859405 0.657083 3.70919
2.79254e-07 0.106099 5.80463
0.108567 0.000261152 5.79989
0.708844 0.10073 4.83509
0.794697 0.000261152 4.46245
0.714174 0.251413 4.54983
0.859405 0.113842 4.09314
0.00505507 0.859252 4.30171
0.212449 0.000261152 5.59431
0.78311 0.251405 4.09308
2.79254e-07 0.725216 4.89634
0.859405 0.647589 3.77522
0.169315 0.859061 3.96859
0.738488 0.738919 3.59589
0.859405 0.669656 3.61849
0.859405 0.10069 4.12447
0.859402 0.251413 3.8802
0.242762 0.812432 3.96527
0.251415 0.782872 4.09433
0.106433 0.859401 4.11083
0.854822 0.859868 2.61484
0.251411 0.749167 4.29846
0.755334 0.859401 2.99147
0.130702 0.859392 4.05304
0.204047 0.716198 4.56592
0.805167 0.859584 2.72493
0.153924 0.859873 4.00027
0.859402 0.821125 2.6722
0.859405 0.786321 2.8103
0.820384 0.859363 2.67257
0.823193 0.246429 3.93093
0.10795 0.10069 5.61768
0.703503 0.168293 4.72245
0.00015441 0.211544 5.5954
0.188466 0.859401 3.93404
0.859404 0.214021 3.89993
0.716274 0.000261152 4.96091
0.860777 0.804274 2.72883
0.859399 0.738464 3.10613
0.859405 0.000247021 4.30676
0.858999 0.0857584 4.15924
0.647155 0.859471 3.77887
0.00015441 0.000316477 5.99953
0.853619 0.153528 4.00295
0.859405 0.755311 2.99155
0.774849 0.859357 2.87213
0.802679 0.803321 2.85319
0.699889 0.698132 4.18904
0.00015441 0.754037 4.69273
0.859405 0.77481 2.87229
0.765197 0.000261152 4.62387
0.859399 0.851532 2.61645
2.79254e-07 0.678914 5.2429
0.204034 0.103242 5.41709
0.859405 0.682465 3.52346
0.251411 0.859401 3.8802
0.859405 0.857328 2.61418
0.102369 0.18853 5.44042
0.106325 0.251405 5.37728
0.196387 0.18853 5.24254
0.845826 0.767651 2.9216
0.726326 0.859499 3.19352
2.79254e-07 0.806748 4.4117
0.793823 0.708963 3.48599
0.738488 0.85941 3.10628
0.859646 0.689036 3.47387
0.859408 0.744949 3.06098
0.772541 0.166905 4.24448
0.859492 0.130768 4.05295
0.2039 0.663947 4.95887
0.184057 0.736767 4.44546
0.204824 0.251376 5.17665
0.657158 0.859968 3.70932
0.251172 0.683787 4.77985
0.769827 0.773093 3.16956
0.786282 0.859401 2.81049
0.21398 0.857268 3.90015
0.672588 0.222067 4.87729
0.677222 0.000261152 5.25526
0.169363 0.772915 4.24658
0.742999 0.184701 4.40121
0.859402 0.169324 3.96841
0.859512 0.708961 3.32296
0.251407 0.204788 5.17669
0.699502 0.859401 3.39447
0.0937912 0.746411 4.57782
0.682395 0.859493 3.52391
0.688867 0.85941 3.47505
0.769827 0.837257 2.92051
0.859402 0.18853 3.93393
0.251411 0.251413 5.14639
