0.170919 0.329081
0.00464393 0.495356
0.0130018 0.486998
0.329081 0.170919
0.165957 0.334043
0.0891348 0.410865
0.441011 0.0589894
0.00894323 0.491057
0.487008 0.0129921
0.415948 0.0840524
0.375 0.125
0.0690003 0.431
0.426004 0.0739958
4.7428e-05 0.499953
0.477001 0.0229992
0.227041 0.272959
0.139656 0.360344
0.0179968 0.482003
0.482007 0.017993
0.17602 0.32398
0.390306 0.109694
0.0639894 0.436011
0.267857 0.232143
0.467002 0.0329983
0.354592 0.145408
0.283163 0.216837
0.499952 4.83838e-05
0.38505 0.11495
0.272959 0.227041
0.0279954 0.472005
0.0840201 0.41598
0.0739799 0.42602
0.359694 0.140306
0.293103 0.206897
0.155981 0.344019
0.145408 0.354592
0.395408 0.104592
0.380102 0.119898
0.405612 0.094388
0.308673 0.191327
0.34949 0.15051
0.436006 0.0639939
0.344388 0.155612
0.333924 0.166076
0.0370211 0.462979
0.46301 0.0369898
0.253199 0.246801
0.134813 0.365187
0.495036 0.00496368
0.364796 0.135204
0.410714 0.0892855
0.369898 0.130102
0.303571 0.196429
0.0940702 0.40593
0.472081 0.0279189
0.420991 0.0790093
0.278061 0.221939
0.257653 0.242347
0.0229987 0.477001
0.0790814 0.420919
0.242347 0.257653
0.339286 0.160714
0.458942 0.0410583
0.160714 0.339286
0.288265 0.211735
0.237245 0.262755
0.211734 0.288266
0.221939 0.278061
0.247165 0.252835
0.298469 0.201531
0.318877 0.181123
0.23209 0.26791
0.313776 0.186224
0.0535715 0.446429
0.262755 0.237245
0.0433674 0.456633
0.0329733 0.467027
0.323979 0.176021
0.216836 0.283164
0.430997 0.0690028
0.445974 0.0540263
0.191326 0.308674
0.206633 0.293367
0.451677 0.0483227
0.0586735 0.441327
0.181122 0.318878
0.196428 0.303572
0.492347 0.00765302
0.186224 0.313776
0.15051 0.34949
0.119898 0.380102
0.0484694 0.451531
0.40051 0.09949
0.09949 0.40051
0.114796 0.385204
0.125 0.375
0.130102 0.369898
0.20153 0.29847
0.104592 0.395408
0.109694 0.390306
