0.745598 2.74951
0.020241 3.97592
0.0435566 3.93906
0.69998 3.08391
0.740091 2.78767
0.80099 2.43495
0.0565768 3.91467
0.0369626 3.95042
0.788849 2.49063
0.069331 3.88852
0.774812 2.56527
0.692615 3.13969
0.713931 2.97846
0.777152 2.55212
0.822479 2.35935
0.238353 3.57566
0.000168908 3.99983
0.0500939 3.92712
0.781824 2.52673
0.159524 3.68132
0.840696 2.32064
0.827258 2.34685
0.0302909 3.96118
0.808662 2.40446
0.772476 2.57868
0.758153 2.66621
0.731928 2.84577
0.114609 3.7843
0.126065 3.75699
0.717132 2.95451
0.779487 2.5398
0.765078 2.62276
0.137354 3.7305
0.64753 3.46866
0.760884 2.64883
0.12038 3.77054
0.14293 3.7177
0.108792 3.7982
0.814817 2.3828
0.726264 2.88691
0.796055 2.45653
0.675761 3.26639
0.688687 3.16945
0.20413 3.60433
0.0755987 3.87498
0.148478 3.70522
0.01014 3.98891
0.672851 3.28795
0.15401 3.69307
0.102907 3.81222
0.84799 2.31211
0.165023 3.66997
0.750724 2.71483
0.684642 3.20007
0.785866 2.50564
0.811512 2.39409
0.0909376 3.84032
0.0969696 3.82625
0.742984 2.76752
0.703515 3.05705
0.192763 3.62027
0.707704 3.02537
0.770225 2.59182
0.831092 2.338
0.857964 2.30709
0.696336 3.1115
0.835451 2.32928
0.755716 2.68196
0.729135 2.86603
0.734672 2.82613
0.187145 3.62919
0.655447 3.41373
0.658659 3.39103
0.663092 3.35925
0.805956 2.41481
0.723335 2.90846
0.0629826 3.90179
0.21159 3.5955
0.748258 2.73142
0.791445 2.47801
0.181558 3.63867
0.644022 3.49238
0.75321 2.69833
0.251415 3.57319
0.170501 3.65911
0.720259 2.93122
0.737373 2.80685
0.640449 3.5162
0.22201 3.5855
0.131723 3.74363
0.767481 2.60819
0.819472 2.36805
0.176045 3.6486
0.198414 3.61201
0.0848647 3.85428
0.652163 3.43671
0.680231 3.23305
0.668526 3.31981
0.710635 3.00325
0.637632 3.53469
