1.22189e-06 0.707533 0.70668
0.262416 0.83397 0.485419
0.449531 0.570809 0.687125
0.895022 0.446022 4.82542e-05
0.841411 0.26315 0.471995
1.72698e-06 1 5.52869e-05
1.30714e-06 0.756896 0.653535
0.763208 0.553864 0.332788
0.7716 0.151902 0.617705
0.409899 0.911043 0.0445338
0.341938 0.568571 0.748201
0.342303 1.65128e-05 0.93959
0.704436 0.709768 5.52869e-05
0.683752 0.340574 0.645362
0.942931 0.332988 4.82542e-05
1.68094e-06 0.973342 0.229357
0.0353611 0.408848 0.911917
0.55115 0.834406 5.52869e-05
0.926061 4.46736e-05 0.377375
1.58417e-07 0.455487 0.890242
0.801368 3.86584e-05 0.598171
0.40671 1.96199e-05 0.913557
1.35635e-06 0.78539 0.619001
0.316788 0.872541 0.371909
0.77539 0.498358 0.387826
5.97681e-07 0.346085 0.938203
0.88225 0.305617 0.358098
0.380389 0.815718 0.435785
0.901653 0.350536 0.253272
0.986415 0.164274 4.82542e-05
0.287172 0.957879 4.82542e-05
0.610413 0.792083 5.52869e-05
0.488103 0.872786 5.52869e-05
0.241613 1.92636e-07 0.970373
0.02549 0.732537 0.68025
0.795864 0.605476 5.52869e-05
8.73342e-07 0.505706 0.862706
0.725125 0.602145 0.334089
0.677903 0.73512 0.00676488
0.303515 0.30308 0.903339
0.347334 0.937741 5.52869e-05
0.799514 0.395447 0.452106
0.241995 0.925675 0.290799
0.558252 2.69303e-05 0.829671
0.572217 0.680666 0.457452
0.409064 0.645189 0.645311
0.494479 2.38539e-05 0.86919
0.0359468 0.817607 0.574654
0.636895 0.440179 0.632935
0.14871 0.988881 4.82542e-05
0.388074 0.499089 0.774796
0.748187 0.663487 5.52869e-05
1.62031e-06 0.938234 0.346
0.0338451 0.575311 0.817234
2.29359e-07 0.659463 0.751737
0.879589 4.24317e-05 0.475735
1 4.82404e-05 4.82542e-05
0.749276 0.33632 0.570503
0.846385 6.74817e-07 0.532571
0.940722 0.186727 0.283154
0.424304 0.853467 0.30259
0.582184 0.399259 0.708276
5.30069e-08 0.152408 0.988318
1.57348e-06 0.911118 0.412145
0.153595 0.671002 0.725372
0.457865 0.761333 0.459056
0.650396 0.759705 0.000106589
0.46628 0.46308 0.753751
0.640997 0.507312 0.575984
0.447123 0.894473 5.52869e-05
4.37871e-07 0.253548 0.967323
0.620127 0.28111 0.732407
0.441357 0.147041 0.885202
0.595417 0.595541 0.539267
0.645314 0.645449 0.408614
0.572503 0.746906 0.338189
1.07544e-06 0.622732 0.782436
0.458184 0.692855 0.556794
0.706374 0.470348 0.52897
0.969906 4.67887e-05 0.243481
0.964358 0.2646 5.52869e-05
0.841041 0.540971 4.82542e-05
0.702136 0.0890885 0.706448
0.389269 0.388711 0.835089
0.668058 5.32638e-07 0.744109
0.531346 0.531457 0.659715
0.73463 7.77438e-05 0.678486
0.485513 0.812274 0.323245
0.33736 0.749966 0.568981
0.921146 0.389217 0.000118963
6.72653e-06 0.879723 0.475487
0.604792 2.91754e-05 0.796383
0.844227 0.429037 0.32126
0.50831 0.336637 0.792651
0.875905 0.482483 4.82542e-05
0.535066 0.654033 0.534738
1.45144e-06 0.84045 0.54189
0.904233 0.0830162 0.418892
0.261118 0.473874 0.840988
2.31018e-05 3.07009e-05 1
