0.259676 0.137747 0.102577
0.157952 0.187416 0.154632
0.317158 1.2144e-06 0.182841
0.382973 0.0868405 0.0301866
0.103063 0.207594 0.189342
0.140207 0.0684042 0.291388
0.310607 0.17464 0.0147528
0.250176 0.23352 0.0163037
0.350677 0.10015 0.0491724
4.24326e-05 0.499917 4.10427e-05
0.10562 0.0515297 0.342851
0.362898 0.1371 1.71287e-06
0.1207 0.120473 0.258828
0.27616 0.189434 0.034406
0.033556 0.32638 0.140064
0.326434 0.139274 0.0342925
0.151621 0.332075 0.0163037
0.276509 0.103104 0.120589
0.0263194 0.47364 4.10427e-05
0.275668 0.15584 0.0684958
2.20185e-06 0.0336762 0.466567
3.32531e-05 0.238861 0.261105
1.67942e-05 0.19786 0.302123
0.143998 0.253538 0.102464
0.268357 0.0165419 0.215101
0.161432 0.103761 0.234807
0.0868941 0.0858179 0.327288
2.93603e-05 0.345906 0.154065
0.277947 0.0512506 0.170803
0.121564 0.15279 0.225646
0.189924 0.189874 0.120202
0.32691 0.0515494 0.121541
0.0518599 0.362119 0.0860216
2.69611e-05 0.31764 0.182333
0.499996 1.91449e-06 1.71287e-06
0.0506564 0.236526 0.212817
0.0494237 0.0167217 0.433855
0.0344346 0.155182 0.310383
0.0859566 0.256738 0.157305
0.246976 0.101197 0.151828
0.451023 1.72697e-06 0.0489753
0.184114 0.299245 0.016641
0.194682 0.254452 0.0508663
3.33979e-05 0.393474 0.106492
0.292118 0.0694795 0.138403
0.344989 1.32097e-06 0.15501
1.31431e-05 0.154844 0.345143
0.223804 0.154913 0.121283
0.399217 0.100781 1.71287e-06
0.185703 0.0338077 0.280489
0.120989 0.240608 0.138403
0.0501018 0.11946 0.330438
0.0693397 0.396506 0.0341546
0.144926 0.158501 0.196573
0.190531 0.0687412 0.240728
0.201259 7.70623e-07 0.29874
0.383447 0.049605 0.0669481
0.164576 0.267557 0.0678671
0.221703 0.0853634 0.192934
0.175116 0.222278 0.102606
0.0846519 0.137607 0.277741
0.101615 0.292453 0.105932
9.67165e-06 0.113121 0.38687
0.103611 0.396387 1.71287e-06
0.0686802 0.328255 0.103065
0.034419 0.208038 0.257543
0.31003 0.103648 0.0863216
0.103526 0.103332 0.293142
0.433598 0.0332077 0.0331953
2.32758e-05 0.274222 0.225755
0.234361 0.197708 0.0679313
0.0337005 0.102065 0.364235
4.50201e-05 4.87581e-05 0.499906
0.1538 0.0162096 0.32999
0.0332781 1.27422e-07 0.466722
0.228332 0.0509121 0.220756
0.0861793 0.189893 0.223928
0.101654 0.346393 0.0519527
0.103441 3.96078e-07 0.396558
0.231835 0.268164 1.71287e-06
0.381096 1.45922e-06 0.118903
0.12263 0.309108 0.0682619
0.396683 0.0172951 0.0860216
0.417807 0.0661738 0.0160191
0.34971 0.0668629 0.0834268
0.0303731 0.276938 0.192689
0.0686982 0.292886 0.138416
0.132747 5.0829e-07 0.367252
0.0657316 0.049928 0.38434
0.277411 0.222548 4.10427e-05
0.0155391 0.417028 0.0674327
0.13851 0.361449 4.10427e-05
0.251577 9.63292e-07 0.248422
0.0172596 0.0695156 0.413225
0.0472876 0.43602 0.0166927
0.452359 0.0475995 4.10427e-05
3.9626e-05 0.466851 0.0331097
0.0494737 0.169868 0.280658
0.196916 0.123121 0.179963
0.205884 0.208094 0.0860216
