0.228363 3.5808
0.0202294 3.97594
0.820416 2.36528
0.800957 2.43516
0.105847 3.80522
0.0336208 3.9559
0.848023 2.31208
0.76377 2.63083
0.0848594 3.85428
0.075594 3.87499
0.0999575 3.8192
0.0466858 3.93343
0.0269528 3.96627
0.0101238 3.98891
0.0661671 3.89519
0.0402539 3.94484
0.774826 2.56524
0.000159202 3.99984
0.0596639 3.90853
0.740032 2.78815
0.766034 2.61693
0.688653 3.16971
0.131733 3.74361
0.779492 2.5393
0.126021 3.75709
0.0909435 3.84031
0.663426 3.35686
0.858216 2.30709
0.15401 3.69307
0.647585 3.46828
0.111711 3.79123
0.710977 3.00128
0.753203 2.69848
0.726274 2.88689
0.760909 2.64891
0.677852 3.25084
0.0533107 3.92102
0.692586 3.13994
0.181579 3.63863
0.14293 3.71774
0.655419 3.41397
0.640291 3.51724
0.204065 3.60442
0.170504 3.6591
0.734662 2.82611
0.187141 3.62919
0.758045 2.66687
0.159514 3.68134
0.755646 2.68259
0.148445 3.70529
0.13734 3.73063
0.798498 2.44567
0.713933 2.97852
0.806128 2.41417
0.671563 3.29752
0.238041 3.57578
0.644023 3.49257
0.793778 2.46703
0.811339 2.39469
0.198462 3.61192
0.165022 3.66998
0.73737 2.80688
0.717272 2.9535
0.788885 2.49056
0.835502 2.32923
0.768357 2.60297
0.720341 2.93062
0.667797 3.32628
0.750752 2.71482
0.176053 3.64869
0.814083 2.38526
0.117507 3.77738
0.192698 3.62038
0.77248 2.57868
0.746232 2.74522
0.652168 3.43667
0.703546 3.0572
0.742988 2.76752
0.777157 2.55215
0.707253 3.02883
0.21322 3.59376
0.723333 2.90846
0.827282 2.3468
0.731954 2.84586
0.786436 2.50281
0.675358 3.26944
0.68465 3.19992
0.696332 3.1115
0.840845 2.32044
0.781823 2.52704
0.729222 2.8654
0.823713 2.35598
0.817312 2.37474
0.221997 3.58551
0.635108 3.55106
0.680464 3.23136
0.831088 2.33803
0.700191 3.08246
0.658673 3.39091
0.25141 3.57319
