0.862006 0.506898 9.69004e-05
0.409958 0.911004 0.0447891
0.796725 0.454134 0.398738
0.843352 0.474058 0.253032
0.447183 4.07443e-05 0.894512
0.464164 0.464939 0.753912
0.744036 0.572961 0.343695
0.734931 0.507408 0.449904
0.519348 0.57209 0.634815
0.831188 7.57323e-05 0.555992
0.756978 6.89708e-05 0.65346
2.54713e-06 0.447117 0.894476
0.894707 8.15198e-05 0.446653
0.316159 0.874466 0.367904
0.233997 2.13203e-05 0.972237
0.980587 8.93446e-05 0.196083
0.658396 0.752671 9.69004e-05
0.388581 0.495675 0.776731
0.629969 0.456576 0.628234
0.287444 0.957797 9.69004e-05
0.289084 2.63394e-05 0.957304
0.341288 0.939959 9.69004e-05
0.731366 0.0461388 0.680423
0.508349 0.338414 0.791869
0.529269 0.704873 0.472259
0.261541 0.841694 0.472384
0.755696 0.654922 2.61694e-05
8.07675e-05 0.975199 0.221329
8.28215e-05 1 4.74825e-05
0.921238 0.389 9.69004e-05
0.755859 0.401154 0.517449
0.783906 0.271164 0.558535
3.79666e-05 0.757289 0.65308
0.486307 0.811625 0.323684
0.55495 5.05634e-05 0.831884
0.57178 0.745277 0.342972
5.10428e-05 0.616298 0.787513
0.042817 0.732349 0.679582
7.84376e-05 0.947068 0.321033
0.401033 0.753391 0.521129
0.500964 4.56445e-05 0.865468
0.300925 0.300435 0.905087
2.17504e-07 0.861875 0.50712
0.380719 0.816277 0.434448
0.00275658 0.680387 0.732848
0.332949 0.724387 0.603663
0.241227 0.925519 0.291933
0.680673 0.678351 0.276629
0.793445 0.608642 9.69004e-05
0.894281 0.447505 4.22579e-05
1.94546e-05 0.388045 0.92164
0.488142 0.872764 9.69004e-05
1.45184e-05 0.289588 0.957152
0.832104 0.55462 9.69004e-05
0.381467 3.47567e-05 0.924382
0.913552 0.035939 0.405131
0.694567 0.341681 0.633111
0.980679 0.195625 9.69004e-05
0.424771 0.848248 0.316299
0.410089 0.644828 0.644999
2.88794e-06 0.506942 0.86198
4.54485e-05 0.548752 0.835985
0.873836 7.96181e-05 0.486221
7.40558e-05 0.894161 0.447745
0.925705 0.28981 0.243066
0.631723 0.212532 0.745491
0.644387 0.645464 0.410051
0.607515 0.794308 4.74825e-05
0.707488 0.706725 9.69004e-05
0.799767 7.28694e-05 0.600311
0.169148 0.985591 9.69004e-05
1 9.11133e-05 9.69004e-05
0.938908 8.55471e-05 0.344167
0.257107 0.415373 0.872561
0.51694 0.634392 0.574734
0.706201 0.470126 0.529397
0.608319 5.54259e-05 0.793693
0.44737 0.894349 2.61694e-05
0.416599 0.258142 0.871669
0.342479 0.571582 0.745656
0.036031 0.817547 0.574734
0.584566 0.403692 0.703786
1.09602e-06 0.192393 0.981318
0.839691 0.325866 0.434431
5.44562e-05 0.657513 0.753443
0.576735 0.630746 0.519168
4.61806e-05 0.921127 0.389263
1.00398e-05 0.707404 0.706809
0.475695 0.524005 0.706493
6.50954e-05 0.785972 0.618262
0.879714 0.360922 0.309579
0.599439 0.53368 0.596539
0.957772 0.287529 9.69004e-05
0.678125 6.17862e-05 0.734947
0.706648 6.43851e-05 0.707565
0.55481 0.831977 4.74825e-05
9.88034e-05 9.36853e-05 1
0.371439 0.37206 0.85065
0.957264 8.72195e-05 0.289216
0.652956 0.591971 0.472461
