1 9.85741e-05
0.917809 0.397023
0.878687 0.477398
0.800532 0.599291
0.670159 0.742218
0.953576 0.301152
0.520073 0.854122
0.973698 0.227843
0.648466 0.761244
0.574522 0.818489
0.962449 0.271462
0.738794 0.673931
0.748217 0.663455
0.768813 0.639474
0.224861 0.974391
0.0480691 0.998844
0.564886 0.825169
0.721183 0.692745
0.821991 0.5695
0.992878 0.119136
0.403626 0.914924
0.756008 0.654562
0.214069 0.976818
0.120139 0.992757
0.776449 0.63018
0.19793 0.980216
0.429936 0.902859
0.970143 0.242535
0.805951 0.591982
0.788873 0.614556
0.0825889 0.996584
0.65711 0.753794
0.374922 0.927056
0.331479 0.943463
9.73016e-05 1
0.558596 0.82944
0.995521 0.094545
0.543251 0.83957
0.948685 0.316222
0.943461 0.331483
0.362338 0.932047
0.24222 0.970221
0.911524 0.411248
0.451688 0.892176
0.51301 0.858383
0.444475 0.895791
0.79395 0.607982
0.854643 0.519217
0.906294 0.422647
0.92415 0.382029
0.884326 0.46687
0.466046 0.884761
0.707084 0.70713
0.685143 0.728409
0.892144 0.451751
0.859956 0.510369
0.761229 0.648484
0.639386 0.768886
0.604497 0.796607
0.730675 0.682725
0.898591 0.438788
0.781566 0.623822
0.938035 0.346542
0.286051 0.958214
0.301144 0.953579
0.502845 0.864377
0.586272 0.810114
0.489314 0.872108
0.41597 0.909378
0.477348 0.878714
0.829067 0.559149
0.870965 0.491345
0.691062 0.722796
0.59583 0.80311
0.623835 0.781556
0.678276 0.734807
0.271521 0.962432
0.630198 0.776435
0.95817 0.2862
0.997487 0.0708489
0.532192 0.846623
0.977445 0.211192
0.615002 0.788526
0.848551 0.529113
0.144641 0.989484
0.256874 0.966445
0.985257 0.17108
0.390618 0.920553
0.839581 0.543234
0.316217 0.948687
0.966435 0.256912
0.699087 0.715037
0.989481 0.14466
0.714881 0.699246
0.931979 0.362512
0.81232 0.583212
0.866017 0.500015
0.347512 0.937675
0.980765 0.195194
0.171083 0.985257
