0.776353 0.630298
0.805966 0.591962
0.212428 0.977177
1 9.97114e-05
0.73413 0.679009
0.948685 0.316221
0.748191 0.663484
9.75932e-05 1
0.575853 0.817553
0.931639 0.363384
0.460883 0.887461
0.953581 0.301137
0.828773 0.559585
0.663538 0.748143
0.895791 0.444475
0.918456 0.395522
0.271431 0.962458
0.541926 0.840426
0.793947 0.607987
0.331288 0.943532
0.962432 0.271521
0.60797 0.79396
0.973664 0.228405
0.645708 0.763584
0.823304 0.567635
0.903745 0.428071
0.362503 0.931987
0.678208 0.73487
0.599081 0.800689
0.970264 0.242049
0.301138 0.953582
0.979688 0.200528
0.0593275 0.998239
0.911295 0.411754
0.387524 0.921866
0.742219 0.670157
0.837656 0.546199
0.427085 0.904223
0.197991 0.980204
0.286208 0.958168
0.982831 0.184509
0.854596 0.519293
0.70719 0.707065
0.444473 0.895792
0.69986 0.71428
0.81391 0.581859
0.532726 0.846288
0.509636 0.86039
0.71574 0.698367
0.614879 0.788633
0.0825875 0.996584
0.721962 0.691932
0.256903 0.966437
0.768929 0.639334
0.583532 0.812095
0.107978 0.994157
0.374661 0.927162
0.992813 0.119674
0.477244 0.878771
0.518886 0.854843
0.781563 0.623826
0.411771 0.911288
0.937682 0.347494
0.493892 0.869523
0.242496 0.970153
0.788565 0.614952
0.397057 0.917794
0.68514 0.728412
0.62387 0.781528
0.567424 0.823859
0.860223 0.509919
0.22662 0.973983
0.888966 0.457972
0.943407 0.331638
0.966436 0.256909
0.84433 0.535824
0.346866 0.937915
0.551255 0.834337
0.633043 0.774116
0.591984 0.80595
0.998844 0.048071
0.976821 0.21409
0.866045 0.499979
0.80071 0.599052
0.693099 0.720843
0.99659 0.0825881
0.761258 0.648449
0.92523 0.379407
0.958167 0.286209
0.184604 0.982813
0.669652 0.742675
0.316186 0.948697
0.882556 0.471184
0.985256 0.171084
0.989486 0.144631
0.131717 0.991287
0.654456 0.7561
0.875478 0.483608
0.157738 0.987481
0.756042 0.654523
