1.68617e-06 0.656446 0.754373
0.850487 0.373971 0.370577
5.85143e-13 0.32573 0.945463
1.55554e-06 0.605587 0.795779
0.939867 0.34154 8.79897e-05
0.575544 0.637893 0.511812
0.747232 0.336612 0.573091
0.744316 0.573251 0.342603
0.655265 1.62883e-05 0.755399
0.708888 1.26224e-24 0.705446
2.53896e-06 0.988447 0.151568
0.83206 8.07497e-05 0.554686
0.249517 0.290376 0.923809
0.89492 0.446228 3.51128e-23
2.03276e-06 0.791374 0.611332
0.0360906 0.732999 0.679288
2.56864e-06 1 8.79897e-05
0.813272 0.489433 0.314712
0.410115 0.643294 0.646513
0.877042 0.409498 0.25186
8.79796e-08 0.706689 0.707524
0.623998 0.277666 0.73043
0.000119736 0.50243 0.864618
0.372868 0.370866 0.850545
0.378624 0.844389 0.379114
0.240866 0.970622 6.01284e-22
0.571614 0.745307 0.343183
0.413257 0.259898 0.872738
6.49375e-07 0.252809 0.967609
0.448455 1.50798e-17 0.893806
0.873215 0.258617 0.415534
0.343025 0.744266 0.573063
0.782324 0.447783 0.432966
4.82326e-11 0.970091 0.242822
0.461724 0.464955 0.755399
0.409618 0.911163 0.0446761
0.242075 2.40892e-05 0.970258
0.44779 0.686628 0.573224
0.344776 0.575123 0.741864
0.655082 0.755892 7.34591e-24
0.257259 0.873227 0.413876
0.447523 0.894274 8.93358e-22
0.682819 0.730614 9.70444e-05
0.597984 2.02136e-25 0.801533
0.552416 9.02365e-05 0.833569
0.75118 0.660424 1.0636e-05
0.812493 0.319473 0.487639
0.388014 0.499244 0.774726
0.643212 0.644854 0.412846
0.831387 0.555707 8.79904e-05
0.646611 0.411045 0.644292
0.970338 8.86359e-05 0.241752
0.492697 0.870201 7.93736e-05
0.731526 0.027365 0.681265
0.496931 4.82262e-05 0.86779
6.88856e-13 0.383464 0.923556
0.884937 5.13529e-06 0.46571
0.602885 0.797828 8.79897e-05
1.83487e-07 0.755684 0.654936
3.42909e-05 4.37257e-05 1
0.93948 4.46454e-23 0.342603
0.26129 0.473468 0.841163
0.733723 0.506859 0.452487
0.961845 0.273594 3.99791e-05
1 9.70479e-05 9.70426e-05
0.560155 0.390768 0.73043
3.49994e-10 0.149034 0.988832
0.794796 0.606877 9.77733e-05
0.461736 0.757636 0.46224
0.799086 3.91817e-13 0.601297
2.15826e-09 0.919029 0.395409
0.986641 0.0374418 0.15855
0.757612 3.04577e-05 0.65272
0.707411 0.706803 2.29266e-05
0.978936 0.200363 0.0392415
0.862003 1.37418e-05 0.506904
0.556316 0.830971 5.97959e-05
0.922561 0.386558 8.80137e-05
0.90482 0.303121 0.299049
0.341944 0.939898 3.48764e-25
0.72872 0.456883 0.512372
1.42413e-06 0.554429 0.832852
2.29648e-06 0.894044 0.447995
0.487225 0.812743 0.319724
2.1372e-06 0.832036 0.554721
0.533058 0.598802 0.597734
0.653187 0.538056 0.532768
0.488045 0.321937 0.811276
0.243161 0.925928 0.291588
0.863016 0.505176 5.97959e-05
1.42656e-08 0.939805 0.34175
0.585261 0.467322 0.662634
4.29018e-11 0.862876 0.505416
1.22165e-12 0.680052 0.733164
0.462304 0.538006 0.705205
0.536273 0.703382 0.467492
6.60781e-05 0.44695 0.894726
0.347583 5.59439e-05 0.937649
0.913635 2.72855e-08 0.406535
0.338629 0.791576 0.508693
