0.774077 0.633091
0.493496 0.86976
0.943474 0.331446
0.859952 0.510375
0.707657 0.706556
0.805954 0.591978
0.849963 0.526842
0.732698 0.680553
0.451796 0.892121
0.768811 0.639477
0.903741 0.428079
0.698685 0.715429
0.792975 0.609254
0.271485 0.962443
0.623821 0.781567
0.607966 0.793963
0.331427 0.943481
0.477391 0.878691
0.372143 0.928175
0.510371 0.859954
0.467585 0.883948
0.991278 0.131784
0.812117 0.583518
0.654935 0.755686
0.96245 0.271458
0.684368 0.729137
0.395522 0.918456
0.34753 0.937669
0.575324 0.817926
0.89579 0.444478
0.84154 0.540195
0.670156 0.74222
0.95368 0.300823
0.966424 0.256954
0.200581 0.979677
0.585858 0.810414
0.531994 0.846925
9.59516e-05 1
0.38871 0.92136
0.979672 0.200608
0.740486 0.672615
0.982805 0.184645
0.428073 0.903744
0.887442 0.46092
0.976763 0.214323
0.748523 0.663109
0.865885 0.500244
0.242464 0.97016
0.0945315 0.995522
0.615193 0.788405
0.799964 0.600048
0.75591 0.654676
0.91199 0.410212
0.0708569 0.997486
0.781572 0.623815
0.503025 0.864272
0.948685 0.316221
0.171084 0.985256
0.933347 0.359249
0.225432 0.974259
0.878695 0.477383
0.714272 0.699868
0.663517 0.748161
0.833893 0.552174
0.958167 0.286211
0.55959 0.82877
0.648431 0.761273
0.921976 0.387247
0.994289 0.106725
0.724297 0.689488
0.599686 0.800235
0.972949 0.231022
0.917916 0.396776
0.987478 0.157759
0.541136 0.840963
0.630228 0.776414
0.362876 0.931837
0.549037 0.835812
0.677888 0.735165
0.818416 0.574627
0.438684 0.898642
0.519783 0.854298
0.692848 0.721084
0.256915 0.966442
0.409655 0.91224
0.997486 0.0708594
1 9.99003e-05
0.761263 0.648443
0.316215 0.948688
0.567394 0.823453
0.301112 0.953589
0.144655 0.989482
0.937673 0.347519
0.285688 0.958323
0.119133 0.992878
0.639356 0.768911
0.184537 0.982826
0.927089 0.37484
0.873317 0.487152
0.825224 0.564806
