0.8594 0.169317 3.96842
0.00506035 0.859398 4.3017
0.102573 0.188505 5.44387
0.755356 0.859402 2.99126
0.765166 0.00024129 4.62198
0.799788 0.859402 2.74716
0.708085 0.100608 4.84013
0.0858533 0.859398 4.15902
1.41278e-05 0.105661 5.80565
0.204845 0.25141 5.17662
0.714873 2.91573e-05 4.97137
0.237225 0.812621 3.967
0.795177 2.91573e-05 4.46197
0.68262 0.858243 3.52307
0.673148 0.25141 4.85971
0.788935 0.0835455 4.36321
0.738318 0.182323 4.43764
0.688642 0.774813 3.73503
0.820271 0.859405 2.67267
0.859401 0.80416 2.72889
0.214145 0.859398 3.8998
0.181145 0.737236 4.45068
0.8594 0.688879 3.47517
0.857965 0.682487 3.52344
0.71404 0.251415 4.55083
5.21857e-05 0.807344 4.40936
0.251432 0.204911 5.17654
0.8594 0.121675 4.07443
0.000255191 0.859398 4.30675
0.8594 0.730667 3.16185
0.851757 0.859518 2.61646
0.859401 0.153999 4.0001
0.153977 0.859351 4.00015
0.16924 0.859513 3.96858
0.769873 0.772263 3.17442
0.85952 0.774813 2.87228
0.699641 0.858092 3.39417
0.8594 0.657081 3.7092
0.738563 0.859015 3.10561
0.8594 0.0858693 4.15898
9.54915e-05 0.000268988 5.99963
0.730695 0.859392 3.16179
0.748975 0.251411 4.29976
0.20064 0.708975 4.62489
0.859582 0.820447 2.67219
0.672654 0.110801 5.08464
0.669693 0.859285 3.61833
0.859401 0.251412 3.8802
0.696443 0.698532 4.20937
0.860056 0.66971 3.61832
0.774824 0.859405 2.87221
0.105892 0.100401 5.62327
5.21857e-05 0.209887 5.59735
0.708977 0.859403 3.32295
0.219883 0.665892 4.92792
0.160371 0.811419 4.07456
0.859536 0.708975 3.32296
0.731415 0.804518 3.27047
0.857628 0.858742 2.61415
0.251412 0.859401 3.8802
0.859401 0.188564 3.93388
0.859401 0.646946 3.77961
0.188469 0.859402 3.93403
0.688917 0.859565 3.47486
0.8594 0.853705 2.61528
9.54915e-05 0.724486 4.90054
0.106275 0.25141 5.3774
0.130859 0.859491 4.05267
0.859401 0.699549 3.39519
9.54915e-05 0.756809 4.67474
9.54915e-05 0.679007 5.24263
0.647014 0.85943 3.77915
0.204069 0.102752 5.41699
0.838368 0.769553 2.92192
0.859461 0.755338 2.99138
0.251412 0.749139 4.29865
0.786287 0.859398 2.81057
0.859381 0.738446 3.10628
0.8595 0.786368 2.8101
0.657133 0.85949 3.7092
0.0955004 2.91573e-05 5.82966
0.201773 0.188468 5.23443
0.859146 0.00024129 4.30677
0.797439 0.166894 4.11758
0.771547 0.251423 4.15726
0.792995 0.7091 3.48655
0.672208 2.91573e-05 5.30218
0.251412 0.251411 5.14639
0.759548 0.6603 4.03672
0.107991 0.859353 4.10712
0.859401 0.214211 3.89979
0.251513 0.771572 4.15711
0.803576 0.803412 2.85153
0.251448 0.683814 4.77935
0.210939 0.00024129 5.59598
0.859401 0.100611 4.12466
0.769792 0.836955 2.92106
0.699735 0.188564 4.71265
0.738319 0.738597 3.5985
0.823559 0.246473 3.93187
