0.601294 0.601294 0.526205
0.192422 0.192422 0.962262
0.676733 0.676733 0.289939
0.502519 0.502519 0.703526
0.26489 0.26489 0.927182
0.389492 0.389492 0.834621
0.0350917 0.0350917 0.998768
0.254442 0.254442 0.933016
0.219362 0.219362 0.950663
0.0901578 0.0901578 0.991838
0.0989999 0.0989999 0.990151
0.680415 0.680415 0.272159
0.615488 0.615488 0.492289
0.506991 0.506991 0.69708
0.577361 0.577361 0.577328
0.631167 0.631167 0.45084
0.609207 0.609207 0.507675
0.523211 0.523211 0.672682
0.386478 0.386478 0.837419
9.93509e-05 9.93509e-05 1
0.246611 0.246611 0.937212
0.514486 0.514486 0.686009
0.0764363 0.0764363 0.99414
0.596553 0.596553 0.536888
0.123087 0.123087 0.984733
0.658151 0.658151 0.365614
0.449957 0.449957 0.771413
0.707107 0.707107 0.000127037
0.539172 0.539172 0.646984
0.315705 0.315705 0.894797
0.534995 0.534995 0.653881
0.276172 0.276172 0.920575
0.176089 0.176089 0.968496
0.150318 0.150318 0.977143
0.130994 0.130994 0.982691
0.282118 0.282118 0.916962
0.598686 0.598686 0.532119
0.473022 0.473022 0.743304
0.32338 0.32338 0.889298
0.37628 0.37628 0.846656
0.655664 0.655664 0.374445
0.624697 0.624697 0.468516
0.431915 0.431915 0.791769
0.468195 0.468195 0.749391
0.497448 0.497448 0.710698
0.691732 0.691732 0.207398
0.0827441 0.0827441 0.99313
0.382348 0.382348 0.841202
0.702262 0.702262 0.116857
0.674596 0.674596 0.299732
0.235701 0.235701 0.94281
0.181224 0.181224 0.9666
0.644835 0.644835 0.410337
0.706209 0.706209 0.0503874
0.68483 0.68483 0.249027
0.688253 0.688253 0.229378
0.109757 0.109757 0.98788
0.553366 0.553366 0.622554
0.0663648 0.0663648 0.995586
0.457484 0.457484 0.762506
0.678279 0.678279 0.282621
0.646765 0.646765 0.404216
0.666703 0.666703 0.333188
0.696312 0.696312 0.174064
0.331295 0.331295 0.883452
0.550044 0.550044 0.628414
0.683499 0.683499 0.256238
0.703529 0.703529 0.10047
0.444428 0.444428 0.777797
0.201666 0.201666 0.958468
0.529812 0.529812 0.662268
0.485085 0.485085 0.727588
0.659741 0.659741 0.359837
0.698541 0.698541 0.155181
0.428406 0.428406 0.795573
0.694317 0.694317 0.189336
0.65094 0.65094 0.390583
0.55602 0.55602 0.617806
0.408257 0.408257 0.816488
0.3015 0.3015 0.904541
0.35887 0.35887 0.861641
0.619606 0.619606 0.481848
0.337867 0.337867 0.87846
0.211982 0.211982 0.954006
0.366516 0.366516 0.85518
0.436825 0.436825 0.786364
0.464213 0.464213 0.754329
0.6396 0.6396 0.426408
0.271558 0.271558 0.923316
0.604718 0.604718 0.518297
0.545442 0.545442 0.636384
0.63372 0.63372 0.44362
0.0498382 0.0498382 0.997513
0.700145 0.700145 0.139978
0.171204 0.171204 0.970247
0.16221 0.16221 0.973332
0.348104 0.348104 0.87043
0.139996 0.139996 0.980205
0.70494 0.70494 0.0782288
0.693138 0.693138 0.197787
