0.679846 0.731991 0.0447003
7.66812e-05 0.796728 0.604338
0.585737 0.404445 0.702379
0.774146 0.499362 0.389019
0.766424 0.256524 0.588888
0.519143 0.753935 0.402583
0.964318 1.98942e-05 0.264747
0.880288 0.31106 0.358239
0.390964 8.0657e-06 0.920406
0.707365 0.706849 8.26785e-05
0.470569 0.527609 0.707244
0.832137 0.55457 3.4479e-05
3.83679e-05 0.398648 0.917104
0.322656 0.431816 0.842276
0.0427667 0.679552 0.73238
0.517704 0.575057 0.633476
0.409985 0.646039 0.643853
0.361656 0.879234 0.310086
0.894767 1.84593e-05 0.446533
0.815416 1.68223e-05 0.578875
2.67234e-05 0.957729 0.287672
0.760293 1.23879e-05 0.64958
0.599915 0.535325 0.594583
7.99192e-05 0.830371 0.557211
0.043364 0.465967 0.883739
1.82561e-05 0.654273 0.756258
0.939858 0.341566 3.4479e-05
0.980642 2.02309e-05 0.195809
0.91264 0.0434933 0.406444
0.657243 1.35591e-05 0.753679
0.262849 0.839313 0.475883
0.330438 6.55434e-06 0.943828
0.235877 0.23629 0.942618
0.793707 0.608301 8.26785e-05
0.644558 0.645339 0.409978
0.502309 1.03628e-05 0.864688
2.49905e-05 0.895625 0.444811
0.448829 9.25947e-06 0.893618
0.453836 0.398722 0.796903
0.706208 0.470199 0.529324
0.509486 0.447573 0.734917
0.388188 0.499049 0.774765
0.840691 0.263182 0.473259
5.8374e-05 0.606513 0.795073
0.957881 0.287165 8.26785e-05
4.87558e-05 0.506579 0.862193
0.287612 0.957747 4.19249e-05
0.149945 6.3312e-06 0.988694
0.925209 0.242447 0.291903
0.413099 0.257422 0.873547
0.553305 1.14149e-05 0.832979
0.938709 1.93659e-05 0.344709
0.409964 0.911006 0.0447003
0.911529 0.411236 8.26785e-05
0.731634 0.680231 0.0447003
2.73195e-05 0.979092 0.203416
0.48712 0.324281 0.810898
0.626734 0.271891 0.73026
0.469918 0.705417 0.530626
0.443426 0.831802 0.333884
0.554393 0.832255 8.26785e-05
0.342617 0.745339 0.571912
0.79817 0.396801 0.453292
2.1113e-05 0.756662 0.653807
0.342094 0.939666 3.4479e-05
8.87023e-05 0.921628 0.388073
0.490256 0.871579 8.26785e-05
0.629309 0.45594 0.629356
0.568565 0.794945 0.211651
0.603434 1.2449e-05 0.797413
0.0462071 0.732352 0.679357
1.84339e-05 0.193079 0.981183
0.304188 0.30352 0.902965
0.252056 5.19999e-06 0.967713
0.396554 0.79835 0.453192
0.653822 0.591096 0.472359
0.533973 0.654326 0.535472
2.40552e-05 0.862104 0.506732
0.731605 0.0282837 0.681142
0.343146 0.572829 0.744391
0.744294 0.573419 0.342371
0.655262 0.755402 4.19249e-05
0.980596 0.19604 3.4479e-05
0.865972 0.500093 4.19249e-05
9.62452e-05 1 8.26785e-05
0.604126 0.724098 0.332738
0.707839 1.46029e-05 0.706374
9.13029e-05 6.72795e-05 1
0.84875 0.423818 0.31623
1 2.06303e-05 4.19249e-05
2.74879e-05 0.285603 0.958348
1.97246e-05 0.706902 0.707311
0.755773 0.654834 8.26785e-05
0.692727 0.33993 0.636063
0.197207 0.980362 8.26785e-05
0.446475 0.894796 8.26785e-05
5.29591e-05 0.554701 0.83205
0.861658 1.70912e-05 0.507489
0.24597 0.903232 0.35167
0.608532 0.79353 5.89141e-05
