4.21549e-06 0.0689354 0.43106
3.05723e-05 0.499945 2.4195e-05
0.142743 0.357224 3.35696e-05
3.54707e-05 1.08055e-05 0.499954
0.0499959 0.033281 0.416723
0.250202 1.13815e-05 0.249786
0.0344175 0.0859635 0.379619
0.2018 0.0698146 0.228385
0.188214 0.243783 0.0680034
0.396782 1.80493e-05 0.1032
0.277368 0.0515948 0.171038
0.100257 0.383457 0.0162862
0.123374 0.23837 0.138256
0.0504432 0.231293 0.218264
0.146442 0.160225 0.193333
0.310672 0.103233 0.0860946
0.0160103 0.315164 0.168826
0.032872 0.467128 2.90923e-12
0.250602 0.249365 3.35696e-05
0.0837346 0.416241 2.4195e-05
0.399217 0.0683001 0.0324832
0.0737036 0.0498009 0.376496
0.15838 0.103531 0.238088
0.133582 0.297234 0.0691835
0.18934 0.189701 0.12096
0.033147 1.50783e-06 0.466851
0.10497 0.104863 0.290167
0.415847 0.016788 0.0673646
7.2474e-06 0.118516 0.381477
0.136045 6.18857e-06 0.363949
0.0860495 0.257438 0.15663
0.174271 0.221427 0.104302
0.0692205 0.29252 0.138259
1.82306e-05 0.298123 0.201859
0.120137 0.328224 0.0516388
0.194218 8.83481e-06 0.305774
0.449997 2.047e-05 0.0499824
0.137112 0.0671188 0.295769
0.0342803 0.397716 0.0680034
0.212922 0.270535 0.0165428
0.0654372 2.97669e-06 0.43456
0.347648 0.101667 0.0506851
1.53962e-05 0.251772 0.248213
0.0336451 0.270362 0.195993
0.210572 0.140172 0.149255
0.307544 0.0521383 0.140318
0.287674 1.30861e-05 0.212313
0.171492 0.277012 0.0514964
0.344963 0.155004 3.35696e-05
0.293533 0.206443 2.4195e-05
0.0117175 0.133483 0.354799
0.380746 0.119235 1.88243e-05
0.0165482 0.0333016 0.45015
0.101899 0.205248 0.192854
0.345774 1.5729e-05 0.15421
0.0692695 0.189983 0.240748
0.0838813 0.150232 0.265887
0.051898 0.32668 0.121422
0.0688809 0.345037 0.0860822
0.0851651 0.3089 0.105935
2.20454e-05 0.360506 0.139472
0.292906 0.155408 0.0516863
0.312212 0.017201 0.170587
0.366564 0.0160036 0.117432
0.18346 0.316506 3.35696e-05
0.0343228 0.155486 0.310192
0.450025 0.0499752 2.90923e-12
1.05708e-05 0.172863 0.327127
0.0476081 0.437721 0.0146714
0.467262 0.0165554 0.0161829
0.23739 0.0678112 0.194798
0.120267 0.0342268 0.345506
0.233955 0.0320656 0.233979
0.0145567 0.38158 0.103864
0.199734 0.118955 0.181311
0.237322 0.211138 0.0515398
0.0677801 0.0863529 0.345867
1.29212e-05 0.211299 0.288689
0.124774 0.142664 0.232561
0.416433 0.083543 2.4195e-05
0.293853 0.0859775 0.12017
0.100495 4.57145e-06 0.3995
0.138164 0.206659 0.155177
0.0860795 0.362282 0.0516382
0.350059 0.066667 0.0832744
2.75068e-05 0.449815 0.0501572
0.0510662 0.173758 0.275176
0.326408 0.139287 0.0343052
0.382078 0.0505574 0.0673646
0.499944 2.27421e-05 3.35696e-05
0.257852 0.102719 0.139429
0.276189 0.189362 0.034449
0.174912 0.0509498 0.274138
0.241316 0.172391 0.0862926
0.258912 0.137924 0.103164
0.171876 0.172946 0.155177
0.156724 0.016521 0.326755
2.54604e-05 0.416351 0.0836236
0.0504987 0.119488 0.330013
0.13749 0.256453 0.106057
