0.155918 1.15217e-16 0.987808
0.235616 0.971963 0
0.616662 0.397944 0.681006
0.685126 0.571134 0.452115
0.316521 0.894326 0.316221
0.921595 0.388154 3.09236e-14
0.681289 0.731639 0.0234517
0.386242 0.624395 0.678931
0.654447 0.756896 1.70408e-19
0.163158 0.984283 0.0675815
0.570395 0.682499 0.456996
0.510466 0.763905 0.394874
0.571237 0.745173 0.344577
0.880588 0.307834 0.36032
5.82614e-09 0.956651 0.291322
0.358831 4.12292e-11 0.933942
6.4335e-11 0.920024 0.392064
0.343398 0.572695 0.744378
0.884071 0.467353 0
0.497528 5.71653e-11 0.867565
0.925829 0.292325 0.239554
0.297814 3.42184e-11 0.954667
2.76581e-10 0.980526 0.196392
7.04091e-16 0.505268 0.862962
8.0149e-11 0.448034 0.894016
0.241845 2.76872e-05 0.970315
0.628324 0.0291219 0.777406
0.0388142 0.679515 0.732792
0.493867 0.869538 0
1.96333e-05 0.654709 0.755929
0.468905 0.595678 0.654513
0.526388 0.468288 0.709663
0.834546 0.440833 0.330452
5.89165e-05 6.86472e-05 1
0.242895 0.926341 0.292356
0.724117 0.151102 0.673099
0.432818 0.841713 0.322781
1.85985e-17 0.303737 0.952756
0.380693 0.816217 0.434584
0.341229 0.699364 0.628055
0.409704 0.911114 0.0451204
0.580722 0.3409 0.739445
0.243416 0.292415 0.924793
4.64472e-17 0.75854 0.651626
0.980814 0.194946 6.1942e-15
0.958653 0.285051 8.51645e-20
4.96521e-13 0.861948 0.507905
6.12323e-17 1 0
0.477655 0.262064 0.838766
0.382897 0.499485 0.777423
0.848485 0.52922 1.87337e-18
0.798113 0.398741 0.451688
0.775246 7.45305e-17 0.631659
0.805119 0.593113 3.10298e-16
0.35595 0.312704 0.881045
0.607219 0.794535 1.70306e-19
0.680884 6.54655e-11 0.732582
0.427915 0.0410662 0.902885
4.87356e-17 0.795913 0.605453
0.588127 1.242e-17 0.808971
1 0 0
0.762557 0.646921 3.38773e-15
0.0257324 0.73256 0.680265
0.55685 0.830613 0
0.258302 0.873242 0.413193
0.644833 0.644961 0.410487
0.591789 0.539867 0.599101
0.687931 0.341184 0.645808
1.33933e-13 0.20362 0.97905
4.31112e-09 0.707885 0.706329
0.987445 1.13456e-10 0.157963
5.08523e-17 0.830481 0.557048
0.710359 6.89397e-12 0.703978
0.441177 0.385992 0.810169
0.94019 2.74478e-12 0.340652
0.841397 0.262552 0.472352
0.893587 6.60323e-16 0.448908
0.818784 3.39306e-11 0.574102
5.47707e-17 0.894473 0.447122
0.706396 0.707817 1.4476e-18
0.971541 0 0.238136
0.731144 0.681157 0.039708
0.285935 0.958257 0
0.444413 0.895822 8.5153e-20
0.758433 0.273801 0.593522
0.470889 0.705574 0.529555
0.392823 0.726235 0.564789
0.784185 0.555484 0.276571
0.912133 0.0435181 0.407579
5.70783e-12 0.388104 0.922393
0.62991 0.576519 0.520528
0.534258 0.653959 0.535665
0.707199 0.470922 0.527353
0.25518 0.41436 0.873607
0.849462 0 0.52769
3.74032e-17 0.610841 0.791753
0.753496 0.520312 0.402046
3.36575e-17 0.549669 0.835383
0.344414 0.938818 3.38773e-15
0.335286 0.793493 0.507972
