0.710822 3.00185
0.731926 2.84575
0.10585 3.80522
0.673445 3.28358
0.128915 3.75025
0.0402285 3.94488
0.644002 3.49253
0.0467834 3.93325
0.720374 2.93038
0.0303041 3.96116
0.000157684 3.99984
0.755599 2.68268
0.723349 2.90847
0.784156 2.51442
0.774814 2.56527
0.0101424 3.98889
0.779396 2.53977
0.717138 2.95447
0.228297 3.58085
0.0754787 3.87525
0.748181 2.73193
0.726262 2.88695
0.840687 2.32066
0.703518 3.05702
0.753197 2.69841
0.647577 3.46831
0.0939556 3.83334
0.696453 3.11059
0.657543 3.39894
0.7456 2.7495
0.85797 2.30709
0.181582 3.63863
0.835432 2.32931
0.680316 3.23242
0.791235 2.47901
0.059794 3.90826
0.76086 2.64899
0.750729 2.7148
0.206955 3.60084
0.811264 2.39497
0.117498 3.7774
0.713927 2.97849
0.251421 3.57319
0.781823 2.52682
0.237958 3.57581
0.081775 3.86127
0.123226 3.76373
0.817478 2.37416
0.768134 2.60426
0.198439 3.61195
0.808649 2.4045
0.734677 2.82602
0.823708 2.35597
0.803523 2.42487
0.653266 3.42903
0.192768 3.62027
0.770243 2.59173
0.772559 2.57821
0.156738 3.68721
0.831081 2.33803
0.0533581 3.92093
0.187146 3.62918
0.145712 3.71141
0.134535 3.73705
0.78651 2.50241
0.706781 3.03233
0.167796 3.66442
0.0202438 3.97592
0.0999542 3.81921
0.729133 2.86599
0.692582 3.13993
0.1733 3.65374
0.70002 3.08359
0.74004 2.78804
0.215905 3.59104
0.15123 3.69914
0.660768 3.37601
0.765089 2.6227
0.688638 3.16978
0.814552 2.38364
0.069335 3.88851
0.84838 2.31193
0.162278 3.67559
0.665837 3.33937
0.0879028 3.84732
0.796048 2.45656
0.777151 2.55213
0.111716 3.79125
0.641518 3.50912
0.742988 2.7675
0.737352 2.80698
0.63773 3.53406
0.684561 3.20054
0.676181 3.26326
0.827281 2.34679
0.668646 3.31888
0.649894 3.45242
0.757951 2.66748
0.800994 2.43496
0.140156 3.72404
