0.155433 0.328346 0.0162206
0.0658881 0.278291 0.155821
1.32542e-05 0.343778 0.156209
0.0843392 0.154182 0.261479
0.0511322 0.0511349 0.397733
0.0692685 0.136927 0.293804
0.195226 0.067503 0.237271
0.187661 0.0346127 0.277727
0.158336 0.0677365 0.273927
0.157566 0.187243 0.155191
4.94176e-05 0.240783 0.259168
0.0840724 0.309938 0.10599
0.346619 8.08419e-06 0.153373
0.448008 1.04489e-05 0.0519817
0.0161737 0.251361 0.232466
0.103762 0.172936 0.223302
0.0337683 0.397504 0.0687274
0.401299 0.0822749 0.0164263
0.103036 0.067297 0.329667
0.103367 0.223636 0.172998
0.146674 0.159642 0.193684
0.0659124 0.0143346 0.419753
0.0499957 0.120866 0.329138
7.3631e-06 0.146131 0.353865
0.138163 0.0517058 0.310131
0.136985 0.294655 0.0683597
1.21053e-05 0.313978 0.18601
0.171138 0.276866 0.0519954
0.2399 0.172817 0.0872832
0.219998 0.263782 0.0162206
0.223678 0.154681 0.121641
0.375365 0.124608 2.73e-05
0.119016 0.329908 0.0510757
0.239463 0.210032 0.0505055
0.0324586 0.467514 2.73e-05
0.0145904 0.451417 0.0339931
0.0495569 0.433911 0.0165318
0.191039 0.109192 0.199769
0.0688373 0.189621 0.241542
0.269311 0.230662 2.73e-05
0.396666 9.25142e-06 0.103325
1.67164e-05 0.433578 0.066405
0.253593 0.0519919 0.194416
0.0332936 0.365098 0.101609
7.47927e-06 0.193992 0.306001
0.154048 0.0154816 0.330471
0.159827 0.10182 0.238354
0.173392 0.223097 0.103511
0.232715 0.0334391 0.233846
0.180552 4.21102e-06 0.319443
0.316893 0.183079 2.73e-05
0.303736 0.0167943 0.179489
0.0344749 0.155394 0.310131
4.18051e-05 0.0669516 0.433015
0.294242 0.0669856 0.138773
0.0800812 0.419891 2.73e-05
0.189395 0.188991 0.121614
0.0500668 0.317455 0.132478
0.0686152 0.345204 0.0861806
1.92755e-05 0.499953 2.73e-05
0.449894 0.0500741 3.18314e-05
0.242992 1.61777e-05 0.256992
0.346873 0.101398 0.0517293
0.281051 1.87116e-05 0.21893
0.309914 0.103768 0.0863185
0.0320454 0.273535 0.19442
0.32492 0.0512272 0.123861
0.106243 2.47791e-06 0.393754
0.0172201 0.105039 0.377741
0.0124864 0.0326592 0.454854
0.326799 0.139332 0.0338694
0.103235 0.275151 0.121614
0.0336172 0.191746 0.274637
0.466471 0.0168605 0.0166686
0.0664359 0.228823 0.204741
0.134682 0.365286 3.18314e-05
0.259773 0.137286 0.102941
0.207962 0.206061 0.0859765
0.0683814 0.0861587 0.34546
0.189705 0.310263 3.18314e-05
0.349581 0.066865 0.0835538
0.0311089 7.25552e-07 0.46889
0.0838231 0.366283 0.0498935
0.293079 0.155359 0.0515616
0.227674 0.08543 0.186896
0.365154 0.0331733 0.101673
0.099687 0.383781 0.0165318
0.499935 3.32843e-05 3.18314e-05
0.114748 0.0335432 0.351708
0.383841 0.0674497 0.048709
0.136873 0.257102 0.106025
0.207369 0.137486 0.155145
0.103495 0.103594 0.292911
0.399529 0.033378 0.0670925
2.16076e-05 2.95278e-05 0.499949
0.121046 0.121162 0.257791
0.248755 0.102049 0.149196
0.276115 0.189892 0.0339931
1.47348e-05 0.38218 0.117805
0.119678 0.241858 0.138464
