0.451035 0.0489653
0.0279998 0.472
0.364796 0.135204
0.0229938 0.477006
0.0179881 0.482012
0.0330015 0.466998
0.216837 0.283163
0.00423898 0.495761
0.0129922 0.487008
0.415816 0.0841835
0.0539276 0.446072
0.17602 0.32398
0.410747 0.0892531
0.241841 0.258159
0.420991 0.0790094
0.436003 0.0639972
0.471999 0.0280007
0.354868 0.145132
0.380102 0.119898
0.395107 0.104893
0.0488819 0.451118
0.491071 0.00892874
0.0380425 0.461957
0.0590028 0.440997
0.431123 0.0688775
0.227041 0.272959
0.0689933 0.431007
0.440997 0.0590029
0.293367 0.206633
0.0790017 0.420998
0.232143 0.267857
0.0639735 0.436027
0.318878 0.181122
0.405612 0.0943879
0.344388 0.155612
0.4463 0.0537002
0.0891407 0.410859
0.369898 0.130102
0.0993294 0.400671
0.426021 0.0739795
0.334184 0.165816
0.268278 0.231722
0.499962 3.8091e-05
4.29808e-05 0.499957
0.196428 0.303572
0.221939 0.278061
0.456978 0.0430215
0.468112 0.0318879
0.191326 0.308674
0.283164 0.216836
0.477003 0.0229975
0.308674 0.191326
0.186014 0.313986
0.496173 0.00382663
0.14987 0.35013
0.32398 0.17602
0.487191 0.0128092
0.21177 0.28823
0.46301 0.0369897
0.00765307 0.492347
0.263278 0.236722
0.288265 0.211735
0.339286 0.160714
0.385204 0.114796
0.129799 0.370201
0.29847 0.20153
0.247449 0.252551
0.13511 0.36489
0.48202 0.0179801
0.257653 0.242347
0.104592 0.395408
0.0943878 0.405612
0.390306 0.109694
0.0840052 0.415995
0.34949 0.15051
0.170918 0.329082
0.0739799 0.42602
0.303572 0.196428
0.252551 0.247449
0.206633 0.293367
0.125 0.375
0.40051 0.0994896
0.114796 0.385204
0.329081 0.170919
0.313776 0.186224
0.278061 0.221939
0.119898 0.380102
0.155612 0.344388
0.0433674 0.456633
0.237245 0.262755
0.140306 0.359694
0.165817 0.334183
0.375 0.125
0.160715 0.339285
0.181123 0.318877
0.201531 0.298469
0.145408 0.354592
0.359887 0.140113
0.272959 0.227041
0.109694 0.390306
