0.995521 0.0945408
0.976952 0.213461
0.599216 0.800587
0.776445 0.630185
0.582503 0.812829
0.793858 0.608103
0.559573 0.828781
0.828788 0.559563
0.755941 0.65464
0.878699 0.477377
0.510397 0.859939
0.844181 0.536059
0.962455 0.271443
0.715813 0.698292
0.742776 0.66954
0.937868 0.346992
0.812364 0.58315
0.196961 0.980411
0.871634 0.490156
0.483999 0.875069
0.82229 0.569068
0.449005 0.893529
0.629217 0.77723
0.925804 0.378004
0.768853 0.639425
0.648436 0.761269
0.684163 0.729329
0.907755 0.419501
0.90333 0.428947
0.461004 0.887398
0.997489 0.0708252
0.931633 0.3634
0.228228 0.973608
0.428075 0.903743
0.57004 0.821617
0.989482 0.144658
0.286222 0.958163
0.692811 0.721119
0.438052 0.89895
0.407728 0.913104
0.892256 0.451529
0.256944 0.966426
0.362258 0.932078
0.520391 0.853928
8.92434e-05 1
0.953583 0.301131
0.639383 0.768888
0.748196 0.663478
0.966438 0.2569
0.948685 0.316222
0.611475 0.791263
0.805954 0.591978
0.85651 0.51613
0.834609 0.550843
0.972941 0.231056
0.474098 0.880472
0.419635 0.907693
0.734862 0.678217
0.985258 0.171075
0.591971 0.805959
0.346897 0.937903
0.301142 0.953579
0.980122 0.198396
0.620775 0.783989
0.242533 0.970143
0.394101 0.919067
0.547793 0.836614
0.663475 0.748198
0.65492 0.755698
0.761232 0.648479
0.958161 0.286229
0.943463 0.331477
0.89857 0.438829
0.970143 0.242533
0.699848 0.714292
0.992878 0.119132
0.849979 0.526816
0.184645 0.982805
0.726109 0.687579
0.887451 0.460901
0.498032 0.867158
0.706091 0.708121
0.33152 0.943448
0.673093 0.739558
1 9.35633e-05
0.214366 0.976753
0.0480548 0.998845
0.31621 0.948689
0.13176 0.991282
0.106723 0.994289
0.271452 0.962452
0.157748 0.987479
0.800747 0.599003
0.379401 0.925232
0.864602 0.502458
0.918456 0.395524
0.786317 0.617823
0.913549 0.406729
0.0825629 0.996586
0.533014 0.846106
