0.895792 0.444474
0.844588 0.535417
0.987478 0.157755
0.998238 0.0593411
0.685144 0.728407
0.224752 0.974416
0.859953 0.510373
0.793829 0.608141
0.575845 0.817559
0.0593515 0.998237
0.584193 0.811615
1 9.51786e-05
0.805951 0.591982
0.938005 0.346623
0.511989 0.858992
0.63948 0.768808
0.904525 0.426421
0.768858 0.63942
0.891101 0.453806
0.755998 0.654574
0.490257 0.871578
0.774803 0.632203
0.958168 0.286206
0.614714 0.78875
0.95358 0.30114
0.925231 0.379403
0.943353 0.33179
0.525959 0.85051
0.761278 0.648426
0.692595 0.721327
0.872926 0.487852
0.911291 0.411763
0.477389 0.878692
0.699855 0.714285
0.595749 0.803171
0.603157 0.797622
0.878692 0.477389
0.210167 0.977666
0.814739 0.579828
0.391603 0.920134
0.66327 0.74838
0.0945435 0.995521
0.346888 0.937907
0.119142 0.992877
0.242353 0.970188
0.301151 0.953577
0.564411 0.825494
0.707182 0.707032
0.970313 0.241854
0.454836 0.890575
0.866009 0.500029
0.991278 0.131787
0.835909 0.548868
0.256897 0.966439
0.966461 0.256813
0.724312 0.689472
0.431587 0.902071
0.271425 0.96246
0.669412 0.742892
0.885579 0.464488
0.14466 0.989481
0.535469 0.844555
9.60109e-05 1
0.557828 0.829956
0.28619 0.958173
0.82256 0.568678
0.982806 0.184639
0.331501 0.943455
0.85069 0.525668
0.171089 0.985255
0.800227 0.599697
0.931634 0.363399
0.678256 0.734826
0.962501 0.271279
0.654803 0.755799
0.733269 0.679938
0.184644 0.982805
0.467911 0.883776
0.379408 0.925229
0.948685 0.316222
0.996584 0.0825897
0.828767 0.559594
0.976136 0.217161
0.363403 0.931632
0.633293 0.773912
0.994288 0.10673
0.740422 0.672143
0.623822 0.781567
0.406599 0.913607
0.918459 0.395515
0.714287 0.699852
0.786328 0.617809
0.97974 0.200273
0.444467 0.895795
0.648389 0.761309
0.748206 0.663466
0.316228 0.948683
0.500094 0.865971
0.416579 0.9091
0.543252 0.83957
