0.761246 0.648463
0.699859 0.714281
0.895789 0.444479
0.962464 0.271409
0.995521 0.0945429
0.648416 0.761286
0.919828 0.392322
0.805983 0.591939
0.828741 0.559633
1 9.6207e-05
0.419282 0.907856
0.970155 0.242485
0.654582 0.755994
0.864274 0.503021
0.734817 0.678266
0.856638 0.515988
0.834088 0.551728
0.681119 0.732173
0.788713 0.614762
0.639425 0.768854
0.488882 0.87235
7.55741e-05 1
0.976121 0.217232
0.510398 0.859938
0.958191 0.286129
0.598886 0.800834
0.47733 0.878724
0.937917 0.346859
0.973626 0.228152
0.118654 0.992936
0.301105 0.953591
0.811674 0.584111
0.387883 0.921711
0.822762 0.568386
0.404052 0.914736
0.726363 0.687312
0.982814 0.184596
0.315983 0.948765
0.915128 0.403163
0.692842 0.72109
0.460909 0.887448
0.903739 0.428084
0.66352 0.748159
0.966434 0.256931
0.714365 0.699773
0.070709 0.997497
0.607997 0.79394
0.241005 0.970524
0.54189 0.840449
0.7689 0.639369
0.256913 0.966457
0.74265 0.66968
0.948691 0.316204
0.776325 0.630332
0.925706 0.378245
0.943462 0.331481
0.907816 0.419368
0.980128 0.198364
0.998373 0.0593521
0.379429 0.925221
0.989483 0.144646
0.781574 0.623812
0.887443 0.460917
0.614768 0.788795
0.144642 0.989487
0.171073 0.985338
0.567875 0.823115
0.849998 0.526786
0.19828 0.980146
0.559606 0.828759
0.551166 0.834527
0.449823 0.893118
0.987478 0.157757
0.670123 0.742251
0.873579 0.486683
0.591997 0.80594
0.623848 0.781546
0.226473 0.974017
0.748182 0.663493
0.931638 0.363388
0.75603 0.654537
0.992882 0.119102
0.362288 0.932091
0.331449 0.943473
0.499467 0.866333
0.0945232 0.995523
0.844601 0.535397
0.212394 0.977184
0.58369 0.812237
0.630151 0.776472
0.526868 0.849947
0.347291 0.937757
0.5195 0.85447
0.799849 0.600201
0.286207 0.958168
0.953606 0.301058
0.70713 0.707084
0.435493 0.900192
0.878689 0.477394
0.270497 0.962721
