0.755625 2.68251
0.201313 3.60801
0.0661523 3.89522
0.0402674 3.94481
0.811506 2.39411
0.740326 2.78616
0.827244 2.34687
0.684517 3.20088
0.0724784 3.88177
0.0969712 3.82624
0.0201894 3.97599
0.173283 3.65378
0.760433 2.65167
0.059794 3.90826
0.02695 3.96628
0.0848694 3.85426
0.788732 2.49159
0.682198 3.2183
0.0787078 3.86812
0.0101408 3.98889
0.803519 2.42448
0.767428 2.60849
0.777153 2.55212
0.0533355 3.921
0.706941 3.03112
0.000137209 3.99986
0.723311 2.90863
0.661733 3.36904
0.781727 2.52721
0.156757 3.68717
0.729215 2.8654
0.745876 2.74761
0.167736 3.66454
0.647581 3.46827
0.726261 2.88694
0.71717 2.95423
0.734651 2.82619
0.710631 3.00327
0.677659 3.25226
0.808647 2.4045
0.108786 3.79822
0.742983 2.76752
0.840692 2.32064
0.653224 3.42933
0.831088 2.33802
0.140146 3.72406
0.763005 2.63557
0.770122 2.59243
0.0909362 3.84032
0.184351 3.63386
0.753234 2.6982
0.814345 2.38433
0.786346 2.50317
0.0468354 3.93316
0.75804 2.66692
0.102922 3.81218
0.649909 3.45232
0.14571 3.71141
0.151245 3.69911
0.857933 2.30709
0.195616 3.61601
0.714141 2.97742
0.128901 3.75028
0.212955 3.59404
0.750735 2.71476
0.731915 2.84584
0.23835 3.57566
0.658466 3.39277
0.162273 3.67559
0.0336495 3.95586
0.673372 3.28412
0.796047 2.45656
0.699982 3.08384
0.774822 2.56524
0.134559 3.73699
0.640385 3.51662
0.224937 3.5832
0.178808 3.64356
0.847989 2.31211
0.206747 3.60109
0.666232 3.33651
0.800991 2.43496
0.189932 3.62468
0.114611 3.7843
0.120342 3.7706
0.823773 2.3558
0.69262 3.13967
0.791824 2.47619
0.737375 2.80681
0.637642 3.53463
0.670593 3.3046
0.748275 2.7313
0.696341 3.11147
0.644014 3.49248
0.688642 3.16975
0.720268 2.93118
0.818094 2.37225
0.835453 2.32927
0.703515 3.05704
0.251413 3.57319
