0.577359 0.816491
0.568069 0.822981
0.669761 0.742577
0.707056 0.707158
0.750787 0.660544
0.925228 0.379411
0.407962 0.912999
0.451397 0.892323
0.90582 0.423663
0.966421 0.256963
0.286182 0.958175
0.796093 0.605175
0.912066 0.410044
0.72841 0.685142
0.864278 0.503014
0.721063 0.692869
9.75797e-05 1
0.698734 0.715382
0.256758 0.966476
0.0708576 0.997486
0.560857 0.827913
0.858445 0.512905
0.603873 0.79708
0.991279 0.131783
0.331425 0.943481
0.633166 0.774016
0.812634 0.582775
0.614761 0.788713
0.585208 0.810883
0.977049 0.213014
0.467612 0.883934
0.953576 0.301154
0.958192 0.286126
0.885562 0.46452
0.678542 0.734562
0.520981 0.853569
0.648505 0.761211
0.228364 0.973576
0.973977 0.226648
0.998237 0.0593492
0.197676 0.980267
0.688702 0.725044
0.84456 0.535461
0.419224 0.907883
0.980213 0.197947
0.73475 0.678338
0.962436 0.27151
0.994288 0.106731
0.639477 0.768811
0.970147 0.242519
0.781565 0.623824
0.53494 0.84489
0.214325 0.976762
0.742935 0.669363
0.987478 0.157759
0.870871 0.491512
0.805959 0.591972
0.982805 0.184647
0.242192 0.970228
0.937835 0.347082
0.510374 0.859953
0.119144 0.992877
0.899972 0.435948
0.850657 0.525721
0.271451 0.962452
0.62382 0.781568
0.996585 0.0825787
0.171089 0.985256
0.43874 0.898614
0.768809 0.639478
0.0977907 0.995207
0.362556 0.931962
0.551614 0.8341
0.828764 0.559599
0.918667 0.395033
0.500108 0.865963
0.931633 0.363401
0.594484 0.804107
0.477393 0.87869
0.715234 0.698885
0.836101 0.548575
0.948687 0.316216
0.487135 0.873327
0.943463 0.331477
0.14466 0.989481
0.789186 0.614155
0.395534 0.918451
0.89223 0.451582
0.878688 0.477397
0.42809 0.903736
0.774001 0.633184
0.543246 0.839573
0.379403 0.925231
0.347527 0.93767
0.82106 0.570842
1 9.85726e-05
0.660908 0.750467
0.761287 0.648415
0.300817 0.953682
0.31622 0.948686
