0.422573 0.906332
0.59198 0.805952
0.51033 0.859979
0.256909 0.966436
0.979695 0.200612
0.242451 0.970164
0.811976 0.583691
0.548318 0.83627
0.607985 0.793949
0.805924 0.592018
0.90379 0.427977
0.788763 0.614698
0.828782 0.559571
0.0591995 0.998246
0.846581 0.53226
0.994297 0.106642
0.379397 0.925234
0.698323 0.715783
0.34691 0.937898
0.761282 0.648421
0.87871 0.477356
0.750841 0.660483
0.768887 0.639389
0.654626 0.755953
0.931634 0.363398
1 9.8768e-05
0.131789 0.991278
0.450838 0.892606
0.599178 0.800616
0.853486 0.521372
0.99128 0.131774
0.316005 0.948757
0.0823815 0.996601
0.633017 0.774138
0.500044 0.866
0.331484 0.943461
0.214308 0.976766
0.106613 0.994301
0.982812 0.184607
0.77396 0.633235
0.300899 0.953656
0.157661 0.987494
0.918444 0.395551
0.411728 0.911307
0.691126 0.722734
0.706872 0.707341
0.286057 0.958213
0.973581 0.228344
0.83424 0.551462
0.518977 0.854788
0.228451 0.973567
0.976775 0.214266
0.435475 0.900201
0.623811 0.781575
0.818203 0.574929
0.614761 0.788714
0.663504 0.748173
0.781523 0.623877
0.987477 0.157761
0.970156 0.242483
0.535323 0.844647
0.197892 0.980224
0.742796 0.669551
0.95358 0.301139
0.470876 0.882199
0.869563 0.493821
0.725078 0.688667
0.487027 0.873387
0.734719 0.678406
0.962477 0.271365
0.460876 0.887465
0.948685 0.316221
0.998885 0.0480685
0.184632 0.982808
0.403397 0.915025
0.716177 0.697919
0.648451 0.761256
0.958185 0.28615
0.925304 0.379226
0.581869 0.813283
0.793972 0.607954
0.937673 0.347519
0.390668 0.920532
0.860424 0.509579
0.96644 0.256894
0.559529 0.828811
0.363225 0.931702
0.670148 0.742227
0.680675 0.732595
0.839626 0.543165
0.91131 0.411721
0.895805 0.444448
0.639525 0.768771
0.887444 0.460916
0.943472 0.331459
0.800284 0.599811
0.570472 0.82132
4.7012e-05 1
0.996588 0.0825328
0.271436 0.962482
