0.898292 0.4394
0.998844 0.0480623
0.561242 0.827652
0.242462 0.970161
0.728416 0.685136
1 9.89775e-05
0.58467 0.811275
0.630224 0.776414
0.208609 0.977999
0.539946 0.8417
0.805945 0.59199
0.817559 0.575845
0.748194 0.66348
0.460909 0.887447
0.974414 0.224762
0.994288 0.106728
0.991279 0.131782
0.913215 0.407478
0.78548 0.618887
0.768928 0.639335
0.908999 0.417073
0.72122 0.692706
0.411766 0.911289
0.920429 0.390938
0.394094 0.91907
0.599184 0.800611
0.970143 0.242535
0.362338 0.932075
0.92824 0.372273
0.953583 0.301132
0.648443 0.761263
0.286165 0.95818
0.316214 0.948688
0.966444 0.256878
0.849995 0.52679
0.812349 0.583171
0.551401 0.83424
0.157728 0.987483
0.937781 0.347284
0.692915 0.721019
0.607975 0.793956
0.892279 0.451529
0.987491 0.157673
0.798732 0.601687
0.887454 0.460896
0.614932 0.78858
0.985256 0.171088
0.75606 0.654506
0.958161 0.28623
0.428067 0.903747
0.734851 0.678229
0.878698 0.477379
0.0480675 0.998844
0.763591 0.6457
0.86385 0.503836
0.742783 0.669532
0.903337 0.428932
0.962456 0.271439
0.678223 0.734857
0.510377 0.859951
0.869525 0.493888
0.824691 0.565586
0.933195 0.35937
0.791359 0.611352
0.979694 0.200516
0.699856 0.714284
0.67016 0.742217
0.301155 0.953575
0.0708421 0.997488
0.34691 0.937899
0.493607 0.869685
0.526837 0.849966
0.684325 0.729177
0.379401 0.925232
0.856171 0.51694
0.776458 0.630185
0.575845 0.817559
9.21062e-05 1
0.654583 0.75599
0.943464 0.331475
0.948685 0.316223
0.639343 0.768922
0.714281 0.699859
0.982808 0.184628
0.18464 0.982806
0.256873 0.966445
0.840793 0.541357
0.477397 0.878688
0.444478 0.89579
0.834609 0.550843
0.228024 0.973656
0.663483 0.748192
0.107639 0.994191
0.331501 0.943471
0.623822 0.781567
0.707104 0.70711
0.271342 0.96259
0.996584 0.0825799
0.131761 0.991282
0.503169 0.864188
