0.833364 0.552725 1.83699e-14
3.50676e-11 0.75531 0.655367
6.12323e-17 1 0
4.00966e-17 0.654828 0.755778
0.875193 0.253353 0.412499
0.731864 0.0275004 0.680896
3.86736e-11 0.83298 0.553304
0.342115 0.747343 0.570569
0.570961 0.686051 0.451021
0.628566 0.0236861 0.777395
8.55858e-05 6.54669e-05 1
0.940458 0.339244 0.0212824
1 8.05309e-06 6.33693e-05
4.33144e-17 0.707378 0.706835
2.10803e-12 0.608911 0.793238
0.501443 0.737007 0.453441
0.383626 0.776735 0.499513
0.594084 4.78421e-06 0.804789
0.549256 0.835654 6.33693e-05
0.357136 0.880794 0.311609
0.38947 0.499556 0.773794
4.28211e-11 0.922312 0.386945
0.765234 6.1625e-06 0.643763
0.576038 0.577352 0.579527
0.554886 4.27439e-05 0.831926
0.330761 0.666408 0.66823
0.453512 0.798119 0.396652
0.682273 0.731589 0.0172764
0.290187 0.927337 0.239921
1.48587e-17 0.242662 0.970111
0.435766 3.12537e-08 0.900128
0.734057 0.506868 0.451935
0.955252 7.69273e-06 0.295792
4.55525e-11 0.981143 0.19329
0.343024 0.57254 0.744669
0.863286 6.95211e-06 0.504951
0.837008 0.437524 0.328618
0.592114 0.475264 0.65079
5.3391e-17 0.871941 0.489611
0.644288 0.645757 0.409911
0.914046 0.406136 1.67447e-16
0.873831 0.48623 6.33693e-05
0.209615 0.977784 8.5153e-20
0.752193 0.658962 7.17326e-14
0.681861 5.49108e-06 0.732868
0.798194 0.26917 0.539021
0.920809 7.41535e-06 0.390014
0.471125 0.705416 0.530527
0.980839 0.194818 6.33693e-05
5.83737e-17 0.953315 0.301979
0.706848 0.707411 6.33713e-05
0.409696 0.911176 0.0436843
0.372876 0.372205 0.850012
0.817579 6.58404e-06 0.575816
0.656965 0.755623 1.83935e-14
0.607899 0.794014 9.4317e-05
0.74464 0.573868 0.340908
5.2676e-13 0.152157 0.988359
0.794219 0.607641 6.33697e-05
0.395375 0.679986 0.617493
0.699762 0.407149 0.587932
0.79673 0.454728 0.39805
0.501333 4.03728e-06 0.865295
0.251364 0.901161 0.353875
0.411492 0.246299 0.877503
0.63286 0.34183 0.694853
2.07659e-11 0.447271 0.894459
6.4604e-12 0.79592 0.605927
0.980244 7.89399e-06 0.197794
0.50429 0.335411 0.796298
0.0177682 0.680427 0.732601
0.178131 0.226995 0.957519
1.42487e-16 0.502997 0.864288
0.561929 0.385344 0.732083
0.90398 0.302619 0.302063
0.242582 0.000116934 0.970241
0.961911 0.273361 6.33693e-05
0.894851 7.20631e-06 0.446881
0.251814 0.412341 0.875898
0.316099 0.948726 6.33693e-05
2.37762e-17 0.388295 0.921579
0.472558 0.594393 0.650681
0.48695 0.873443 1.51004e-15
0.849277 0.373649 0.373524
0.345018 2.77846e-06 0.938596
0.57018 0.746842 0.34223
0.511132 0.512298 0.690141
0.706659 5.69079e-06 0.707554
0.658866 0.533842 0.531411
2.57933e-11 0.555554 0.831481
0.446226 0.89492 6.33693e-05
2.07449e-17 0.33879 0.940862
0.461722 0.463067 0.75656
0.733109 0.452278 0.508292
0.535545 0.653636 0.534745
0.0476616 0.733832 0.677657
0.319255 0.845615 0.427935
4.14935e-11 0.893716 0.448633
0.315356 0.314558 0.895688
0.812151 0.324784 0.484691
