0.754728 0.517643 0.403028
0.602259 1.65544e-07 0.7983
0.811901 0.324438 0.485342
4.95647e-06 0.195117 0.98078
0.453705 0.571238 0.683988
0.706142 1.94098e-07 0.708071
1.3892e-05 0.546875 0.837214
0.0252083 0.732728 0.680054
0.501881 0.773833 0.386391
1.13522e-05 0.446891 0.894588
0.00363491 0.678267 0.734807
0.256975 0.874014 0.412386
0.394309 1.08384e-07 0.918978
0.411529 0.256319 0.874611
0.679876 0.731967 0.0446552
1.67069e-05 0.657687 0.753291
0.32776 0.435714 0.838288
0.849277 0.422688 0.316326
0.587477 0.69831 0.408942
1.5451e-05 0.608246 0.793749
1.92853e-05 0.759187 0.650873
0.656412 1.80429e-07 0.754402
2.11685e-05 0.833322 0.552787
0.831854 0.554995 5.23083e-05
1.32956e-06 0.302667 0.953096
0.447441 0.894314 5.16537e-05
0.242263 7.95941e-06 0.970211
0.571597 0.745293 0.343243
0.488467 0.872582 5.23083e-05
2.26934e-05 0.893354 0.449354
0.323652 3.04484e-05 0.946176
0.552795 0.833317 5.23083e-05
2.19289e-05 0.863256 0.504766
0.743158 0.342642 0.574729
0.921646 0.388031 5.16537e-05
0.410017 0.910983 0.0446827
0.571332 0.344601 0.744869
0.921051 8.66504e-05 0.389442
0.816044 0.381101 0.434551
0.87442 0.315357 0.3687
0.871885 0.489711 5.16537e-05
0.894551 2.45886e-07 0.446966
0.307744 0.901431 0.304493
1.24538e-05 0.49026 0.871576
0.756232 2.07866e-07 0.654303
0.794711 0.606988 1.54189e-05
0.705733 0.47103 0.529218
2.38699e-05 0.939665 0.342096
0.45309 0.397999 0.797688
2.54025e-05 1 5.23083e-05
0.87065 8.19088e-05 0.491903
2.49088e-05 0.980563 0.196205
0.732471 0.679333 0.0446305
0.693484 0.632891 0.34428
0.708335 0.705876 1.54189e-05
0.595868 0.597214 0.536914
0.895166 0.445734 5.16537e-05
0.534038 0.536469 0.653456
1 9.40777e-05 5.16537e-05
0.75622 0.654317 5.23083e-05
0.977361 9.19479e-05 0.211578
0.465302 1.27898e-07 0.885152
2.43317e-05 0.957848 0.287277
0.508133 0.0199605 0.861047
0.515341 0.635697 0.574729
0.901787 0.350493 0.252855
0.732322 0.0319117 0.680211
0.654961 0.755663 5.16537e-05
0.169971 0.985449 5.23083e-05
9.84539e-06 0.387575 0.921838
0.957671 0.287865 5.16537e-05
5.01989e-05 7.98889e-05 1
0.685486 0.569799 0.453252
0.245608 0.24404 0.938148
0.790568 0.574621 0.21169
0.527564 0.469154 0.708217
0.388933 0.499946 0.773812
0.834561 2.29396e-07 0.550916
0.554812 4.32156e-05 0.831976
0.628926 0.62928 0.456574
0.980939 0.194315 5.16537e-05
0.341395 0.93992 5.16537e-05
0.342558 0.571911 0.745367
0.287869 0.95767 5.16537e-05
0.681036 0.0461451 0.730795
0.953093 8.96648e-05 0.302679
0.924683 0.244189 0.292118
0.470121 0.706203 0.529399
0.342205 0.744573 0.573156
0.603751 0.797173 5.23083e-05
6.14587e-06 0.707868 0.706345
0.645201 0.410561 0.644326
0.433355 0.840679 0.32475
0.396528 0.798328 0.453252
2.33614e-05 0.919648 0.392743
0.409548 0.645844 0.644326
0.315516 0.31425 0.895375
2.01716e-05 0.794078 0.607815
0.796535 2.18944e-07 0.604593
0.63005 0.517474 0.579015
