0.724097 0.689698
0.678314 0.734772
0.974321 0.225163
0.510365 0.859958
0.707188 0.707025
0.878711 0.477354
0.865811 0.500371
0.464615 0.885513
0.829901 0.55791
0.242517 0.970147
0.970147 0.242518
0.768839 0.639442
0.895625 0.44481
0.54334 0.839513
0.854423 0.519578
0.812255 0.583303
0.931677 0.363288
0.623774 0.781605
0.846688 0.53209
0.943434 0.33156
0.583338 0.812229
0.860065 0.510184
0.648361 0.761333
0.699369 0.714761
0.890787 0.454422
0.300991 0.953627
0.488839 0.872374
0.228312 0.973588
0.925834 0.377929
0.0592171 0.998245
0.755679 0.654942
0.817615 0.575765
0.529081 0.848571
0.805381 0.592758
0.450565 0.892744
0.214163 0.976798
0.998117 0.0613443
0.614469 0.788941
0.413016 0.910724
0.639448 0.768834
0.773995 0.633192
0.435518 0.90018
0.256908 0.966436
0.390766 0.92049
0.377972 0.925817
0.987482 0.157729
0.948704 0.316167
0.83961 0.54319
0.748178 0.663498
0.400299 0.916385
0.633119 0.774055
0.761619 0.648025
0.958266 0.285879
0.742728 0.669593
3.97399e-05 1
0.937911 0.346875
0.982808 0.184632
0.788913 0.614505
0.286189 0.958173
0.602126 0.798401
0.331502 0.943454
0.977946 0.208857
0.907809 0.419384
0.184543 0.982824
0.271687 0.962386
0.734994 0.678073
0.913564 0.406694
0.716899 0.697177
0.962478 0.271358
0.953619 0.301016
0.88313 0.469127
0.569378 0.822076
0.422464 0.90638
0.690061 0.723751
0.0821313 0.996622
0.591956 0.805971
0.669391 0.74291
0.901605 0.43256
0.781548 0.623845
1 6.84894e-05
0.131543 0.99131
0.106728 0.994288
0.556569 0.830802
0.798529 0.601957
0.660459 0.750862
0.991279 0.131777
0.994311 0.106516
0.519625 0.854395
0.873324 0.48714
0.477325 0.878727
0.966447 0.256867
0.200617 0.97967
0.825396 0.564554
0.920795 0.390046
0.316137 0.948714
0.3634 0.931633
0.499611 0.86625
0.157697 0.987488
0.996459 0.0840779
0.347426 0.937707
