0.436844 0.436844 0.786342
0.688247 0.688247 0.229415
0.337863 0.337863 0.878463
0.67458 0.67458 0.299804
0.703527 0.703527 0.100494
0.0764715 0.0764715 0.994135
0.596549 0.596549 0.536897
0.428391 0.428391 0.795589
0.464207 0.464207 0.754336
0.676721 0.676721 0.289994
0.693105 0.693105 0.19802
0.698536 0.698536 0.155228
0.264907 0.264907 0.927174
0.539164 0.539163 0.647
0.683488 0.683488 0.256298
0.529811 0.529811 0.66227
0.28214 0.28214 0.916948
0.150318 0.150318 0.977143
0.0356524 0.0356524 0.998729
0.235699 0.235699 0.942811
0.60921 0.60921 0.507668
0.176084 0.176084 0.968499
0.696311 0.696311 0.174076
0.646763 0.646763 0.404222
0.65561 0.65561 0.374635
0.706207 0.706207 0.0504404
0.514495 0.514495 0.685995
0.497463 0.497463 0.710677
0.678283 0.678283 0.282604
0.211999 0.211999 0.953999
0.201765 0.201765 0.958427
0.659739 0.659739 0.359846
0.323377 0.323377 0.8893
0.27156 0.27156 0.923315
0.639604 0.639604 0.426396
0.633727 0.633727 0.443599
0.219378 0.219378 0.950656
0.386493 0.386493 0.837404
0.604707 0.604707 0.518323
0.331295 0.331295 0.883452
0.408247 0.408247 0.816497
0.0901614 0.0901614 0.991838
0.644832 0.644832 0.410345
0.123089 0.123089 0.984732
0.366507 0.366507 0.855187
0.666666 0.666666 0.333335
0.0990091 0.0990091 0.990149
0.192448 0.192448 0.962251
0.545453 0.545453 0.636367
0.0663661 0.0663661 0.995586
9.98486e-05 9.98486e-05 1
0.691714 0.691714 0.207514
0.658147 0.658147 0.365631
0.556021 0.556021 0.617803
0.457499 0.457499 0.762489
0.140026 0.140026 0.980197
0.549975 0.549975 0.628534
0.502522 0.502522 0.703522
0.449968 0.449968 0.7714
0.181236 0.181236 0.966596
0.700141 0.700141 0.140019
0.38949 0.38949 0.834623
0.131022 0.131022 0.982683
0.707107 0.707107 0.000129308
0.553368 0.553371 0.622551
0.0490328 0.0490328 0.997593
0.348151 0.348151 0.870392
0.694315 0.694315 0.189353
0.246632 0.246632 0.937201
0.601314 0.601314 0.526158
0.315789 0.315789 0.894737
0.702248 0.702248 0.117026
0.5232 0.5232 0.672699
0.171217 0.171217 0.970242
0.619589 0.619589 0.48189
0.624695 0.624695 0.46852
0.431889 0.431889 0.791798
0.473017 0.473017 0.74331
0.506982 0.506982 0.697094
0.680419 0.680419 0.272137
0.650945 0.650945 0.390566
0.684832 0.684832 0.249017
0.444442 0.444442 0.777781
0.704936 0.704936 0.0782898
0.468285 0.468285 0.749279
0.0827576 0.0827576 0.993128
0.598671 0.598671 0.532152
0.382358 0.382358 0.841192
0.631168 0.631168 0.450836
0.534993 0.534993 0.653885
0.162221 0.162221 0.973329
0.301503 0.301503 0.904539
0.276172 0.276172 0.920575
0.376286 0.376286 0.846651
0.10976 0.10976 0.98788
0.358982 0.358982 0.861548
0.61546 0.61546 0.492359
0.485069 0.485069 0.72761
0.57735 0.57735 0.577351
0.254447 0.254447 0.933013
