4.62633e-17 0.755537 0.655106
0.706956 0.707291 9.79366e-05
0.608554 0.793512 9.98835e-05
0.927301 0.242749 0.285185
1 9.97718e-05 9.98835e-05
0.399417 0.71458 0.574481
0.961858 0.27355 9.8021e-05
0.442305 0.444994 0.778702
9.25428e-08 0.9806 0.196017
6.12323e-17 1 9.8021e-05
0.504951 0.336253 0.794958
0.680079 0.731773 0.0447369
0.654825 1.14525e-73 0.756341
0.655111 0.755533 1.9278e-05
0.884782 0.466009 9.80212e-05
5.09299e-17 0.831749 0.555158
0.527393 0.469541 0.708088
0.339252 0.791692 0.508175
0.4642 0.755279 0.46272
1.77578e-05 0.894738 0.446671
0.371133 0.850553 0.372586
0.652796 0.592622 0.471865
4.3337e-17 0.707747 0.706466
0.534953 0.654233 0.534661
0.341956 0.939851 3.93905e-05
0.70682 0.469606 0.529032
0.710786 0.648586 0.272261
0.302793 0.302448 0.903793
0.862016 0.506916 9.98853e-05
0.580452 0.340784 0.739555
0.798541 0.396351 0.45496
0.795385 7.63027e-05 0.606105
0.775599 0.499388 0.38608
1.50466e-14 0.2868 0.957991
0.303757 0.903007 0.303826
0.447176 0.894446 9.8021e-05
3.09552e-17 0.505537 0.862805
0.19393 0.982091 6.43124e-05
0.598758 0.533078 0.59776
5.6278e-17 0.919089 0.39405
0.555709 0.831377 9.8021e-05
4.76479e-11 0.606482 0.795225
0.793218 0.608938 9.33167e-05
0.254077 0.411372 0.875339
0.916563 9.14472e-05 0.39989
0.490056 0.871691 9.8021e-05
0.413964 0.257985 0.872971
4.89198e-17 0.798922 0.601435
4.01099e-17 0.655044 0.755591
0.501155 2.19989e-05 0.865358
0.848962 0.423351 0.316287
0.500872 0.798482 0.333996
8.86385e-05 0.939708 0.341977
2.73564e-17 0.446765 0.894652
0.235756 0.235487 0.943139
0.324001 0.486902 0.811141
0.373478 0.373052 0.849416
0.0461397 0.732105 0.679628
0.939898 0.341454 9.8021e-05
0.650478 0.405816 0.642022
0.894609 8.64779e-05 0.446853
0.634224 0.692576 0.343655
0.967586 7.97059e-05 0.25324
0.920373 0.392112 2.05705e-05
0.706899 6.22658e-05 0.707425
0.397105 0.623792 0.673305
0.832304 0.55432 9.8021e-05
0.55332 3.92289e-05 0.832969
1.02318e-14 0.195026 0.980798
0.752255 0.658872 9.8021e-05
0.745199 0.572074 0.34268
5.86499e-17 0.957825 0.287352
0.446023 1.05374e-20 0.895156
0.343218 0.693808 0.633261
0.756559 5.14323e-20 0.653925
9.66067e-06 0.388145 0.921617
0.988684 0.150055 9.80217e-05
3.3996e-17 0.555197 0.831719
0.255579 0.874731 0.411735
0.681279 0.0485148 0.730414
0.0428459 0.679841 0.732107
0.340947 0.573156 0.745149
0.388862 3.68733e-05 0.921296
5.28138e-17 0.862516 0.506031
0.409725 0.911112 0.0447369
6.58851e-05 7.2786e-05 1
0.880492 0.305024 0.363084
0.846035 0.246899 0.472511
0.730513 0.0409568 0.68167
0.287099 0.957901 9.98835e-05
0.764829 0.255977 0.591556
0.943765 9.41612e-05 0.330789
0.599843 1.63659e-11 0.800118
0.287041 7.83153e-12 0.957937
0.56763 0.721084 0.397285
0.86496 8.62986e-05 0.501841
0.832071 2.06251e-16 0.554806
0.980591 2.54131e-05 0.196088
0.471847 0.593561 0.651977
0.202278 1.55985e-05 0.979425
