5.70549e-05 0.670874 0.741571
0.817026 0.379655 0.433971
0.680022 0.0257 0.732741
0.452941 0.57089 0.684784
0.706137 0.470056 0.529545
0.037039 0.157233 0.986867
0.4078 0.647659 0.643613
0.588042 0.0198961 0.808586
6.79676e-05 0.799191 0.601077
0.645021 0.644647 0.41034
0.778327 0.017863 0.627605
8.22851e-05 0.967541 0.252713
0.785619 0.55344 0.276599
0.530476 0.656789 0.535932
0.363101 0.880669 0.30427
0.264235 0.478418 0.837434
0.289452 0.926683 0.239741
1.96254e-05 0.230763 0.97301
6.04824e-05 0.711177 0.703013
0.901874 0.352919 0.249142
0.187503 0.982264 2.40874e-05
0.568354 0.720081 0.398067
0.432734 2.61228e-06 0.901522
0.988604 5.96789e-06 0.150539
0.551477 0.83419 2.40874e-05
0.40936 0.204411 0.88918
0.247716 0.90361 0.349465
0.840731 0.262139 0.473766
0.507832 0.791586 0.339849
0.891501 5.38171e-06 0.453018
0.630867 0.746588 0.211219
0.73453 4.43413e-06 0.678576
0.47511 0.249617 0.843778
0.728179 0.685387 2.40874e-05
0.706847 4.26701e-06 0.707366
0.228233 0.957134 0.178337
0.318151 0.846847 0.426183
0.943326 5.69456e-06 0.331867
7.37975e-05 0.867741 0.497017
0.450567 0.892742 2.40874e-05
0.385789 0.922587 5.11643e-05
0.464691 0.755022 0.462606
0.647419 0.405131 0.645536
0.528306 0.470022 0.707087
0.459973 0.677121 0.574397
0.970386 9.32868e-05 0.241559
0.657324 3.96805e-06 0.753608
0.743931 0.34152 0.574397
0.861813 5.20249e-06 0.507225
0.653911 0.589059 0.474774
8.02821e-05 0.94399 0.329975
3.56855e-07 1.18014e-06 1
0.0317568 0.409251 0.911869
0.210844 0.630675 0.746856
0.961731 0.273994 2.40874e-05
3.82479e-05 0.449734 0.893162
0.342536 0.745108 0.572261
0.917475 5.53851e-06 0.397793
0.89628 0.443489 2.40874e-05
7.01386e-05 0.824718 0.565545
0.927377 0.374129 8.67054e-05
0.69199 0.690681 0.210023
4.90639e-05 0.576913 0.816805
0.823534 0.567267 2.40874e-05
0.202023 1.21955e-06 0.979381
5.25684e-05 0.618121 0.786083
0.384793 0.776266 0.499346
7.61731e-05 0.895674 0.444711
0.60792 0.793998 5.11643e-05
0.243278 0.291217 0.925207
0.502536 3.03365e-06 0.864556
0.82088 4.95539e-06 0.571101
0.0259819 0.733879 0.678784
0.593102 0.536966 0.599914
6.4183e-05 0.75469 0.656081
0.440858 0.385706 0.810479
0.490362 0.871519 2.40874e-05
0.338911 2.0459e-06 0.940819
0.571732 0.343118 0.745246
0.876951 0.310108 0.367138
0.982239 0.187633 8.67054e-05
4.3453e-05 0.510938 0.859618
0.443328 0.832126 0.333206
0.871504 0.490388 8.67054e-05
0.617242 3.72609e-06 0.786773
0.928154 0.23072 0.29206
0.834576 0.440758 0.330477
0.301507 0.953464 2.40874e-05
0.520534 0.569228 0.636415
8.50455e-05 1 8.67054e-05
0.667475 0.744632 5.11643e-05
0.290577 1.75412e-06 0.956852
1.34342e-05 0.348183 0.937427
0.312417 0.364126 0.877387
7.85579e-05 0.923715 0.38308
0.755165 0.518009 0.401737
0.404373 0.52109 0.75163
0.766263 0.642527 8.67054e-05
8.3994e-05 0.987635 0.156769
1 6.03668e-06 5.11643e-05
