0.633915 0.519745 0.575045
0.70464 0.709565 7.9769e-05
0.000249736 0.68048 0.732857
0.554708 0.832045 7.9769e-05
2.03516e-10 0.707288 0.706936
2.87756e-05 3.64682e-05 1
0.632645 0.344282 0.694858
0.0186321 0.733186 0.679806
0.571528 0.7455 0.344031
0.298089 0.903849 0.306919
1 2.14695e-05 7.9769e-05
6.04696e-08 0.969924 0.243408
0.769203 0.328259 0.550781
6.97621e-05 0.839766 0.543665
0.921739 1.97893e-05 0.38781
0.652818 0.712745 0.257704
0.475532 0.263354 0.840173
0.340225 0.567114 0.750085
0.151479 0.98846 9.34723e-05
0.409647 0.911151 0.0446464
0.60441 0.796883 9.34879e-05
3.29562e-07 0.316617 0.948685
0.253428 0.967354 9.34723e-05
0.754075 1.61896e-05 0.656788
0.394149 8.46218e-06 0.919874
7.16795e-05 0.862847 0.505466
0.444346 0.895855 9.34723e-05
0.651328 0.591728 0.475231
0.241812 7.71199e-05 0.970323
0.465616 9.99655e-06 0.884987
0.706915 0.469801 0.528733
0.894161 0.447745 9.34723e-05
0.53486 0.653474 0.535703
0.387861 0.500894 0.773737
3.23474e-05 0.389384 0.921329
0.577527 0.579299 0.575217
0.408253 0.876607 0.256084
0.661895 0.749597 7.9769e-05
0.864124 0.50351 9.34831e-05
0.385063 0.838369 0.38583
1.28346e-10 0.446046 0.89501
2.01308e-05 0.242326 0.970195
0.753112 0.519616 0.403829
0.528754 0.470289 0.706582
0.957243 0.179589 0.226787
0.939443 0.342706 7.9769e-05
0.91054 0.412748 0.023574
8.30733e-05 1 9.34723e-05
5.62798e-08 0.90272 0.430294
0.816833 0.0271664 0.576234
0.961426 0.275064 7.9769e-05
6.59163e-11 0.939163 0.343471
0.316337 0.416901 0.852143
0.572926 0.681296 0.455845
0.526632 0.000113575 0.850094
0.363238 0.309378 0.878831
0.341963 0.939713 9.34723e-05
0.786439 0.000105461 0.617668
1.74695e-10 0.607125 0.794606
0.73094 0.681369 0.0394834
0.841448 0.26222 0.472446
0.694187 0.632919 0.344616
0.628037 0.0296028 0.77762
6.27657e-05 0.755546 0.656552
0.381156 0.620295 0.685532
0.678747 1.45724e-05 0.734373
0.606792 0.467299 0.643005
8.26179e-07 0.793728 0.608273
0.499802 0.86614 7.9769e-05
0.449907 0.395633 0.800661
0.555532 0.314671 0.769659
0.817665 0.575694 9.34723e-05
0.0387283 0.171066 0.984498
0.257566 0.878871 0.401554
0.848579 0.425103 0.316354
0.970162 2.08289e-05 0.243464
0.988498 2.12226e-05 0.151233
0.000117075 0.504281 0.863858
0.454784 0.685002 0.570648
0.861237 0.00012439 0.50833
0.250421 0.346576 0.903977
0.981536 0.194806 1.84475e-05
0.34029 0.685762 0.643376
0.798239 0.397175 0.453725
0.702495 4.1369e-05 0.711726
0.787592 0.551125 0.275607
0.339395 0.791748 0.508441
0.587343 0.0001218 0.810202
0.729367 0.0314807 0.683398
0.904959 0.301882 0.29988
0.471502 0.593758 0.652025
0.759907 0.650032 7.9769e-05
5.44146e-05 0.65502 0.755613
0.46469 0.754287 0.464173
0.894469 1.92038e-05 0.447129
4.54061e-05 0.546579 0.837407
0.944142 2.02703e-05 0.329538
0.338031 7.25735e-06 0.941135
0.502406 0.797548 0.333924
0.701587 0.341944 0.62518
