0.536845 0.262873 0.801683
0.539523 0.59721 0.593511
0.242168 6.60783e-06 0.970234
1.79694e-05 0.894374 0.447321
0.487143 3.38707e-05 0.873322
0.475318 0.839597 0.262963
0.363611 0.877252 0.313393
9.64603e-06 0.194241 0.980954
0.732692 0.680139 0.0239516
0.816328 0.381184 0.433944
0.920715 0.308011 0.239611
0.0429916 0.732062 0.67988
4.37175e-05 0.553853 0.832614
0.703903 4.89419e-05 0.710296
0.744812 0.572208 0.343269
3.08684e-05 0.391069 0.920361
0.921107 0.389309 5.05546e-05
0.568126 3.95014e-05 0.822942
0.731277 0.510015 0.452901
0.679581 0.396122 0.61746
0.59135 0.460604 0.661929
0.503655 0.863905 5.05546e-05
0.862526 0.506013 5.05546e-05
0.613408 4.26498e-05 0.789766
0.512417 0.729595 0.452901
7.44857e-05 0.943654 0.330933
0.730398 0.0235915 0.682614
0.40789 0.647079 0.644139
0.75698 5.26323e-05 0.653438
0.2874 0.957811 5.05546e-05
0.385804 0.44167 0.80999
0.706963 0.707251 5.05546e-05
0.980455 0.196743 5.05546e-05
5.17667e-05 0.655829 0.75491
0.474436 0.519121 0.710931
0.8805 0.3613 0.306891
0.255118 0.874558 0.412386
0.790928 5.49927e-05 0.611909
0.553247 0.833017 5.05546e-05
0.793836 0.608132 5.05546e-05
7.25581e-05 0.919233 0.393713
0.396318 0.798473 0.45318
7.89333e-05 1 5.05546e-05
0.163501 0.986543 5.05546e-05
0.437387 0.32772 0.837432
0.746088 0.342969 0.570723
0.446384 0.894842 5.05546e-05
0.957032 0.289981 5.05546e-05
0.98074 4.22284e-05 0.195316
0.636376 0.33755 0.693603
0.33067 2.29913e-05 0.943746
0.644427 0.645466 0.409986
6.81695e-05 0.863634 0.504119
0.432356 0.816537 0.382538
0.571748 0.74557 0.342388
0.350017 0.246658 0.903686
0.797674 0.454395 0.396538
0.469809 0.7067 0.529014
0.649198 4.51383e-05 0.760619
0.654938 0.755682 5.05546e-05
5.96492e-05 0.755691 0.654928
0.829143 5.76498e-05 0.559037
0.241357 0.92552 0.291821
0.517749 0.402457 0.75496
1 6.95293e-05 5.05546e-05
0.341219 0.569115 0.748116
0.860028 5.97972e-05 0.510247
3.16251e-06 0.707324 0.706889
0.445609 3.09829e-05 0.895228
0.000118897 0.970214 0.242251
0.755846 0.654749 5.05546e-05
0.388731 2.70282e-05 0.921351
0.939781 6.53423e-05 0.341779
0.046121 0.67792 0.733687
6.56028e-05 0.831117 0.556097
3.96049e-05 0.501751 0.865012
0.242656 0.292118 0.925086
0.680101 0.732157 0.0375311
0.653097 0.535758 0.535189
0.89325 6.21071e-05 0.44956
0.894697 0.446674 5.05546e-05
0.342119 0.745047 0.57259
0.345721 0.938337 5.05546e-05
0.608528 0.793532 3.39293e-05
0.0434413 0.466972 0.883205
0.83262 0.553845 5.05546e-05
0.576755 0.632676 0.516792
0.410036 0.910977 0.0446325
1.11402e-05 2.71212e-05 1
0.913666 0.0436794 0.404112
6.28025e-05 0.79564 0.60577
2.39096e-05 0.302909 0.953019
0.843033 0.472034 0.257838
0.156426 0.0287345 0.987272
0.310887 0.362158 0.878744
0.682976 0.0326509 0.72971
4.75207e-05 0.602036 0.798469
0.874812 0.255606 0.411546
0.706265 0.470401 0.529067
0.955516 0.0416973 0.291977
