0.574326 0.34009 0.74464
0.279822 0.622366 0.731
0.73248 0.679654 0.0392849
4.8103e-17 0.785582 0.618758
0.690904 0.576251 0.436561
0.233827 0.927358 0.292117
0.475265 0.25776 0.841239
2.98263e-17 0.4871 0.873346
0.445487 0.040038 0.894393
0.0419898 0.817399 0.574539
5.26487e-17 0.859819 0.5106
3.39115e-17 0.553817 0.832638
0.988197 1.88549e-05 0.15319
0.527734 0.706059 0.472205
6.12323e-17 1 4.44211e-05
0.628583 0.0238797 0.777376
0.75391 1.43847e-05 0.656977
0.690171 0.691842 0.212175
0.244089 0.292688 0.924529
0.676588 0.272713 0.684
0.967714 4.38648e-07 0.252051
0.505658 0.862734 1.33165e-06
0.301259 5.74806e-06 0.953542
0.340143 0.940374 4.44211e-05
3.23345e-07 0.708164 0.706048
0.894155 0.447768 1.33166e-06
1 1.90801e-05 1.33165e-06
0.380793 0.816225 0.434481
3.71881e-17 0.607328 0.794451
4.01177e-17 0.655172 0.75548
2.36398e-15 0.944188 0.329407
0.342897 0.691776 0.635506
0.706609 0.469943 0.529016
0.763584 0.645709 4.44211e-05
0.152453 0.988311 1.33165e-06
1.85457e-05 1.02062e-05 1
0.830682 3.76534e-07 0.556747
0.472428 0.588794 0.655846
1.18524e-17 0.193564 0.981088
2.10626e-17 0.343979 0.938977
0.656059 1.25177e-05 0.75471
0.405947 0.521384 0.750577
0.79143 1.51006e-05 0.61126
0.93993 1.7934e-05 0.341366
0.578627 1.10403e-05 0.815592
0.507394 9.68115e-06 0.861714
0.316131 0.874147 0.368686
5.98311e-17 0.977116 0.212707
0.824254 0.566221 4.44211e-05
0.529456 0.471187 0.70545
0.0464634 0.734177 0.677366
0.695974 1.32793e-05 0.718067
0.753246 0.33824 0.564105
0.956827 0.290656 4.44211e-05
0.412578 0.8752 0.252595
0.658674 0.752428 1.33165e-06
0.753324 0.519079 0.403807
0.793636 0.547502 0.265298
0.384896 0.622171 0.681732
0.273829 0.961779 4.44211e-05
5.64825e-17 0.922429 0.386167
0.635094 0.578449 0.51191
0.811551 0.324717 0.485741
0.342365 0.744272 0.57345
0.263896 0.84106 0.472205
0.515369 0.634123 0.57644
5.47891e-17 0.894773 0.446521
0.388454 0.921468 4.44211e-05
0.685467 0.728104 4.44211e-05
0.453592 0.797829 0.397144
0.644236 0.645796 0.409764
0.891477 1.70095e-05 0.453066
0.607312 0.794463 4.44211e-05
0.555247 0.831685 4.44211e-05
0.0450491 0.405956 0.912782
0.322775 0.432055 0.842107
0.957941 0.17621 0.226493
0.439202 0.384587 0.811908
0.903684 0.302439 0.303126
0.595185 0.534336 0.600199
0.447938 0.894065 4.44211e-05
0.383971 7.32621e-06 0.923345
0.778614 0.442554 0.444866
0.87414 0.254828 0.413451
0.574262 0.634262 0.517624
0.934154 0.356871 4.44211e-05
0.365561 0.30886 0.878049
0.572116 0.744309 0.34451
0.0419365 0.262872 0.963919
0.851327 0.369647 0.372294
0.860867 0.000128858 0.508831
0.468783 0.707487 0.52887
0.208954 0.575577 0.7906
0.194997 8.83886e-08 0.980804
0.910321 0.412939 0.0282354
0.864747 0.502208 1.33165e-06
0.646918 0.407572 0.644501
0.000115663 0.446865 0.894601
4.62613e-17 0.755504 0.655143
0.980564 0.196197 4.44211e-05
