9.61346e-05 1
0.786535 0.617546
0.535782 0.844356
0.895809 0.44444
0.54882 0.835941
0.966487 0.256913
0.503604 0.863935
0.514876 0.857518
0.768911 0.639356
1 9.99022e-05
0.953605 0.301061
0.379416 0.925226
0.346859 0.937917
0.714299 0.69984
0.734746 0.678342
0.938012 0.346602
0.887428 0.460946
0.67015 0.742226
0.903824 0.427904
0.997488 0.0708403
0.980119 0.198412
0.81225 0.583309
0.989484 0.144639
0.242457 0.970162
0.601889 0.798807
0.558304 0.829636
0.948686 0.316219
0.99288 0.119119
0.363387 0.931638
0.92525 0.379358
0.0708064 0.99749
0.707086 0.707127
0.477391 0.878693
0.970142 0.242537
0.614766 0.78871
0.654771 0.755831
0.526836 0.849967
0.639369 0.7689
0.761269 0.648436
0.742871 0.669434
0.800942 0.598777
0.0959631 0.995385
0.418456 0.908273
0.962479 0.271357
0.781544 0.62385
0.850713 0.525765
0.878692 0.47739
0.171079 0.985257
0.286159 0.958182
0.793947 0.607987
0.428066 0.903748
0.678253 0.734828
0.583832 0.812052
0.227889 0.973687
0.84471 0.535526
0.856526 0.516104
0.198375 0.980126
0.591986 0.805949
0.995476 0.0950145
0.828753 0.559615
0.630283 0.776365
0.301093 0.953595
0.86425 0.503063
0.444493 0.895782
0.575857 0.81755
0.45486 0.890564
0.728426 0.685124
0.256918 0.966433
0.692796 0.721133
0.931632 0.363404
0.774382 0.632718
0.489525 0.871989
0.976272 0.216547
0.699858 0.714282
0.912151 0.409855
0.271502 0.962438
0.648443 0.761263
0.958181 0.286163
0.985264 0.171039
0.663324 0.748359
0.404007 0.914756
0.331474 0.943464
0.817595 0.575794
0.623827 0.781562
0.721155 0.692823
0.918472 0.395486
0.68512 0.72843
0.750776 0.660557
0.972931 0.231097
0.118958 0.992899
0.144642 0.989484
0.567454 0.823405
0.211005 0.977485
0.823752 0.567789
0.393046 0.919519
0.316 0.948759
0.943461 0.331483
0.467718 0.883878
0.873532 0.487116
0.836187 0.54845
