0.251399 0.783978 4.08854
0.00011659 0.000322928 5.99956
0.859404 0.708948 3.32296
0.859404 0.646485 3.78276
0.20549 0.000237889 5.60239
0.859404 0.738437 3.1063
0.858893 0.774841 2.87229
0.101089 0.000322928 5.81637
0.786508 0.858373 2.81
0.795255 0.000237889 4.46007
0.0858246 0.859518 4.15909
0.188578 0.859417 3.93385
0.774906 0.859401 2.87197
0.787991 0.0835585 4.36514
0.859404 0.657071 3.70928
0.00011659 0.724571 4.90121
0.820375 0.859417 2.67237
0.859373 0.154022 4.00005
0.684064 0.251188 4.77774
0.811892 0.235148 3.96974
0.0989966 0.100698 5.63894
0.724067 0.000237889 4.90419
0.859837 0.730991 3.15969
0.859572 0.121727 4.0745
0.106276 0.25106 5.3774
0.774542 0.690044 3.72918
0.859297 0.682447 3.52368
0.000236508 0.859402 4.3068
0.708977 0.192254 4.637
0.771733 0.250818 4.15645
0.803005 0.859401 2.73515
0.859404 0.188525 3.93394
0.200014 0.188574 5.23679
0.802196 0.803366 2.85702
0.796948 0.166916 4.11868
0.657174 0.859464 3.70913
0.160266 0.812364 4.07084
0.00502939 0.859518 4.30174
0.858309 0.669687 3.6186
0.100558 0.859401 4.12514
0.755346 0.859429 2.99134
5.73821e-09 0.670002 5.30894
0.859373 0.000245026 4.30676
0.204078 0.103492 5.41847
0.669765 0.859467 3.61842
0.711744 0.789183 3.48399
0.169311 0.859409 3.96844
0.680552 0.000322928 5.23874
0.112277 0.672842 5.08215
0.251446 0.683761 4.77974
0.85475 0.859401 2.61486
0.688997 0.859422 3.47407
0.251399 0.749076 4.29908
0.251403 0.251413 5.14639
0.75644 0.000237889 4.67698
0.808598 0.72816 3.27908
0.731414 0.859681 3.15698
0.00011659 0.806824 4.41129
0.213923 0.857687 3.90015
0.251039 0.105805 5.37924
0.859404 0.698093 3.40515
0.759546 0.0920269 4.49532
0.859409 0.214275 3.89967
0.735372 0.25182 4.39451
0.738463 0.739128 3.59642
5.73821e-09 0.212559 5.59446
0.859277 0.8515 2.6165
0.738516 0.859422 3.10574
0.251301 0.20498 5.17645
0.182246 0.73707 4.4492
0.857945 0.169301 3.96854
0.708977 0.859401 3.32297
0.682503 0.859401 3.52335
0.859404 0.25141 3.8802
0.858899 0.767638 2.91757
0.0908028 0.746304 4.58531
0.251403 0.859401 3.8802
0.859441 0.0858585 4.15901
0.204078 0.714634 4.5776
0.113754 0.859401 4.09336
0.15404 0.858963 4.00003
0.647085 0.859408 3.77866
0.699496 0.858748 3.39473
0.769828 0.838547 2.91921
0.859103 0.821633 2.66878
0.774069 0.772663 3.14744
0.860088 0.755363 2.99162
0.699438 0.698488 4.19418
0.859409 0.857371 2.61417
0.167635 0.772814 4.24287
0.859404 0.786328 2.81026
0.0967904 0.188423 5.45376
0.66654 0.188423 4.96136
5.73821e-09 0.109001 5.7977
0.858899 0.80423 2.72884
0.205072 0.251394 5.17634
0.00011659 0.754216 4.69159
0.859404 0.100698 4.12445
0.24106 0.812447 3.96572
0.130822 0.859424 4.05347
