0.428081 0.90374
0.976733 0.214461
0.543257 0.839567
0.998237 0.0593481
0.532201 0.846618
0.62382 0.781568
0.331493 0.943458
0.602081 0.798435
0.958168 0.286205
0.926119 0.377231
0.39505 0.91866
0.835606 0.54933
0.788572 0.614942
0.670745 0.741688
0.915003 0.403448
0.708042 0.70617
0.728414 0.685137
0.853704 0.520759
0.502929 0.864328
0.805962 0.591967
0.552082 0.83379
0.615734 0.787954
0.438438 0.898762
0.996584 0.0825855
0.962464 0.27141
0.800146 0.599805
0.509776 0.860307
0.774113 0.633048
0.768915 0.639351
0.781567 0.623821
0.0945413 0.995521
0.059354 0.998237
0.203147 0.979148
0.748124 0.663559
1 9.71899e-05
0.475521 0.879704
0.909239 0.416275
0.994288 0.106731
0.714284 0.699856
0.680163 0.733061
0.698612 0.715501
0.953681 0.300821
0.943468 0.331462
0.761265 0.648441
0.286206 0.958168
0.90019 0.435498
0.82877 0.559589
0.881037 0.473047
0.970137 0.242559
0.982805 0.184647
0.755902 0.654685
0.119141 0.992877
0.722447 0.691426
0.216842 0.976207
0.844162 0.536088
0.991278 0.131786
0.378538 0.925586
0.966439 0.256897
0.144657 0.989482
0.645434 0.763816
0.27138 0.962472
0.887442 0.460919
0.904424 0.426634
0.875192 0.483776
0.973622 0.228165
0.171091 0.985255
0.920526 0.39068
0.301136 0.953581
0.869524 0.49389
0.411314 0.911494
0.452533 0.891748
0.894881 0.446304
0.184647 0.982805
0.663454 0.748217
0.583548 0.812079
0.519553 0.854438
0.591973 0.805958
0.654933 0.755687
0.859954 0.510372
0.980241 0.197809
0.362357 0.93204
0.461061 0.887368
0.346495 0.938052
0.487214 0.873282
0.575844 0.81756
0.689933 0.723873
0.812251 0.583308
0.793955 0.607977
0.633153 0.774027
0.740357 0.672214
0.937669 0.347528
0.564686 0.825306
0.987477 0.157762
0.931638 0.363387
0.948686 0.31622
0.233349 0.972393
0.822439 0.568853
9.96568e-05 1
0.255715 0.966752
0.316228 0.948683
