0.00999757 3.98906
0.212995 3.59399
0.798508 2.44567
0.111718 3.79121
0.816943 2.37594
0.784077 2.51497
0.793262 2.46946
0.0466926 3.93342
0.707157 3.02967
0.644027 3.49239
0.0369717 3.95041
0.703549 3.05702
0.228281 3.58086
0.774871 2.5653
0.0301515 3.9614
0.165031 3.67
0.7374 2.80672
0.0533425 3.92096
0.173306 3.6538
0.0787195 3.86809
0.692581 3.13994
0.696325 3.11156
0.700015 3.08371
0.763006 2.63565
0.740024 2.78815
0.655508 3.41358
0.0909317 3.84033
0.848162 2.31195
0.796171 2.45606
0.0693266 3.8886
0.159497 3.68137
0.0629165 3.90192
0.750757 2.71482
0.64028 3.51731
0.74304 2.76743
0.663844 3.35382
0.789558 2.48747
0.105818 3.80529
0.810839 2.39661
0.72628 2.887
0.745737 2.74863
0.0969861 3.8262
0.123222 3.76375
0.710827 3.00194
0.753199 2.69849
0.827381 2.34682
0.767547 2.60779
0.734714 2.82605
0.723346 2.90837
0.717319 2.95324
0.823917 2.35557
0.667736 3.32553
0.820594 2.36478
0.251406 3.57319
0.198422 3.61198
0.78691 2.50092
0.835474 2.32929
0.840797 2.32056
0.808009 2.4069
0.677068 3.25676
0.720357 2.93049
0.770136 2.59243
0.673379 3.28406
0.772582 2.57817
0.658645 3.39112
0.670582 3.30484
0.760592 2.65068
0.148482 3.70521
0.684553 3.2006
0.858549 2.30709
0.713922 2.97852
0.184375 3.63381
0.128974 3.75011
0.0848544 3.85429
0.178819 3.64353
0.219038 3.58815
0.779491 2.5393
0.134547 3.73702
0.688704 3.16941
0.117493 3.77753
0.731969 2.84544
0.65216 3.43676
0.83113 2.33799
0.238094 3.57575
0.777174 2.55221
0.803455 2.4248
0.140167 3.72402
0.755697 2.68216
0.64755 3.46849
0.020269 3.97588
0.680559 3.23059
0.813521 2.38744
8.66746e-05 3.99991
0.758163 2.66614
0.192056 3.62136
0.729123 2.86607
0.636072 3.54502
0.153995 3.69311
0.748245 2.73149
0.207119 3.60063
