0.0503476 0.122134 0.327518
0.278377 8.48309e-06 0.221615
0.450337 1.37233e-05 0.0496494
0.161447 0.100264 0.238289
0.12022 0.379771 8.34965e-06
0.0321336 0.467822 4.46816e-05
0.238015 0.0857807 0.176204
0.177133 0.288864 0.0340033
0.175276 0.0513035 0.273421
4.43996e-05 0.450247 0.0497088
0.102271 0.190637 0.207092
0.174351 0.153108 0.172542
3.94823e-05 0.400381 0.099579
0.0161192 0.416578 0.067303
0.399176 0.0335209 0.067303
0.0999185 0.0167644 0.383317
0.155051 0.189589 0.15536
0.138068 0.0859633 0.275968
0.152784 0.0169296 0.330287
0.352085 0.0647726 0.083142
0.233734 7.12268e-06 0.266259
0.137838 0.173488 0.188674
0.22384 0.154676 0.121484
0.310208 0.103617 0.0861753
0.0519851 0.0523181 0.395697
0.380114 0.0165904 0.103295
0.033561 0.346893 0.119546
0.215147 0.234775 0.0503148
0.415781 1.26703e-05 0.0842059
0.301856 0.0168557 0.181288
0.174115 0.222298 0.103587
1.50023e-05 1.2158e-05 0.499973
0.276261 0.189415 0.0343239
0.0692649 0.396449 0.0342862
0.0669721 0.0855053 0.347523
0.244931 0.119569 0.135501
0.33093 0.169061 8.34965e-06
0.378355 0.1216 4.46816e-05
0.499976 1.5236e-05 8.34965e-06
0.0689129 0.327153 0.103934
0.0330967 0.155781 0.311122
0.34815 0.102527 0.0493233
0.232266 0.267689 4.46816e-05
0.248861 0.0330519 0.218087
0.0338789 0.271871 0.19425
0.0506119 0.236525 0.212863
0.165248 0.266754 0.067998
2.47938e-05 0.251429 0.248546
0.191572 0.169791 0.138637
0.293274 0.0858495 0.120877
0.103498 0.103296 0.293206
0.235771 0.196926 0.067303
0.103657 0.275028 0.121314
0.32738 0.0510357 0.121584
0.384182 0.0656231 0.0501953
0.196424 0.10703 0.196547
0.349343 1.06457e-05 0.150647
2.87136e-05 0.291178 0.208793
0.414948 0.0850409 1.14059e-05
2.20698e-05 0.223805 0.276173
0.120585 0.293347 0.0860687
0.195545 0.0676285 0.236826
0.0168125 0.31512 0.168068
0.119098 0.330142 0.0507598
3.56991e-05 0.362017 0.137948
0.0833981 0.349299 0.067303
0.467699 0.0322925 8.34965e-06
0.181975 0.31798 4.46816e-05
0.137275 0.346351 0.0163732
0.0862485 0.240127 0.173625
0.0335361 0.0163963 0.450068
0.25954 0.137451 0.103009
0.0690269 0.291514 0.13946
0.275629 0.0688843 0.155486
0.293187 0.15527 0.0515433
1.51398e-05 0.15353 0.346455
0.0484143 0.435655 0.0159305
0.32675 0.138766 0.0344841
1.01114e-05 0.102537 0.397453
0.0515344 0.362397 0.0860687
0.121196 0.0690951 0.309709
0.0834674 0.150506 0.266026
0.154401 0.138236 0.207362
0.433014 0.0506126 0.0163732
0.12075 0.154166 0.225084
6.65258e-06 0.0674623 0.432531
0.292456 0.207535 8.34965e-06
0.0678293 2.06699e-06 0.432169
0.257491 0.226118 0.0163906
0.103627 0.0507924 0.345581
0.206927 0.137583 0.155491
0.190511 5.80553e-06 0.309483
0.0677337 0.185622 0.246644
4.92966e-05 0.499906 4.46816e-05
0.137246 0.241415 0.121339
0.0829955 0.41696 4.46816e-05
0.128633 0.214625 0.156743
0.0169033 0.11927 0.363826
0.138447 4.21895e-06 0.361549
0.0168377 0.194992 0.28817
