0.44458 0.000161058 0.895818
0.739917 0.33743 0.672715
0.83093 0.610695 0.0982502
0.672687 0.370228 0.739931
0.953533 0.0382286 0.301302
0.329583 0.000192222 0.944149
3.59698e-05 0.000138889 1
0.733156 0.0420679 0.68024
0.16403 0.000197053 0.986469
0.923725 0.00017125 0.383147
0.63084 0.0251668 0.775921
0.790912 0.644627 0.0713337
0.0658165 0.000110957 0.997833
0.775693 0.0369759 0.631116
0.351173 0.0248974 0.936311
0.577064 0.0151202 0.816706
0.53704 0.0837607 0.843651
0.809446 0.610471 0.317112
0.945628 0.000129493 0.325427
0.867608 0.000147388 0.497357
0.862013 0.024105 0.506905
0.199184 1.12399 0.0628817
0.110645 0.934794 0.359034
0.278936 0.000145841 0.960329
0.786426 0.000191451 0.617808
0.122959 0.000160544 0.992415
0.916257 0.0330844 0.400632
0.874268 0.0798073 0.485463
0.192312 20.1233 0.182494
0.853125 0.0369182 0.521712
0.617938 0.0293801 0.786229
0.99009 0.00013133 0.140619
0.651589 0.000128332 0.758601
0.332225 1.14716 0.057002
0.211261 0.978413 0.0829446
0.198729 1.03287 0.0939394
0.553212 0.000190848 0.833078
0.297624 0.000241722 0.954716
0.796723 0.000142821 0.604349
0.485671 0.0304762 0.874142
0.221453 0.000116943 0.975206
0.196313 1.6748 0.0652047
0.754991 0.000146556 0.655838
0.883528 0.611802 0.0521964
0.88489 0.000190445 0.465843
0.680506 0.000223045 0.73277
0.919188 0.447083 0.281232
0.841085 0.000152806 0.540963
0.800006 0.049834 0.600006
0.600134 0.000148331 0.799935
0.616167 0.81183 0.378537
0.588187 0.167096 0.808732
0.518675 1.02767 0.0571546
0.0429084 1.0508 0.354412
0.196016 0.000176494 0.98062
0.707224 0.0225597 0.707
0.104373 0.000147857 0.994542
0.916926 0.479978 0.207128
0.224196 0.396605 0.961761
0.711523 0.000145301 0.702689
0.637068 0.761345 0.42258
0.087548 0.934775 0.362335
0.934532 0.0425652 0.35611
0.964873 0.00017331 0.262721
0.620739 0.788873 0.31787
0.0410566 0.950117 0.391301
0.251773 0.0119901 0.967803
0.977236 0.0192828 0.212426
0.521453 0.0315309 0.853337
0.791919 0.65726 0.0511636
0.195566 1.50203 0.0705861
0.316153 0.0569728 0.948741
0.298285 1.17497 0.0577974
0.907247 0.000174628 0.420643
0.817061 0.021454 0.576565
0.566619 0.000159539 0.823988
0.620412 0.779273 0.347383
0.768206 0.00044243 0.640217
1 0.000161059 7.6563e-05
0.284189 0.977886 0.0877348
0.971696 7.94605e-05 0.236248
0.894596 0.0279432 0.447094
0.608572 7.93168e-05 0.793513
0.393374 0.000146566 0.919408
0.496604 0.000192588 0.868069
0.981604 0.000143304 0.191311
0.790436 0.676904 0.0448943
0.627744 0.761347 0.582743
0.419314 0.0355336 0.907859
0.466234 0.0226093 0.884665
0.0442354 0.935043 0.419202
0.196405 1.1783 0.309457
0.503885 0.0831941 0.863816
0.997554 0.000158255 0.0699135
0.644155 0.210231 0.764899
0.824065 0.0918396 0.566511
0.806427 0.0481891 0.591379
0.994952 9.85688e-05 0.100392
0.371242 0.0715308 0.928559
0.9865 0.0636374 0.164231
