1.00108 0.149163 7.82105e-05
0.991755 0.179677 0.126835
0.351418 0.785891 0.838865
0.0120764 0.0232198 1
2.48876 0.11898 0.326682
0.00298867 0.89677 1
0.291812 0.0443508 0.999992
0.991762 0.163292 0.0842901
0.761021 0.754087 0.449316
0.130071 0.110614 0.999992
0.384805 0.835675 0.720079
0.183234 1.59187 0.0636334
0.19847 0.98186 0.66909
0.171983 15.4887 0.16841
0.462187 0.875056 0.651942
0.947404 0.645303 0.314547
0.17946 1.0004 0.217673
0.992035 0.127248 0.000367345
0.99201 0.322646 8.21045e-05
0.491036 0.822075 0.681627
1.30708 0.119063 0.292051
0.962358 0.644614 0.698713
0.300883 0.981824 0.249167
0.926979 0.644707 0.56123
0.886392 0.645768 0.319346
0.176715 1.62615 0.0666237
0.000103589 0.000306292 1.00005
0.760921 0.792663 0.313303
0.862713 0.650875 0.372943
0.17624 1.31155 0.583512
0.171421 1.68222 0.34006
0.761141 0.663823 0.220625
0.764508 0.666928 0.175844
0.410371 0.789818 0.72338
1.16373 0.119518 0.116997
2.419 0.11735 0.798006
0.520576 1.13067 0.0592853
0.761093 0.67417 0.172651
2.64227 0.11735 0.545798
0.343267 0.802982 0.746853
0.991746 0.321544 0.239722
0.171582 1.81976 0.243103
0.991755 0.30882 0.0410814
0.0393627 0.252415 0.999992
0.258961 0.981825 0.3396
0.17331 1.52992 0.361664
0.413529 0.789928 0.717536
0.991748 0.255211 0.216171
0.460432 0.98179 0.278819
0.203721 0.981861 0.33975
0.761141 0.684345 0.151236
0.8093 0.647811 0.804044
0.343748 0.981863 0.108461
0.991779 0.192182 0.0334326
0.992003 0.127251 0.0468641
0.795732 0.712238 0.129483
0.408346 0.921071 0.670254
1.06818 0.12217 0.0370023
0.321311 0.787014 0.804151
0.179071 1.01523 0.076181
2.84078 0.11899 0.0916532
0.422494 1.19366 0.0592795
0.317733 0.981888 0.0925809
0.327593 0.981824 0.199341
1.12348 0.119381 0.166151
0.764494 0.672115 0.164213
0.320613 0.981814 0.324865
1.019 0.127242 0.000110955
0.177128 1.39804 0.176026
0.171412 3.03693 0.324793
0.90269 0.645311 0.351167
0.300902 0.814411 0.81482
0.177144 1.05736 0.234991
0.343562 1.20165 0.0595537
0.176723 1.43221 0.0757938
1.2002 0.121681 0.0484529
0.531813 0.882226 0.649298
0.220644 0.981888 0.226734
0.677854 0.808839 0.66036
0.171769 1.62493 0.48485
0.178185 1.54302 0.0644667
0.399903 1.20518 0.0592967
0.180361 1.00143 0.0753446
0.618312 0.785801 0.911841
1.17927 0.119341 0.190327
0.359859 0.786389 0.775712
1.24465 0.118998 0.36655
0.171347 1.74389 0.426482
0.76097 0.796221 0.218796
0.152526 0.000301173 1.00005
1.05397 0.121741 0.193501
0.276471 1.01358 0.0702306
0.628072 0.865775 0.649801
0.991769 0.155541 0.299691
8.4328 0.118667 0.108925
1.07726 0.119832 0.219944
0.761073 0.675159 0.259557
0.555756 1.10752 0.0593435
0.22153 0.981929 0.133586
0.309233 0.788054 0.784881
