0.992244 0.44165 0.436792
0.78759 0.94989 0.922963
0.906767 1.04391 0.457177
0.759868 0.248201 0.923277
0.461778 0.53789 0.923573
0.579447 1.04729 0.922991
0.906719 1.0047 0.483301
0.992469 0.612449 0.125276
0.73978 0.102258 0.92379
0.992442 0.310305 0.147664
0.993144 0.26244 0.0983638
0.997692 0.126659 0.132823
0.992299 0.388646 0.305235
0.425538 0.627807 0.924008
0.787412 0.535598 0.923068
0.454082 1.60373 0.923414
1.05766 0.405948 0.0877881
3.47296 0.117635 0.141589
0.992239 0.267434 0.717851
0.801904 2.49744 0.268685
0.383158 0.0820556 0.925953
1.02108 0.118473 0.596263
0.804995 2.34278 0.269351
0.370961 0.0619825 2.65896
0.498493 0.40648 0.923393
0.589962 0.658901 0.923092
0.673025 2.7864 0.199656
0.90943 0.676354 0.55908
0.801561 2.49295 0.318684
1.02967 0.124731 0.190681
0.404638 0.353352 0.924759
0.881967 0.407206 0.923069
0.590483 0.325745 0.923369
0.830022 2.07207 0.371881
0.906231 0.988137 0.72288
0.992273 1.01136 0.180235
0.954544 0.673135 0.662053
0.992595 0.126471 0.172528
0.471758 2.11285 0.923184
0.679523 2.83586 0.196895
0.911722 0.74206 0.39037
0.824953 1.96583 0.389206
0.468768 0.100832 0.924193
0.371983 0.139174 0.947088
0.992312 0.165247 0.458606
0.673269 0.133202 0.923676
0.370931 0.105781 2.81094
0.824994 1.91237 0.468526
0.670758 3.2841 0.74548
0.906226 1.20531 0.673981
0.992381 0.381866 0.195286
0.370964 0.0619825 2.62273
0.37132 0.063963 0.949562
0.525242 0.178623 0.923566
0.907272 0.642833 0.736381
0.6832 2.85845 0.192974
0.909547 0.773511 0.393645
1.0388 0.118257 0.632078
0.992382 0.885828 0.121431
1.519 0.11699 0.445323
0.370959 0.0619174 2.92114
0.906363 0.709495 0.606038
1.85844 0.117721 0.137422
0.999057 0.119497 0.296585
0.992518 0.125686 0.193231
0.6726 2.90328 0.199968
0.995856 0.12722 0.109931
0.65701 6.79998 0.371533
1.63274 0.11699 0.419969
1.02436 0.904099 0.0866272
0.649361 0.355505 0.923179
0.372365 0.0617454 0.947278
0.906503 1.63275 0.525951
0.672141 2.88872 0.33569
0.909042 0.711255 0.456465
1.71564 0.117768 0.154802
0.801994 2.41999 0.329453
0.371969 0.0618941 0.947168
0.519774 0.695475 0.923013
0.467254 0.120697 0.923913
0.508204 0.76863 0.923013
0.641768 2.01233 0.922841
0.909042 0.737254 0.398349
0.992718 0.406695 0.108498
0.907272 0.632316 0.833475
0.515691 0.162325 0.923598
0.992331 0.164758 0.325697
1.03996 0.124924 0.178776
0.994365 0.189511 0.104971
0.906954 0.752171 0.412461
0.993046 0.285992 0.113068
0.992317 0.261892 0.284671
0.992427 0.174818 0.21744
0.404043 0.192363 0.925025
0.445835 0.287125 0.92374
0.823891 2.04025 0.441196
0.43055 0.140212 0.924822
0.671441 3.22534 0.667494
0.65661 7.09563 0.410534
0.758527 1.79616 0.922797
