0.000546839 1.14294 1.01445
1.45229 0.076357 0.21572
1.00043 0.947798 0.000142391
0.735604 1.66347 0.967253
1.00039 0.979474 0.000363483
0.996846 0.0994655 0.16344
1.58104 0.0754387 0.48544
0.000356852 0.56251 1.0167
0.996839 0.621384 0.122196
0.996842 0.880641 0.0749465
0.973739 0.330194 0.289343
0.97276 0.284591 0.308722
0.947313 0.390587 0.384743
0.996842 0.172409 0.351423
0.930759 0.000575005 1.06328
1.01035 0.101978 2.26179e-05
0.996836 0.683205 0.264965
0.996842 0.867774 0.0691585
0.935259 1.16608 0.561083
0.93524 0.532921 0.857223
2.31895e-05 0.0268358 1.03123
0.996841 0.295262 0.137595
0.934795 2.25397 0.77269
0.996848 0.102659 0.121332
0.996917 0.0917146 0.331792
0.0122798 0.0315249 1
1.05184 0.0987211 0.169302
0.935234 1.18581 0.629237
0.785921 2.5863 0.947276
0.935964 0.618947 0.618812
0.934794 2.53198 0.73837
1.22556 0.0946983 0.0429181
0.962722 0.300041 0.333479
0.999643 0.985135 0.00277256
0.934777 2.35216 0.928235
0.786825 1.73121 0.947429
0.996842 0.375356 0.0977096
1.49967 0.0754398 0.535816
1.40092 0.000247986 1.07086
1.87854 0.0756003 0.0727587
0.000186749 0.000249049 1.592
0.996855 0.204827 0.0282172
0.935025 1.33861 0.385462
0.950216 0.334568 0.374981
0.942699 0.620125 0.541035
0.93499 1.97214 0.447912
0.996839 1.30809 0.190191
0.934987 2.07986 0.485602
0.17565 0.801954 1
0.996845 0.197054 0.0831158
1.32415 0.000160191 1.07281
0.112237 0.0575447 1
1.00874 0.101979 0.000176068
0.935097 2.21761 0.326214
0.934807 2.13347 0.918143
0.935024 1.52848 0.380113
0.935754 0.623718 0.673928
0.99684 0.856708 0.0879066
0.943987 0.893834 0.423654
0.935018 2.64337 0.397775
0.935259 1.11937 0.588801
1.01239 0.0913235 0.234878
0.99684 0.338256 0.197292
1.97073 0.0753866 0.0737919
0.99684 0.527693 0.168769
0.934793 2.59502 0.777043
0.93483 1.11484 0.913642
0.934867 2.3685 0.613474
0.935099 2.53022 0.311569
0.934852 0.722334 0.933477
1.73248 0.0754387 0.433497
0.996845 0.890036 0.0655018
1.92349 0.0753061 0.0995479
2.71098 0.0747817 0.0723228
1.63962 0.075435 0.511061
0.753589 2.67121 0.947506
4.42207e-05 0.0426448 1.02855
0.935025 1.40025 0.431333
0.935285 0.923448 0.593636
0.99688 0.105765 0.0352131
0.996839 0.166047 0.569522
1.23945 0.0919716 0.00220796
0.935008 1.60389 0.689067
1.80859 0.0756355 0.0742501
0.935074 0.538564 0.901708
1.21974 0.0970248 0.00916326
0.99684 0.314848 0.243659
0.996845 0.101949 0.129667
0.935025 1.47984 0.373038
0.996845 0.105724 0.170522
0.99684 0.165837 0.496664
0.463999 1.86104 1
0.934866 2.72954 0.61713
0.934992 1.86415 0.43055
0.996843 0.184079 0.261999
0.931377 0.00230629 1.05743
0.997669 0.0794845 0.817055
0.99684 0.6393 0.11493
1.71175 0.000115339 1.06686
0.996942 0.0919081 0.268968
