0.834939 1.26342 0.37187
1.5647 0.000453042 1.01702
0.497612 0.936324 0.998609
0.34357 2.32267 0.978832
0.668205 0.352286 0.999036
0.999779 0.37871 0.0821228
1.00438 0.852852 0.000165894
1.00434 0.969349 9.46246e-05
0.600086 1.57138 0.950969
0.207574 0.0153344 0.999996
2.32319 0.000650637 1.01683
0.324029 2.32434 0.979166
1.46782 0.00125748 1.01663
0.832241 1.39473 0.311831
0.421951 0.624044 0.999045
0.720464 0.815865 0.998334
0.000103186 0.585032 1.01906
1.24246 0.0354814 6.6813e-05
0.847807 1.04649 0.506886
0.385848 1.49535 0.972352
0.829195 1.89168 0.381603
0.365684 0.920831 0.998964
0.717973 2.33602 0.915336
0.229848 1.06459 0.999734
0.84772 1.08148 0.609016
1.01281 0.0615228 9.1911e-05
0.465782 0.414069 0.998998
0.280313 1.69089 0.997113
0.829254 1.76288 0.388426
0.831802 1.44648 0.582965
0.249419 2.16452 0.994331
0.832141 1.33068 0.32551
0.566062 2.28444 0.945787
0.848131 0.980721 0.798363
0.413142 1.95297 0.963585
8.00758e-05 0.175487 1.02773
1.00416 0.87692 0.000499655
0.278059 2.0828 0.985065
1.00406 0.92646 0.00205022
0.999781 0.172198 0.23602
0.593877 1.9621 0.942276
0.875189 1.34654 0.298756
0.000102086 0.000284446 1.0581
0.453847 1.26109 0.972976
0.424212 1.54313 0.958941
0.000928973 0.616075 1.01774
0.624283 2.26067 0.938673
0.999814 0.0364409 0.0365056
0.398847 0.506618 0.99915
0.0662802 0.598684 0.99999
0.950527 0.91751 0.676518
0.151129 1.12126 0.999863
0.619135 0.811425 0.998433
0.850603 1.03562 0.52663
0.756241 1.7478 0.917467
0.829029 3.46904 0.573647
0.829298 2.33568 0.274189
0.502252 1.4734 0.951891
0.43971 1.26103 0.978257
0.828818 4.3977 0.405477
0.868752 1.06492 0.481112
0.829137 5.34019 0.274758
0.738009 0.71963 0.998527
0.000407066 1.27945 1.0185
0.84743 1.00103 0.883591
0.657415 1.89417 0.935008
0.105441 1.78484 0.999099
0.75416 1.14108 0.953433
0.832037 1.3648 0.338477
0.123131 2.0903 0.999074
0.352302 1.03478 0.998973
0.175702 2.25119 0.999018
0.476253 1.96891 0.953423
0.999781 0.202525 0.034675
0.855097 0.284043 0.999149
0.233012 1.16266 0.999234
0.459784 0.524025 0.998993
0.424787 0.274346 0.999876
0.451784 1.3348 0.958261
0.323216 1.88936 0.979643
0.829101 3.30407 0.553182
0.696247 1.80016 0.931722
0.0996799 1.82506 0.99911
0.536777 2.06319 0.947482
0.829178 2.32931 0.690591
0.689675 2.16109 0.931542
0.52416 0.908782 0.998651
0.734691 1.30032 0.947258
0.781005 2.21968 0.912616
0.577983 0.391507 0.999036
0.115908 1.53673 0.999192
0.0131588 0.02796 1.00001
0.828779 4.55053 0.812969
0.999801 0.0496218 0.107205
2.56779 0.0180688 0.0175096
0.0700383 0.000284446 1.03912
0.832198 1.27699 0.33225
0.829252 2.32504 0.277544
0.924118 1.01802 0.511652
0.850404 2.28287 0.240952
