0.297455 0.0251787 0.954834
0.350923 0.000303281 0.93647
0.999326 0.0468926 0.0367434
0.928513 0.0354229 0.371395
0.995068 0.000301876 0.0992846
0.894398 0.0934755 0.4473
0.0705521 0.00030336 0.997514
0.364979 18.9718 0.369356
0.124018 0.0546049 0.992287
1 0.000284276 6.00038e-05
0.400529 0.0231273 0.916306
0.252558 0.0139101 0.967589
0.843609 0.0928667 0.537076
0.852958 0.0322469 0.522061
0.897816 0.000285857 0.440435
0.817076 0.0299421 0.576822
0.630963 0.0188453 0.77608
0.607347 0.000283509 0.794504
0.841302 0.000271794 0.540627
0.970458 0.000277615 0.242504
0.914357 0.0213992 0.404976
0.739909 0.146458 0.672745
0.422387 0.0355535 0.906468
0.504042 0.113364 0.863727
0.942802 0.000279272 0.33343
0.980615 0.0375704 0.196019
0.640383 0.236662 0.768072
0.954553 0.0395557 0.298242
0.936371 0.0361023 0.351085
0.79814 0.000296107 0.602548
0.577635 0.000293993 0.816344
0.948836 0.0609468 0.315955
0.857538 0.0150385 0.514526
0.617874 0.0377643 0.786383
0.939828 0.157716 0.341686
0.521639 0.000366544 0.853265
0.0910682 0.929648 0.376259
0.600451 0.0184902 0.799691
0.824053 0.0326627 0.566648
0.419144 0.547517 0.90793
0.864064 0.100972 0.503513
0.331244 0.000307998 0.943568
0.874121 0.000470736 0.485805
0.116469 1.84568 0.369373
0.475959 0.800308 0.673737
0.55539 0.000280145 0.831637
0.485778 0.0883219 0.87416
0.976311 0.0991434 0.216879
0.680461 0.0325039 0.732916
0.541091 0.0865449 0.841021
0.76835 0.203708 0.640157
0.239846 0.000289105 0.970867
0.287139 0.000311289 0.957962
0.997597 0.000344795 0.0693878
0.673124 0.360031 0.739541
8.49643e-05 0.000292948 1
0.710916 0.000287518 0.703363
0.213084 1.02841 0.369384
0.986464 0.0435421 0.164119
0.800086 0.0210515 0.59998
0.808897 0.193318 0.58801
0.195424 0.000320726 0.980805
0.592113 0.790867 0.65978
0.173912 0.000246824 0.984767
0.786167 0.0414562 0.61807
0.763302 0.0638474 0.646121
0.989082 0.000285596 0.147441
0.774856 0.0443687 0.632167
0.443637 0.000310661 0.89628
0.371358 0.00195974 0.928505
0.96154 0.107919 0.274763
0.832136 0.000387416 0.554671
0.919136 0.000333297 0.39403
0.209218 0.0672291 0.977881
0.467832 0.0216526 0.88391
0.125319 1.04953 0.370381
0.653165 0.000311502 0.757243
0.984756 0.0002946 0.17402
0.884189 0.0130409 0.46724
0.482987 0.929547 0.373254
0.755644 0.00028035 0.655075
0.732176 0.0228129 0.681136
0.868173 0.000287276 0.496291
0.707335 0.0328766 0.706998
0.388152 0.000329959 0.921677
0.56664 0.057337 0.823986
0.907924 0.0352576 0.419294
0.315563 0.0328991 0.949023
0.0449359 1.12029 0.369755
0.274668 0.124929 0.961575
0.496795 0.000286915 0.867884
0.992331 0.0975099 0.123759
0.0477609 0.929374 0.420351
0.591455 0.212813 0.806384
0.989965 0.0443639 0.141401
0.102488 0.000283365 0.994797
0.155934 0.000336941 0.987811
0.957899 0.177663 0.287141
0.96499 0.000287862 0.262317
0.22857 0.174548 0.973574
