0.507178 0.0989287 0.861921
0.841201 0.0307757 0.540755
0.982969 0.000189207 0.183859
0.210902 0.547431 0.916569
0.362342 0.0666007 0.932075
0.975299 0.27714 0.189147
5.28949e-05 0.011436 1
0.496253 0.000179808 0.868207
0.419065 0.407521 0.90802
0.678399 0.761722 0.00113845
0.521846 0.0317449 0.853069
0.485718 0.0792262 0.874173
0.994247 0.000216825 0.107149
0.732836 0.0331748 0.680647
0.806437 0.0897011 0.591384
0.195247 0.000187908 0.980823
0.93656 0.0418253 0.350565
0.167183 0.61713 0.916451
0.287358 0.00015832 0.957852
0.400126 0.0249749 0.916497
0.928502 0.0418989 0.371347
0.942882 0.000213145 0.333153
0.800489 0.0237373 0.599448
0.793425 0.000211763 0.608689
0.599365 0.000239416 0.800569
0.656704 0.915303 0.258987
0.894674 0.000202953 0.446737
0.28971 0.810933 0.597862
0.954536 0.0199405 0.298361
0.285834 0.778163 0.682712
0.817008 0.0369935 0.576774
0.87412 0.0885943 0.4858
0.739951 0.297812 0.672704
0.656705 1.01584 0.144764
0.852967 0.0233556 0.522038
0.98642 0.044276 0.164259
0.948689 0.000201722 0.316301
0.19159 0.816973 0.697768
0.192083 0.852265 0.608786
0.123824 0.085047 0.992305
0.831761 0.000214229 0.555193
0.75759 0.000245339 0.652746
0.141416 0.0262709 0.989972
0.380941 0.000243697 0.924628
0.607903 0.000207495 0.794069
0.661353 0.806854 0.0162245
0.972833 0.000196012 0.231583
0.316101 0.0791391 0.94876
0.633279 0.029741 0.774007
0.19097 1.43209 0.60937
0.65592 1.01735 0.211405
0.645934 0.197129 0.76345
0.425185 0.794504 0.597878
0.105821 0.00015648 0.994431
0.425492 0.0693021 0.905006
0.991059 0.000212604 0.13349
0.861914 0.131673 0.5071
0.996826 0.092937 0.0796133
0.68048 0.000233348 0.732816
0.786181 0.121936 0.618002
0.298185 0.0151608 0.954524
0.164097 0.0516906 0.986463
0.868139 0.000233961 0.496383
0.0905317 0.25109 0.995897
0.262938 0.0224413 0.964837
0.237723 0.778245 0.760983
0.656167 1.57618 0.0894286
0.153492 0.638789 0.982445
0.657156 0.000236963 0.753827
0.197875 1.50394 0.599732
0.967788 0.0387199 0.251791
1 0.000189262 4.95894e-05
9.9626e-05 0.000206862 1.00183
0.566536 0.154461 0.824054
0.672771 0.338641 0.73987
0.220718 0.917438 0.59786
0.342573 0.000243568 0.939591
0.540864 0.0363448 0.841129
0.775957 0.000186192 0.63079
0.906118 0.0738284 0.423058
0.82411 0.0545278 0.566437
0.440677 0.000214151 0.897736
0.553577 0.000252087 0.832866
0.580367 0.0238554 0.814376
0.744423 0.744764 0.0508673
0.617948 0.101909 0.786292
0.545967 6.94939 0.597743
0.465603 0.014024 0.88506
0.883915 0.0400876 0.467666
0.447189 0.0360355 0.894446
0.961546 0.000246221 0.274734
0.215789 0.000207277 0.976487
0.706864 0.000149945 0.707445
0.356197 0.778163 0.603232
0.071098 0.0001962 0.997498
0.241738 0.0166313 0.97045
0.768186 0.065166 0.640233
0.0413639 0.121058 0.99915
0.665269 0.746913 0.00221035
0.91925 0.000250319 0.393735
