1.00357 0.931059 0.000559805
0.175368 0.65646 0.99286
0.701056 0.250228 0.963898
1.03194 0.404159 0.000326298
0.317374 0.319576 0.982565
0.546521 0.948767 0.0774284
0.0512033 1.19741 0.389561
0.853657 0.505409 0.935496
0.504031 0.383941 0.961874
0.0512954 1.34948 0.381145
0.00301483 1.26765 1.00001
0.231912 0.160664 0.994541
0.998759 0.310326 0.102763
0.0921462 0.928045 0.377302
0.44934 0.435131 0.964039
0.102521 0.927575 0.579333
0.137831 1.69798 0.370386
0.389397 0.99886 0.123261
0.619753 0.741912 0.943912
0.113292 1.00662 0.374774
0.573666 0.171825 0.978808
0.247691 0.232618 0.990768
0.701792 0.596206 0.93656
0.699329 0.918066 0.122058
0.406873 0.917553 0.199328
0.817623 0.207155 0.968178
0.000156798 0.000139197 1.00034
0.305384 0.626506 0.982029
0.90767 0.766407 0.508701
0.440537 0.159531 0.979921
0.0132225 0.024362 1.00002
0.499999 0.919704 0.0781111
0.241893 0.289507 0.987418
0.412461 0.922397 0.140261
0.702268 0.503028 0.937983
0.433472 0.1028 0.987628
0.293425 0.135158 0.987713
0.387853 1.06351 0.110681
0.492411 0.862867 0.701676
0.123647 1.9654 0.370401
0.0570476 0.92997 0.497664
0.692801 1.34341 0.0761958
0.604745 1.58723 0.0762215
0.540393 0.916472 0.600747
0.936936 0.646296 0.256746
0.416241 0.597953 0.96197
0.386708 1.07673 0.255656
0.936424 0.608342 0.3026
0.539301 0.107593 0.98397
0.494835 0.92447 0.0873294
0.288267 0.448319 0.983051
0.0899957 1.12871 0.3764
0.638867 0.265937 0.961392
0.362094 17.0731 0.370091
0.385956 1.58933 0.230315
0.413826 0.917512 0.157155
0.936431 0.5776 0.315895
0.93615 0.519857 0.539393
0.156044 0.362395 0.994336
0.919427 0.456997 0.935496
0.22915 0.280547 0.988166
0.998783 0.132355 0.156173
0.599913 0.916621 0.390378
0.482678 0.356093 0.966299
0.163557 0.28204 0.994365
1.00303 0.86602 0.00134567
0.218586 0.927427 0.554357
0.057816 0.927993 0.481506
0.22088 1.07962 0.370315
0.270778 0.139263 0.991906
7.88314 0.0193397 0.0187348
0.508719 0.300655 0.966299
1.00431 0.886426 0.000131345
0.369094 10.0868 0.370106
1.03825 0.197534 0.000909245
0.553124 0.4811 0.958965
0.340072 0.261186 0.983571
0.723366 0.388727 0.958186
0.131406 0.928184 0.374972
0.511442 0.922067 0.0777736
0.387497 2.17504 0.168468
0.387706 1.04524 0.135593
0.93806 0.513971 0.632545
0.4129 0.216697 0.979876
0.404499 0.921224 0.181262
0.999649 0.0353624 0.0353335
0.505302 0.651565 0.959379
0.826207 0.650624 0.93544
0.998591 0.116805 0.555914
0.998017 0.246636 0.225997
0.388305 1.3198 0.103852
0.0604681 0.0764184 0.999731
0.294093 0.0444348 0.999604
0.261706 0.68196 0.983186
0.84756 0.32736 0.948846
0.99948 0.0445679 0.0949534
0.389335 0.305758 0.980276
0.659459 1.50045 0.0761913
0.998176 0.284036 0.183725
0.600206 0.844325 0.814716
