0.799388 0.000158368 0.600823
0.705486 0.000168319 0.70877
0.813721 0.0417048 0.581296
0.98648 0.0396378 0.164201
0.906271 0.0700821 0.422703
0.0653265 1.41533 0.5021
0.740679 0.674053 0.152787
0.750317 0.468719 0.533513
0.522211 0.00020789 0.852841
0.884976 0.0221769 0.465857
0.853245 0.0321026 0.521537
0.792593 0.11584 0.609755
0.123832 1.19552 0.502281
0.160711 1.75922 0.157034
0.16994 1.50538 0.0631934
0.0943908 0.862504 0.516486
0.861777 0.119012 0.507307
0.741173 0.493821 0.53443
0.921846 0.000207533 0.388865
0.330098 0.000211657 0.943948
0.422875 0.0710076 0.906238
0.841161 0.000192212 0.540865
0.624726 0.0453903 0.780864
0.476364 0.837605 0.327127
0.91618 0.000255115 0.400889
0.114619 0.0192448 0.993413
0.738873 0.832181 0.0117437
0.376702 0.663942 0.744913
0.734846 0.0335076 0.678246
0.371273 0.0346425 0.928544
0.195689 0.000136486 0.980678
0.898123 0.000212584 0.439914
0.640238 0.201066 0.768183
0.928523 0.0342227 0.371422
0.171688 0.983551 0.0837223
0.83208 0.131416 0.554716
0.997332 0.023846 0.0732395
0.752406 0.674959 0.0433501
0.65208 0.000136486 0.758177
0.280915 0.000170215 0.959745
0.60369 0.82123 0.376424
0.242325 0.0338616 0.970199
0.158816 1.72762 0.312957
0.167629 0.997796 0.0787822
0.447094 0.000132016 0.89452
0.222196 0.98315 0.0853685
1 0.000172821 4.14535e-05
0.581028 0.0194311 0.813891
0.22477 0.894638 0.502502
0.763377 0.00661632 0.646002
0.491237 0.821669 0.503175
0.50696 0.0926302 0.861974
0.672673 0.0997821 0.739948
0.540793 0.0228659 0.841164
0.976265 0.0241533 0.216699
0.49723 0.000138118 0.867662
0.755311 0.000120493 0.655419
0.955005 0.0333217 0.296594
0.0790905 0.000139212 0.996874
0.552564 0.000192212 0.833475
0.465707 0.0259779 0.884965
0.228306 1.28224 0.0631445
0.610062 0.000138113 0.792409
0.948738 0.0137584 0.316143
0.980719 0.000193162 0.195638
0.993894 0.000157197 0.110363
0.0642898 0.949105 0.507248
0.158326 15.1633 0.14975
0.22148 0.000185971 0.975245
0.158998 1.62895 0.224718
0.351046 0.0249582 0.936365
0.566589 0.0149748 0.82402
0.0430294 0.000193162 0.999075
0.485773 0.0340896 0.87409
0.166543 0.99678 0.158291
0.680517 0.000170229 0.732776
0.138731 0.000179261 0.990333
0.267688 0.0429463 0.963532
0.868504 0.000136486 0.495808
0.316036 0.0252391 0.948755
0.939598 9.32965e-05 0.342286
0.89459 0.145085 0.446941
0.874154 0.0149028 0.485734
0.780727 0.0217147 0.624929
0.739012 0.737649 0.211538
0.807857 0.165276 0.589404
0.063837 0.984556 0.734684
0.59993 0.0510527 0.800069
0.95968 0.000179291 0.281212
0.560416 1.12254 0.0631334
0.16417 0.07891 0.986461
0.470451 0.826892 0.348623
0.064131 0.912147 0.548695
0.296538 0.0340591 0.95504
0.394066 0.000193244 0.919105
0.746762 0.673599 0.0910477
4.1027e-05 0.000193152 1
0.964799 0.000170026 0.263039
0.99033 0.000179256 0.138982
0.97049 0.000136486 0.241517
