0.00748744 0.920939
0.0163239 0.901073
0.353708 0.406578
0.416888 0.359812
0.0473223 0.78505
0.870104 0.0785436
0.752683 0.135167
0.760978 0.132471
0.0219558 0.892121
0.237126 0.549427
0.701376 0.170441
0.574487 0.263298
0.659783 0.189869
0.10352 0.706475
0.421788 0.354374
0.647524 0.198927
0.281408 0.471348
0.156827 0.612225
0.918535 0.0451676
0.466424 0.318633
0.273248 0.480675
0.67194 0.182016
0.940221 0.0335596
0.582246 0.239803
0.339198 0.419707
0.516785 0.28419
0.943435 0.0298099
0.113232 0.673328
0.730487 0.147887
0.554276 0.279509
0.606749 0.22446
0.447732 0.332248
0.39608 0.371333
0.800154 0.106655
0.987127 0.0141281
0.132165 0.643527
0.795304 0.110313
0.848436 0.0807807
0.81499 0.0980729
0.352224 0.408884
0.507831 0.287937
0.0878137 0.713228
0.311545 0.444794
0.9117 0.0487072
0.124907 0.65609
0.387819 0.378788
0.452806 0.330568
0.0129265 0.909692
0.150928 0.615731
0.445074 0.340754
0.525106 0.283151
0.184017 0.57493
0.145597 0.623038
0.00197963 0.996669
0.334342 0.422989
0.241568 0.51094
0.362574 0.404876
0.140912 0.635505
0.739681 0.145676
0.261209 0.501346
0.220496 0.566797
0.238634 0.527116
0.628034 0.213771
0.170976 0.606286
0.664902 0.186779
0.179967 0.587735
0.289588 0.469557
0.323162 0.437553
0.975952 0.0172477
0.485236 0.304417
0.00520079 0.957685
0.383762 0.383219
0.378611 0.397131
0.098186 0.70898
0.0419565 0.841546
0.0352993 0.850462
0.307738 0.455068
0.999789 0.000649948
0.642565 0.2035
0.686752 0.172699
0.182295 0.576843
0.00304642 0.971042
0.11599 0.661562
0.0259698 0.857366
0.910003 0.0647118
0.0865026 0.718113
0.112154 0.688977
0.578015 0.241082
0.429339 0.352102
0.210788 0.569775
0.0546547 0.772763
0.0665516 0.74669
0.249187 0.503242
0.616466 0.216585
0.714241 0.155375
0.784171 0.115942
0.0756942 0.743175
0.0635223 0.749861
0.778983 0.124715
0.0575892 0.76837
