0.265041 0.497087
0.507709 0.288247
1 0.000376017
0.60561 0.223814
0.00594912 0.943105
0.720597 0.152136
0.670187 0.181562
0.54557 0.261562
0.289988 0.464648
0.428323 0.347221
0.532581 0.275072
0.395356 0.372874
0.173068 0.58433
0.577922 0.240147
0.199799 0.555582
0.51532 0.283606
0.648986 0.194633
0.301957 0.452327
0.770404 0.123014
0.829275 0.0914485
0.479484 0.309723
0.636006 0.203064
0.912392 0.0452231
0.0742417 0.729787
0.0799161 0.719682
0.243749 0.507366
0.114922 0.662517
0.487788 0.302759
0.55285 0.25842
0.448597 0.330631
0.597359 0.234997
0.327809 0.42892
0.0962414 0.695291
0.00205038 0.966186
0.0142197 0.886839
0.136472 0.632079
0.985372 0.00774504
0.334614 0.422258
0.054097 0.768239
0.691408 0.169724
0.785484 0.114562
0.405542 0.365248
0.358628 0.401538
0.0107839 0.898995
0.317971 0.436509
0.0342938 0.816873
0.21855 0.53476
0.103912 0.681498
0.878639 0.0627406
0.273224 0.479841
0.896239 0.0538251
0.0679076 0.748761
0.45671 0.325513
0.741069 0.139407
0.120669 0.654048
0.10837 0.673386
0.252206 0.503533
0.818607 0.095832
0.0298032 0.841287
0.233605 0.519307
0.0214576 0.862901
0.145945 0.620305
0.412832 0.358226
0.798688 0.106579
0.84534 0.0805981
0.467829 0.316124
0.565581 0.250196
0.15079 0.612038
0.751852 0.133052
0.378283 0.387627
0.211022 0.541047
0.185105 0.572266
0.0226067 0.854383
0.539987 0.267524
0.72836 0.147353
0.937874 0.0352291
0.613527 0.218902
0.967803 0.0170223
0.312826 0.443002
0.00033098 0.999058
0.660449 0.187533
0.085185 0.708208
0.867073 0.0715529
0.368326 0.393343
0.387258 0.378356
0.419688 0.352697
0.128958 0.645675
0.499031 0.298078
0.622395 0.212918
0.950642 0.0262582
0.159158 0.605475
0.439911 0.337274
0.226343 0.524946
0.062441 0.757473
0.68076 0.176054
0.0462841 0.7952
0.0392024 0.808624
0.345078 0.414157
0.280516 0.471781
0.700938 0.163198
