0.729322 0.148277
0.999993 0.0011153
0.379654 0.388681
0.213513 0.542269
0.324183 0.434776
0.167071 0.592538
0.738702 0.14483
0.372977 0.391075
0.186056 0.580047
0.0707654 0.746233
0.574827 0.243078
0.133076 0.638484
0.635027 0.203735
0.430511 0.347146
0.421764 0.351125
0.658923 0.1891
0.0124537 0.901986
0.835065 0.0900157
0.236112 0.52115
0.0628816 0.751966
0.396998 0.371294
0.125913 0.657005
0.873168 0.0727566
0.0024648 0.965472
0.332694 0.424373
0.00460801 0.947559
0.259847 0.491647
0.206434 0.568518
0.241505 0.509421
0.223505 0.540449
0.61398 0.217057
0.0848293 0.721023
0.653498 0.196637
0.687016 0.175062
0.509332 0.287614
0.174253 0.583222
0.444485 0.339919
0.53942 0.274317
0.547646 0.263203
0.814624 0.098573
0.354705 0.410365
0.949271 0.0269489
0.0309822 0.858553
0.570459 0.254718
0.57872 0.239757
0.0442418 0.802617
0.0579637 0.76664
0.0352267 0.815004
0.28248 0.47116
0.501561 0.297562
0.469324 0.317182
0.980059 0.0149736
0.542743 0.268764
0.506818 0.288613
0.667429 0.183633
0.477255 0.312489
0.39166 0.375306
0.304007 0.449135
0.200564 0.576417
0.706387 0.160864
0.592319 0.231633
0.115335 0.660539
0.248884 0.503583
0.0396229 0.806674
0.448062 0.331148
0.0946717 0.694496
0.0872384 0.713354
0.803825 0.107463
0.968081 0.0176257
0.675337 0.179351
0.405354 0.369156
0.154248 0.609364
0.876028 0.0649814
0.346371 0.412397
0.367531 0.395082
0.298353 0.455408
0.139058 0.630711
0.0545278 0.772563
0.149089 0.615677
0.75416 0.132012
0.0081484 0.911615
0.208928 0.545432
0.275424 0.479987
0.782119 0.116332
0.457723 0.329044
0.327792 0.429814
0.000924737 0.995242
0.111111 0.682991
0.841372 0.0832267
0.700629 0.163731
0.765082 0.12934
0.944708 0.0362668
0.485753 0.304615
0.931515 0.0411101
0.0238617 0.868902
0.104002 0.690818
0.0779671 0.73986
0.0164048 0.883978
0.911971 0.0460735
0.0896522 0.703819
