0.0659963 0.754284
0.853555 0.079166
0.947376 0.0268679
0.519113 0.282837
0.000559673 0.991357
0.131939 0.637878
0.666376 0.184602
0.643929 0.208117
0.0080428 0.935935
0.489717 0.30348
0.679153 0.179741
0.691357 0.175905
0.610695 0.226446
0.42566 0.347912
0.654406 0.19312
0.629272 0.210895
0.166875 0.59271
0.0814672 0.745702
0.333537 0.424279
1 0.000857145
0.783221 0.115186
0.922412 0.0461108
0.528908 0.275621
0.206234 0.55351
0.29701 0.460722
0.989337 0.0112847
0.926298 0.0419752
0.354808 0.410242
0.163535 0.596804
0.145748 0.63376
0.866532 0.0730348
0.891499 0.0594213
0.277759 0.481391
0.218705 0.533431
0.834667 0.0897916
0.963482 0.0222837
0.344904 0.415632
0.393666 0.372946
0.590788 0.234679
0.461503 0.325004
0.446683 0.333236
0.280248 0.47266
0.197054 0.56136
0.152701 0.613016
0.826072 0.0934227
0.759733 0.128464
0.727014 0.147715
0.0392409 0.806514
0.0554018 0.784314
0.587859 0.242735
0.229191 0.528172
0.384944 0.385687
0.882771 0.0630491
0.44969 0.330034
0.798313 0.10681
0.181663 0.57663
0.716708 0.156647
0.190848 0.569859
0.596459 0.23258
0.497055 0.295433
0.00382599 0.957341
0.37341 0.391128
0.561136 0.254612
0.31991 0.43607
0.550693 0.261189
0.129844 0.639808
0.289858 0.469229
0.421308 0.363729
0.0129755 0.890841
0.848444 0.0812327
0.0474146 0.792455
0.112429 0.674622
0.0344558 0.828988
0.542332 0.268763
0.254625 0.50464
0.0928207 0.69547
0.0595223 0.759298
0.257699 0.495085
0.706465 0.160806
0.159774 0.604917
0.116297 0.660196
0.0163652 0.881486
0.211876 0.545939
0.266095 0.491621
0.408862 0.371063
0.766352 0.127107
0.00109831 0.97704
0.315287 0.446655
0.613934 0.216528
0.103513 0.690101
0.510943 0.290101
0.0908235 0.713071
0.906516 0.0573854
0.0233758 0.876079
0.432775 0.34536
0.983396 0.0166293
0.46593 0.318043
0.703593 0.165962
0.369091 0.39439
0.123569 0.654725
