0.549599 0.259576
0.0695463 0.738373
0.00373396 0.946064
0.801332 0.105367
0.249476 0.501797
0.527746 0.27385
0.194478 0.559535
0.256142 0.49466
0.459195 0.322846
0.351892 0.407876
0.343887 0.413873
0.933062 0.0347459
0.896581 0.0532429
0.450429 0.329713
0.210543 0.543173
0.626128 0.208726
0.916657 0.0442301
0.0792482 0.719623
0.884302 0.0602801
0.440106 0.336824
0.49743 0.294928
0.421992 0.350679
0.181039 0.575282
0.846285 0.0802644
0.0845402 0.711624
0.335378 0.421427
0.0341079 0.817441
0.48732 0.303552
0.319758 0.434885
0.394157 0.372474
0.582461 0.23779
0.303096 0.450697
0.312333 0.442304
0.8307 0.0889744
0.293104 0.458659
0.0993806 0.686601
0.116819 0.660626
0.714197 0.15566
0.241008 0.510802
0.218362 0.532827
0.150772 0.612779
0.0619107 0.751831
0.0454079 0.790769
0.129179 0.642017
0.677205 0.177592
0.756424 0.13106
0.666542 0.183741
0.039003 0.807301
0.00904245 0.909527
0.230353 0.52035
0.203097 0.550389
0.517327 0.281508
0.559087 0.252422
0.144207 0.620766
0.603235 0.224469
0.377753 0.387061
0.360569 0.400225
0.814332 0.0976918
0.0213195 0.858074
0.107365 0.672732
0.786211 0.11432
0.0256446 0.84386
0.173835 0.583106
0.986016 0.00777496
0.863518 0.0712183
0.951929 0.0254764
0.368741 0.393383
0.537939 0.266714
0.651632 0.193531
0.270923 0.481263
0.328004 0.427927
0.700536 0.163237
0.743577 0.138533
0.569653 0.245816
0.158184 0.605479
0.386148 0.379332
0.0927405 0.696548
0.470337 0.314431
0.618477 0.215003
0.136922 0.630161
0.403729 0.364741
0.507328 0.287773
0.688285 0.171151
0.999992 0.00013945
0.727564 0.147186
0.0127669 0.890686
0.413117 0.357659
0.958786 0.0215351
0.0530702 0.773571
0.592466 0.230746
0.000191372 0.998066
0.12264 0.65125
0.430618 0.344414
0.977772 0.0138974
0.2811 0.471639
0.166269 0.592597
0.641418 0.200637
0.773809 0.120719
0.00199992 0.963751
0.263461 0.487778
