0.151311 0.612045
0.0143777 0.883096
0.559295 0.252431
0.000162458 0.997477
0.0770623 0.725173
0.548366 0.260172
0.32744 0.428531
0.0359119 0.813505
0.181116 0.574574
0.22628 0.524743
0.278191 0.473557
0.303881 0.449608
0.24875 0.501277
0.652284 0.193597
0.91452 0.0442164
0.603448 0.223456
0.360132 0.400792
0.741346 0.139598
0.403536 0.3658
0.412211 0.359497
0.174164 0.583477
0.00556342 0.934614
0.33559 0.421067
0.441165 0.336093
0.369725 0.392432
0.593597 0.230524
0.975135 0.0137212
0.680626 0.175388
0.352262 0.406549
0.580892 0.2381
0.487441 0.303212
0.517395 0.281428
0.430491 0.344469
0.311391 0.442038
0.0546063 0.766974
0.955683 0.023281
0.319609 0.434905
0.999975 0.000191747
0.287108 0.464597
0.626226 0.208978
0.879105 0.0625803
0.0618469 0.752419
0.010417 0.901006
0.029597 0.831617
0.217479 0.535038
0.478002 0.309029
0.377684 0.386642
0.144077 0.621018
0.271733 0.479044
0.509347 0.28765
0.122329 0.650488
0.727646 0.14713
0.639162 0.200983
0.344453 0.413624
0.537758 0.267134
0.847628 0.0799123
0.195921 0.557828
0.296051 0.456789
0.158302 0.60438
0.756697 0.130859
0.697278 0.166241
0.935678 0.0335778
0.21077 0.541322
0.456135 0.325259
0.830277 0.0890039
0.387234 0.378527
0.705146 0.160728
0.132477 0.636197
0.986252 0.00754683
0.26357 0.487425
0.465512 0.31787
0.233165 0.517959
0.00197678 0.963257
0.862277 0.0715799
0.0389847 0.805086
0.422997 0.350755
0.897231 0.0533052
0.240723 0.510116
0.774631 0.120165
0.717196 0.154492
0.0924703 0.696131
0.616667 0.215861
0.0991664 0.687502
0.166396 0.592209
0.0193624 0.861681
0.815319 0.097433
0.571172 0.245123
0.497478 0.295023
0.0831234 0.715078
0.527222 0.274345
0.786643 0.113993
0.668577 0.183099
0.798964 0.106241
0.0689333 0.73905
0.114168 0.663126
0.188172 0.568241
0.203286 0.550109
0.0457978 0.790351
0.107296 0.67271
0.39507 0.3718
