0.00378179 0.940794
0.865973 0.0712629
0.913316 0.0519473
0.333025 0.423115
0.0145632 0.904237
0.939915 0.0352754
0.367967 0.393744
0.213813 0.538361
0.431582 0.343999
0.582177 0.238176
0.437262 0.339392
0.736574 0.143428
0.529047 0.274161
0.088951 0.702736
0.421814 0.350961
0.785342 0.116431
0.396402 0.374695
0.129865 0.642116
0.949335 0.0294012
0.0693656 0.739901
0.45992 0.323328
0.512193 0.285505
0.548466 0.259928
0.00761766 0.925616
0.00212905 0.963301
0.404302 0.365771
1 0.000165456
0.717081 0.155055
0.0933521 0.697235
0.25674 0.495967
0.666974 0.183547
0.640657 0.201293
0.355922 0.405811
0.0766571 0.726818
0.538543 0.267638
0.34349 0.416504
0.14449 0.620735
0.626526 0.208925
0.959602 0.0210351
0.218692 0.534758
0.755905 0.131347
0.518106 0.282279
0.766601 0.124522
0.158922 0.609311
0.477945 0.308984
0.114364 0.66808
0.68897 0.171308
0.973941 0.0156441
0.831949 0.0887588
0.273537 0.479866
0.121442 0.66136
0.292997 0.459569
0.563699 0.256489
0.742998 0.13937
0.488956 0.304337
0.37807 0.389584
0.0352449 0.813253
0.250013 0.50252
0.607673 0.223669
0.701032 0.163003
0.989344 0.00996948
0.4981 0.295136
0.590518 0.2338
0.152229 0.615901
0.283779 0.472271
0.166501 0.593127
0.577667 0.246422
0.468857 0.317885
0.021474 0.865358
0.13654 0.635764
0.408372 0.362972
0.000334133 0.997377
0.312779 0.442703
0.653772 0.193743
0.244283 0.512597
0.0610951 0.763107
0.0298716 0.830395
0.815143 0.0979546
0.799681 0.106409
0.676143 0.179083
0.0857433 0.710667
0.882583 0.0612222
0.100155 0.683604
0.846245 0.0803463
0.38724 0.380471
0.87044 0.06779
0.307263 0.448058
0.197108 0.558868
0.0456493 0.802404
0.321243 0.436079
0.0509438 0.77774
0.203557 0.550153
0.616606 0.217194
0.233621 0.528294
0.179158 0.577266
0.917792 0.0441787
0.127028 0.645687
0.188696 0.571743
0.449856 0.331332
0.107271 0.675129
