0.642074 0.202533
0.00435267 0.940974
0.263871 0.487518
0.956446 0.0232069
0.880403 0.08571
0.2271 0.52593
0.271188 0.480175
0.126641 0.646867
0.614 0.237343
0.105488 0.678975
0.0714957 0.737024
0.00267779 0.959273
0.000910429 0.991272
0.474079 0.317737
0.888808 0.079862
0.494806 0.302726
0.549465 0.261214
0.191359 0.566178
0.626316 0.219276
0.0836833 0.715363
0.256872 0.495468
0.444936 0.33571
0.509091 0.287084
0.184241 0.573901
0.77421 0.136093
0.278926 0.47308
0.560761 0.252536
0.294499 0.458884
0.219855 0.53372
0.176769 0.582156
0.349294 0.410631
0.486284 0.310185
0.373981 0.390393
0.050714 0.778568
0.0778872 0.725195
0.407415 0.362814
0.205362 0.549592
0.366839 0.397225
0.212619 0.541701
0.453257 0.32846
0.162438 0.598622
0.825749 0.112427
0.501668 0.294909
0.0910025 0.702674
0.249387 0.502403
0.0113759 0.897784
0.0612112 0.75689
0.391556 0.378213
0.399248 0.369599
0.0180977 0.869442
0.531908 0.274192
0.0148134 0.882303
0.301643 0.451062
0.140645 0.627195
0.0462174 0.788504
0.0340109 0.819349
0.198397 0.557898
0.310162 0.444104
0.382904 0.385419
0.919566 0.0703726
0.169754 0.590692
0.235177 0.518631
0.461579 0.322271
0.155272 0.607359
0.796118 0.12876
0.867175 0.0921753
0.112551 0.668272
0.51903 0.281379
0.635875 0.205952
0.341038 0.416413
0.326027 0.430402
0.0552059 0.768725
0.746678 0.159355
0.317722 0.43695
0.582246 0.248063
0.539019 0.266281
0.241885 0.51059
0.0229502 0.852618
0.738537 0.178495
0.133968 0.636905
0.946277 0.0539996
0.332959 0.423644
0.286283 0.465686
0.427539 0.34929
0.951304 0.0366094
0.733027 0.188348
0.763435 0.151587
0.0306633 0.828428
0.435344 0.342048
0.357626 0.403697
0.0981802 0.690391
0.417183 0.357076
0.0260458 0.841734
0.693661 0.197092
0.119546 0.657385
0.00764977 0.918133
0.0385858 0.80721
0.148177 0.616784
0.817616 0.117937
0.0671381 0.744827
