0.880352 0.11499
0.404806 0.366839
0.0818092 0.720257
0.559405 0.254021
0.883206 0.103941
0.360695 0.400366
0.101698 0.687814
0.599874 0.24451
0.00908976 0.915451
0.472185 0.319333
0.995411 0.0177576
0.242231 0.510136
0.052763 0.776362
0.108301 0.678072
0.183236 0.578391
0.455079 0.334393
0.124103 0.655194
0.480181 0.31311
0.0371381 0.813164
0.0859063 0.712916
0.304031 0.449939
0.367684 0.396362
0.42258 0.352897
0.153381 0.614477
0.145555 0.626243
0.751981 0.144188
0.0638586 0.752841
0.637735 0.213263
0.0434029 0.797715
0.212309 0.542999
0.175625 0.586165
0.0725226 0.737238
0.00184389 0.992126
0.491668 0.301767
0.265155 0.487267
0.0160759 0.881543
0.0275421 0.840838
0.523404 0.284996
0.576334 0.248256
0.93383 0.0768246
0.644429 0.204501
0.257763 0.495459
0.442207 0.33972
0.463852 0.326957
0.353325 0.408683
0.337182 0.423532
0.39526 0.372946
0.625557 0.231126
0.536757 0.268266
0.197644 0.560464
0.160861 0.604405
0.204952 0.551743
0.296653 0.457511
0.281155 0.47339
0.432992 0.346741
0.227269 0.526657
0.0055136 0.939648
0.485748 0.305102
0.69594 0.176356
0.516296 0.293718
0.678914 0.180987
0.63054 0.22192
0.0033701 0.961655
0.528368 0.277028
0.0124311 0.899463
0.0194759 0.868193
0.311818 0.442384
0.234539 0.518234
0.131451 0.645401
0.728772 0.159511
0.413328 0.359578
0.387039 0.379731
0.809323 0.141914
0.552736 0.262652
0.219754 0.534732
0.86837 0.13378
1.00005 0.00221705
0.0771465 0.728765
0.671891 0.189777
0.116789 0.665928
0.345457 0.415655
0.948373 0.0558545
0.0943347 0.69924
0.13879 0.635253
0.272798 0.480051
0.249544 0.502039
0.289131 0.466026
0.0482761 0.786747
0.732615 0.149667
0.32485 0.431536
0.190536 0.569882
0.0681373 0.745451
0.168038 0.594826
0.992825 0.0390211
0.0589694 0.763451
0.319839 0.435114
0.0226447 0.856038
0.379045 0.388179
0.0324355 0.826428
0.652871 0.197122
