0.222391 0.530205
0.00721298 0.926563
0.573972 0.248315
0.371889 0.392584
0.41708 0.360522
0.268407 0.484575
0.00356399 0.962054
0.0779934 0.726892
0.601349 0.22531
0.643007 0.207444
0.437381 0.350011
0.179502 0.578068
0.502687 0.300613
0.363697 0.399647
0.0414772 0.802501
0.283637 0.469927
0.238229 0.51388
0.903817 0.107372
0.118398 0.663932
0.306792 0.447325
0.965724 0.0573514
0.426858 0.355444
0.62692 0.2225
0.458148 0.334963
0.25305 0.498324
0.515399 0.295419
0.186623 0.568942
0.761525 0.149122
0.565539 0.258007
0.215766 0.536572
0.976271 0.0141114
0.013548 0.891743
0.018415 0.873482
0.665261 0.18935
0.0597869 0.762198
0.547884 0.269281
0.0304751 0.832812
0.705908 0.166741
0.881149 0.121024
0.648224 0.197511
0.531258 0.276373
0.193661 0.560561
0.0997172 0.69008
0.409231 0.368178
0.315124 0.441413
0.0105053 0.908826
0.129449 0.646625
0.00532808 0.941976
0.0476147 0.788674
0.464311 0.32601
0.135836 0.636861
0.398709 0.373322
0.35501 0.406506
0.581762 0.240171
0.157923 0.605285
0.200984 0.552899
0.0674829 0.746501
0.339219 0.421131
0.143693 0.624878
0.165152 0.596206
0.471516 0.317848
0.447818 0.343988
0.0553045 0.771966
0.523093 0.285519
0.964092 0.0689152
0.765859 0.13626
0.347697 0.414318
0.0352975 0.819546
0.970094 0.0382752
0.595399 0.233827
0.0854777 0.713538
0.246132 0.506055
0.23093 0.521988
0.122522 0.65822
0.0507609 0.781732
0.389023 0.379903
0.768945 0.126096
0.490587 0.306258
0.00174008 0.998872
0.481494 0.311162
0.380057 0.385934
0.322904 0.434377
0.172405 0.587125
0.071097 0.739704
0.260574 0.490942
0.0928773 0.700835
0.298565 0.454047
0.0272653 0.843779
0.69079 0.174014
0.208211 0.544935
0.808515 0.123646
0.540811 0.27136
0.331286 0.428068
0.715278 0.160239
0.0240716 0.853765
0.291062 0.462103
0.111129 0.673038
0.105828 0.68076
0.151485 0.613927
0.276422 0.478075
