0.525382 0.28085
0.0182564 0.869189
0.0971041 0.690145
0.107196 0.674052
0.254951 0.498873
0.277351 0.476281
0.308158 0.445455
0.417876 0.3558
0.983661 0.0091924
0.970613 0.0708224
0.504206 0.294482
0.39981 0.369226
0.2468 0.507009
0.8189 0.096745
0.494968 0.301681
0.00265249 0.959029
0.876855 0.0925765
0.316827 0.439074
0.0847819 0.709858
0.531593 0.272313
0.063479 0.750026
0.239475 0.515096
0.631043 0.207723
0.128919 0.642163
0.705103 0.175258
0.73222 0.155717
0.0265058 0.840045
0.000868264 0.997511
0.0589452 0.758844
0.373177 0.389573
0.224423 0.530129
0.815798 0.107425
0.357155 0.404103
0.973298 0.0493644
0.599652 0.241566
0.00436843 0.941975
0.0147679 0.883211
0.791403 0.122023
0.0913905 0.699905
0.482902 0.30764
0.340356 0.41732
0.150658 0.612781
0.0390372 0.804739
0.172699 0.586651
0.464106 0.321636
0.121589 0.652826
0.562533 0.250966
0.0773615 0.723123
0.391012 0.376349
0.0113537 0.898107
0.514653 0.289948
0.444243 0.334671
0.665058 0.194023
0.474204 0.315054
0.325817 0.433103
0.332439 0.424615
0.679372 0.177519
0.436284 0.342122
0.180025 0.578188
0.262099 0.491116
0.021422 0.857272
0.40819 0.362061
0.209384 0.545131
0.300584 0.45295
0.61352 0.234197
0.158005 0.604044
0.97958 0.0229485
0.194787 0.561502
0.069896 0.737359
0.102908 0.680895
0.187259 0.569569
0.0344542 0.817244
0.0296639 0.830752
0.216974 0.537548
0.649184 0.20318
0.911652 0.0904623
0.748473 0.139792
0.293306 0.460965
0.285159 0.469678
0.740012 0.147057
0.381665 0.382764
0.202077 0.553852
0.143348 0.621993
0.624722 0.21809
0.348786 0.410971
0.231911 0.522793
0.269741 0.483793
0.0546147 0.768252
0.365116 0.396424
0.554695 0.258752
0.453094 0.327611
0.672204 0.185968
0.11429 0.663266
0.577918 0.245012
0.0437149 0.792927
0.136062 0.631621
0.426537 0.348706
0.00791306 0.916489
0.165433 0.595632
0.0498591 0.77896
