0.00426451 0.941215
0.461327 0.327788
0.0217952 0.856737
0.257248 0.494452
0.474581 0.321046
0.0765372 0.726297
0.0263088 0.840927
0.154804 0.609366
0.346215 0.412293
0.426168 0.347922
0.250065 0.500656
0.870967 0.0898656
0.0484669 0.782948
0.271329 0.480039
0.529017 0.275772
0.615352 0.230573
0.508292 0.288644
0.443163 0.336071
0.863373 0.10674
0.880076 0.0661185
0.000806096 0.995993
0.677382 0.186296
0.315051 0.439792
0.202237 0.553423
0.278649 0.47245
0.222891 0.528434
0.0585618 0.760124
0.0140257 0.886193
0.162358 0.600588
0.544481 0.262581
0.538196 0.268852
0.0657481 0.745705
0.322342 0.432739
0.168587 0.592865
0.0107958 0.90203
0.0540655 0.770196
0.453417 0.33074
0.107539 0.676482
0.626412 0.213947
0.734363 0.148866
0.0398014 0.804178
0.300293 0.45226
0.492926 0.303126
0.557295 0.254932
0.384737 0.38026
0.330565 0.42715
0.114524 0.666206
0.33698 0.420441
0.486312 0.310617
0.81216 0.135043
0.416987 0.354818
0.393483 0.374067
0.00241964 0.95972
0.264189 0.486755
0.127496 0.646043
0.0722861 0.733293
0.30789 0.446654
0.709292 0.179037
0.722623 0.153907
0.0442468 0.793465
0.120684 0.655939
0.0898715 0.703504
0.243098 0.507636
0.236458 0.514708
0.0970424 0.692948
0.715384 0.171161
0.147987 0.618249
0.408765 0.361442
0.194981 0.561229
0.369625 0.39254
0.0172927 0.873433
0.632751 0.207841
0.230114 0.521873
0.435465 0.340789
0.826019 0.131953
0.285603 0.465796
0.208801 0.545636
0.292846 0.459104
0.100979 0.686882
0.501351 0.296112
0.188263 0.56825
0.400908 0.367883
0.175045 0.584263
0.353833 0.405632
0.00753244 0.921392
0.360779 0.399705
0.515139 0.283271
0.0833371 0.714374
0.215837 0.536846
0.0354553 0.815604
0.887246 0.0594738
0.134239 0.636807
0.564634 0.249673
0.181441 0.575896
0.141018 0.62736
0.670992 0.187753
0.587128 0.244937
0.0308034 0.828991
0.377513 0.386316
0.854301 0.118814
