0.141636 0.627977
0.825087 0.104587
0.370181 0.404737
0.744213 0.151964
0.24364 0.512349
0.231445 0.529611
0.123611 0.660914
0.702552 0.176246
0.0845449 0.719086
0.643812 0.206522
0.186911 0.571183
0.167192 0.596688
0.00657606 0.962433
0.154109 0.610998
0.316603 0.442071
0.399115 0.379646
0.252242 0.502321
0.0712588 0.742486
0.614175 0.232191
0.544105 0.278695
0.29734 0.457934
0.494886 0.305892
0.413074 0.366491
0.629311 0.21737
0.162878 0.606271
0.816656 0.10894
0.730889 0.164548
0.360242 0.40926
0.310201 0.448403
0.134709 0.636456
0.224071 0.535097
0.406705 0.373273
0.34656 0.418848
0.528686 0.28385
0.813545 0.113547
0.331597 0.429965
0.564663 0.257412
0.0162811 0.945766
0.338827 0.424156
0.772968 0.141906
0.450066 0.336327
0.245838 0.50881
0.288488 0.466986
0.519841 0.290074
0.458628 0.330637
0.512731 0.294577
0.720453 0.171491
0.840362 0.0996522
0.691793 0.178051
0.6018 0.238467
0.050234 0.817797
0.211298 0.547757
0.184617 0.576786
0.782886 0.136958
0.00306061 0.967663
0.439871 0.347575
0.304836 0.452709
0.736944 0.156079
0.075506 0.738219
0.20482 0.554611
0.389979 0.384431
0.501032 0.298528
0.445747 0.34018
0.147751 0.618674
0.129581 0.652348
0.104117 0.686087
0.269785 0.48768
0.658081 0.20018
0.193378 0.563988
0.0669194 0.780466
0.577819 0.247065
0.176165 0.591314
0.0315596 0.888291
0.0597318 0.789856
0.277025 0.482033
0.559689 0.271645
0.37941 0.393397
0.685811 0.186154
0.0893706 0.715791
0.0399666 0.867657
0.256855 0.496346
0.069451 0.762226
0.668518 0.192712
0.468241 0.324692
0.110541 0.677351
0.0237723 0.919112
0.758261 0.149026
0.0981111 0.700952
0.484119 0.315613
0.117395 0.67008
0.620137 0.224326
0.046376 0.844471
0.799721 0.129499
0.0519303 0.799285
0.421265 0.360165
0.429332 0.356663
0.588833 0.240582
0.218215 0.542362
0.476399 0.319898
0.633737 0.213669
