0.29505 0.498448
0.32305 0.472332
0.170208 0.60089
0.391753 0.388966
0.356632 0.4057
0.22981 0.547783
0.706445 0.164559
0.543619 0.27456
0.847339 0.108711
0.558978 0.26073
0.511331 0.300071
0.260423 0.529111
0.693621 0.169449
0.870187 0.0739214
0.462162 0.323974
0.266994 0.523231
0.841333 0.124378
0.345761 0.416357
0.654223 0.205177
0.795891 0.15951
0.127496 0.685909
0.711296 0.163823
0.829085 0.140657
0.641336 0.212593
0.237385 0.542034
0.282094 0.512531
0.4949 0.314742
0.618571 0.215253
0.244461 0.53696
0.890123 0.0629616
0.684435 0.184973
0.423652 0.354624
0.4359 0.341879
0.913689 0.0611412
0.576731 0.246961
0.521755 0.283144
0.690979 0.172397
0.880556 0.0679354
0.366885 0.401951
0.333259 0.450864
0.612084 0.222261
0.189956 0.581068
0.0943294 0.713769
0.429007 0.347456
0.381047 0.39987
0.660007 0.197737
0.3169 0.479694
0.120703 0.691914
0.113625 0.69653
0.196308 0.574066
0.0699363 0.777887
0.289221 0.507156
0.606291 0.239383
0.155223 0.652289
0.166529 0.625117
0.335619 0.436705
0.176591 0.593506
0.396851 0.375203
0.505926 0.306468
0.861777 0.0940115
0.556625 0.265555
0.337303 0.429267
0.440816 0.340774
0.481893 0.31746
0.0707295 0.746489
0.458181 0.327435
0.133821 0.672088
0.349869 0.411445
0.341848 0.421144
0.607853 0.231078
0.159675 0.632301
0.403718 0.368992
0.0814145 0.725646
0.0732616 0.736682
0.183317 0.586393
0.27101 0.521857
0.850243 0.105666
0.665765 0.189819
0.842426 0.119167
0.309032 0.483616
0.209683 0.564504
0.107857 0.703066
0.140741 0.665668
0.864758 0.0822754
0.526034 0.277963
0.252787 0.534162
0.565663 0.254105
0.222546 0.551145
0.570642 0.24795
0.147392 0.658065
0.409222 0.364487
0.394114 0.381212
0.303277 0.493411
0.0873582 0.718088
0.754219 0.162174
0.824184 0.149061
0.516694 0.29231
0.203702 0.570949
0.216652 0.557533
0.103626 0.708374
