0.562534 0.263581
0.760387 0.144586
0.135996 0.642074
0.378106 0.430374
0.661164 0.212867
0.882643 0.0763378
0.554043 0.270242
0.769403 0.139864
0.34048 0.446064
0.272545 0.524803
0.746705 0.167866
0.560819 0.265204
0.189487 0.577286
0.167571 0.603745
0.187922 0.578102
0.761594 0.143286
0.893294 0.0658311
0.146537 0.620306
0.414277 0.367379
0.333889 0.460634
0.54756 0.284649
0.134937 0.654518
0.492211 0.335128
0.152279 0.615106
0.871558 0.0852846
0.751102 0.158414
0.896107 0.0598276
0.486857 0.344053
0.486565 0.346347
0.379114 0.414603
0.756807 0.156517
0.147725 0.618756
0.65791 0.216469
0.420874 0.366381
0.378679 0.415742
0.937524 0.0566555
0.511387 0.325368
0.524176 0.324919
0.805106 0.130964
0.315786 0.474588
0.872815 0.0806395
0.229411 0.541982
0.597238 0.247947
0.171981 0.59927
0.682283 0.212261
0.876023 0.0795364
0.275681 0.495214
0.582398 0.2502
0.745445 0.178186
0.392998 0.396144
0.281147 0.491795
0.871014 0.11341
0.297347 0.478381
0.610664 0.247276
0.7729 0.132562
0.646046 0.224984
0.137105 0.641215
0.187013 0.582014
0.54667 0.297602
0.21331 0.552066
0.217814 0.550075
0.548238 0.278762
0.179132 0.590012
0.39816 0.384712
0.827072 0.127537
0.496611 0.328746
0.747279 0.165836
0.322526 0.468556
0.501457 0.326388
0.282641 0.486943
0.194628 0.570536
0.143268 0.630532
0.884374 0.0718484
0.452374 0.362183
0.168916 0.600374
0.391004 0.399915
0.491406 0.338688
0.576745 0.25214
0.318608 0.472169
0.643381 0.230387
0.20156 0.564191
0.408426 0.37159
0.573926 0.258262
0.401691 0.376841
0.205525 0.561194
0.698773 0.212096
0.382464 0.404998
0.224069 0.543924
0.248584 0.541391
0.327661 0.46318
0.399546 0.378408
0.396791 0.389941
0.652821 0.222849
0.27469 0.515203
0.177445 0.590872
0.430086 0.362683
0.291938 0.480577
0.155964 0.61312
0.286856 0.483968
0.175835 0.59356
