0.409917 0.365388
0.397685 0.39989
0.365336 0.416783
0.733919 0.167751
0.0992289 0.728809
0.652686 0.235664
0.346032 0.43056
0.173066 0.597832
0.407778 0.37536
0.424535 0.358996
0.651895 0.246546
0.156464 0.607994
0.657887 0.216834
0.6688 0.211469
0.443183 0.355224
0.338299 0.472687
0.341736 0.446693
0.528173 0.278348
0.126298 0.693838
0.86262 0.110585
0.561748 0.269713
0.264887 0.498962
0.254978 0.562093
0.545716 0.271022
0.402416 0.391792
0.498969 0.323266
0.199764 0.578686
0.685839 0.183021
0.0885111 0.738264
0.743984 0.148186
0.186135 0.588748
0.524702 0.285764
0.682176 0.184559
0.162723 0.604418
0.740883 0.154205
0.60306 0.266763
0.167969 0.600737
0.482878 0.350683
0.291122 0.487068
0.709497 0.180087
0.213228 0.574855
0.147898 0.643017
0.38514 0.414593
0.297155 0.484414
0.875399 0.0877184
0.434808 0.357515
0.517262 0.293162
0.10747 0.716819
0.404632 0.383565
0.258998 0.522252
0.671442 0.202738
0.537172 0.27391
0.505923 0.316754
0.498527 0.326159
0.187225 0.586463
0.339026 0.46215
0.283673 0.489849
0.237851 0.574056
0.119117 0.70469
0.774991 0.136686
0.677827 0.197386
0.507688 0.307588
0.269553 0.492755
0.514599 0.300846
0.357003 0.420124
0.863918 0.102649
0.411462 0.36296
0.347073 0.425681
0.112739 0.712859
0.87813 0.0812102
0.193263 0.583183
0.414707 0.36042
0.260862 0.510895
0.147659 0.65187
0.127326 0.691953
0.680524 0.190607
0.872552 0.0943311
0.575594 0.268227
0.887347 0.0617838
0.0912076 0.732074
0.108405 0.715748
0.882958 0.0724146
0.349256 0.421762
0.738913 0.161287
0.150203 0.615208
0.31334 0.483098
0.25698 0.544347
0.277376 0.491345
0.181769 0.594676
0.884393 0.0664192
0.340775 0.453336
0.34288 0.439846
0.0844819 0.748882
0.860195 0.121105
0.472256 0.352269
0.459282 0.3543
0.106046 0.72092
0.749482 0.140779
0.305642 0.483429
0.13392 0.690214
