0.75811 0.136394
0.10833 0.682253
0.278199 0.48766
0.00238847 0.973304
0.269663 0.49375
0.100722 0.688749
0.697988 0.18213
0.564394 0.253395
0.60576 0.229601
0.332084 0.427946
0.175603 0.593634
0.349546 0.411825
0.43674 0.343059
0.548168 0.264367
0.835409 0.111476
0.8794 0.0738237
0.160658 0.602412
0.468596 0.333136
0.154061 0.610995
0.373127 0.392743
0.421788 0.354604
0.18436 0.57831
0.776441 0.133921
0.0734525 0.737979
0.849108 0.101909
0.380797 0.386199
0.618842 0.223146
0.0874063 0.71483
0.70775 0.174212
0.241196 0.513573
0.0533451 0.793342
0.530505 0.277317
0.292552 0.466186
0.504018 0.306562
0.222765 0.53724
0.582324 0.242475
0.0806184 0.730268
0.387312 0.381049
0.127089 0.650122
0.916899 0.0711366
0.207518 0.547902
0.648456 0.206488
0.410349 0.363477
0.48014 0.327976
0.313085 0.444959
0.166924 0.598445
0.193258 0.563186
0.717329 0.166116
0.305914 0.451367
0.526398 0.286004
0.366943 0.400375
0.261276 0.497353
0.186735 0.573627
0.85354 0.0895019
0.226431 0.530742
0.402166 0.370029
0.429338 0.34808
0.738785 0.150323
0.0939713 0.700611
0.669162 0.203262
0.539649 0.270632
0.254431 0.50399
0.814001 0.119252
0.4867 0.321872
0.25012 0.508275
0.319873 0.437978
0.039569 0.85833
0.44284 0.340862
0.0316048 0.883644
0.151728 0.617821
0.639096 0.207927
0.29837 0.457824
0.727494 0.158221
0.341071 0.419593
0.285744 0.48192
0.134725 0.643705
0.32616 0.432439
0.0665896 0.752225
0.233508 0.52126
0.577681 0.245349
0.357348 0.405582
0.517162 0.293457
0.456398 0.337617
0.0162451 0.951388
0.04599 0.809715
0.0606408 0.78089
0.213955 0.542234
0.631411 0.212884
0.14173 0.636262
0.114487 0.672065
0.20118 0.558024
0.687125 0.192317
0.394116 0.376374
0.0445744 0.819235
0.120877 0.659742
0.497487 0.314538
0.593091 0.235875
0.554902 0.26041
0.859052 0.0798793
0.0236911 0.910298
