0.139877 0.643219
0.183426 0.58541
0.499933 0.2985
0.725534 0.173308
0.257026 0.526827
0.467539 0.33211
0.121623 0.668538
0.951787 0.0390795
0.279042 0.511314
0.724371 0.192772
0.615838 0.231928
0.878722 0.137327
0.184453 0.58076
0.392096 0.402588
0.364342 0.419719
0.624925 0.226593
0.982505 0.035241
0.115175 0.681258
0.14702 0.638935
0.539312 0.282536
0.46523 0.354707
0.916548 0.0635225
0.112089 0.804855
0.530052 0.283717
0.473697 0.316578
0.971851 0.0361088
1.04034 0.0323428
0.485193 0.310123
0.23376 0.535846
0.386744 0.40488
0.851598 0.144631
0.63496 0.216211
0.376237 0.412183
0.911706 0.103675
0.339786 0.447981
0.602082 0.254609
0.725959 0.164912
0.430652 0.40143
1.05414 0.0318936
0.678821 0.213706
0.204863 0.556504
0.94681 0.0412872
0.275206 0.514098
0.240185 0.535135
0.628782 0.220012
0.357079 0.427008
0.299868 0.492724
0.379439 0.411382
0.337094 0.458303
0.152737 0.630516
0.518867 0.287161
0.305906 0.490811
0.464809 0.372933
0.5086 0.288924
0.503432 0.29142
0.363678 0.420919
0.789726 0.152886
0.209752 0.555254
0.610417 0.238021
0.311434 0.489794
0.604111 0.246336
0.227851 0.539783
0.348452 0.438513
0.494577 0.303887
0.182186 0.601162
0.221303 0.542546
0.472564 0.323903
0.913925 0.0722308
0.286407 0.503691
0.198591 0.56439
0.750026 0.154109
0.855576 0.139278
0.884804 0.136884
0.385369 0.407323
0.111837 0.821017
0.493171 0.305659
0.163118 0.624766
0.187001 0.577496
0.352142 0.429467
0.699479 0.213065
0.127652 0.662688
0.371385 0.418438
0.199295 0.563375
0.273007 0.516776
0.929223 0.0551536
0.340934 0.443413
0.217016 0.543472
0.65174 0.215748
0.181913 0.609191
0.943614 0.0496136
0.113658 0.692564
0.728822 0.156481
0.410911 0.401656
0.189405 0.576111
0.133982 0.652997
0.158191 0.627639
0.912216 0.0765582
0.336657 0.47222
0.292239 0.498687
0.216307 0.547592
