0.00746192 0.981222
0.661428 0.200171
0.305064 0.451236
0.802839 0.134576
0.0145915 0.974081
0.626003 0.212242
0.0618035 0.826173
0.344482 0.426871
0.43243 0.345823
0.631143 0.211096
0.817545 0.115823
0.615511 0.228031
0.13983 0.642026
0.265267 0.488199
0.236007 0.537425
0.288518 0.466898
0.00208815 0.997674
0.40581 0.372116
0.158987 0.611579
0.0471469 0.871551
0.360956 0.406955
0.666301 0.191905
0.649036 0.206355
0.53076 0.302477
0.825391 0.107028
0.553379 0.260464
0.577656 0.247982
0.127954 0.658413
0.101316 0.72788
0.402042 0.381708
0.538356 0.289574
0.229116 0.545032
0.897601 0.0765425
0.671107 0.183635
0.62049 0.221938
0.5975 0.236066
0.0236453 0.956996
0.119154 0.663003
0.750437 0.176294
0.205668 0.555176
0.855141 0.08004
0.414213 0.366276
0.222814 0.54877
0.358358 0.415841
0.152213 0.620342
0.79654 0.140376
0.869919 0.0775079
0.782728 0.168799
0.83572 0.0991714
0.254986 0.502259
0.581053 0.241474
0.0676739 0.792716
0.0740762 0.775253
0.322252 0.433732
0.439606 0.338779
0.185011 0.571059
0.310524 0.44568
0.197973 0.56007
0.0382005 0.902933
0.523941 0.325136
0.18017 0.582441
0.191804 0.567666
0.169383 0.60645
0.678751 0.178948
0.0970346 0.747349
0.113876 0.682559
0.213137 0.551914
0.1789 0.588153
0.133479 0.653147
0.271795 0.48274
0.114852 0.676224
0.38609 0.391436
0.429694 0.352588
0.850836 0.0835566
0.259334 0.492101
0.146251 0.633081
0.589518 0.237321
0.457409 0.335679
0.542124 0.280038
0.368751 0.39437
0.243299 0.531607
0.528484 0.308145
0.334442 0.430653
0.68627 0.177671
0.547488 0.267748
0.0895832 0.761221
0.110756 0.711538
0.253153 0.507427
0.0554654 0.857914
0.84151 0.0933216
0.494307 0.33399
0.0324295 0.946538
0.7865 0.159562
0.249998 0.517765
0.808638 0.124347
0.0819609 0.771427
0.789662 0.150387
0.559481 0.259337
0.294336 0.461622
0.363217 0.402123
