0.412802 0.867425
0.604622 0.668677
1.00045 0.0716005
0.933323 0.183126
0.916383 0.210604
0.51625 0.746901
0.348284 0.89025
0.700725 0.53652
0.595668 0.68751
0.527024 0.745417
1.00276 0.00133661
0.185196 0.973445
0.442786 0.812581
0.974404 0.12409
0.510414 0.75388
0.184509 0.973728
0.702477 0.515672
0.896609 0.222333
0.694591 0.54984
0.0283221 1.00114
0.75473 0.468207
0.667356 0.590429
0.939199 0.137825
0.814663 0.368582
0.920164 0.202016
0.994301 0.0963308
0.375563 0.870162
0.0479622 1.00047
0.790889 0.39211
0.753396 0.485628
0.606238 0.643311
0.671281 0.557683
0.588141 0.691484
0.624816 0.637401
0.692639 0.552329
0.755834 0.45036
0.107526 0.995881
0.667674 0.572296
0.96255 0.133116
0.294135 0.927183
0.553528 0.720429
0.499397 0.771172
0.41998 0.842972
0.364135 0.888225
0.841305 0.31194
0.814954 0.351696
0.991723 0.102802
0.840539 0.327136
0.172187 0.980878
0.246353 0.964174
0.970078 0.129981
0.773703 0.420246
0.756079 0.448302
0.86695 0.258836
0.53414 0.725517
0.727377 0.490486
0.828376 0.340364
0.278044 0.928394
0.430811 0.828204
0.938144 0.15586
0.865851 0.274021
0.817392 0.346368
0.981364 0.114751
0.431463 0.827417
0.514593 0.750466
0.891245 0.243869
0.101272 0.997672
0.39381 0.86819
0.78045 0.405696
0.266528 0.950135
0.895574 0.223708
0.865191 0.288832
0.211862 0.972936
0.928411 0.191794
0.377405 0.869202
0.84558 0.297962
0.340714 0.893139
0.227577 0.971781
0.253743 0.950665
0.754991 0.466683
0.580162 0.696501
0.460476 0.809191
0.769809 0.444691
0.927139 0.198551
0.878818 0.246744
0.158717 0.98146
0.73005 0.49028
0.00216176 1.00291
0.334685 0.898888
0.417691 0.86249
0.558123 0.698067
0.647817 0.635653
0.997977 0.0891136
1.00076 0.0166231
0.120904 0.991639
0.252166 0.951005
0.482451 0.776253
0.0175894 1.00136
0.670881 0.559261
0.114825 0.992003
