0.700107 0.549414
0.0180077 1.00122
0.486893 0.783806
0.891848 0.236134
0.146048 0.987581
0.238599 0.952319
0.397422 0.882367
0.34839 0.89121
0.522302 0.750522
0.904203 0.218901
0.974717 0.082753
0.252215 0.945296
0.159195 0.983737
0.0359708 1.00076
0.237612 0.955594
0.634328 0.619382
0.00981027 1.00214
0.962925 0.0928159
0.583472 0.672942
0.760757 0.431394
0.447852 0.822854
0.66809 0.577901
0.924993 0.160667
1.00152 0.0163269
0.306448 0.917849
0.211516 0.974633
0.33773 0.895469
0.758372 0.449033
0.874414 0.260955
0.877223 0.259624
0.73753 0.47699
0.618031 0.657579
0.772508 0.419672
0.847547 0.308127
0.911666 0.184346
0.545565 0.73294
0.224256 0.969751
0.669617 0.568901
0.5958 0.659259
0.794544 0.394459
0.306998 0.916165
1.00117 0.0275845
0.118052 0.999677
0.987005 0.0673719
0.267757 0.944289
0.46981 0.788269
0.702795 0.546911
0.286145 0.938176
0.892985 0.221691
0.570582 0.685244
0.98982 0.0529024
0.462766 0.813449
0.728489 0.514047
0.796145 0.377081
0.84285 0.311773
0.510069 0.752403
0.365835 0.890423
0.00248457 1.00308
0.957171 0.115672
0.429917 0.823982
0.942788 0.15869
0.384146 0.889783
0.959007 0.114032
0.509346 0.755424
0.840194 0.326311
0.69709 0.556466
0.335515 0.899834
0.642054 0.603269
0.296485 0.935619
0.421085 0.847271
0.980185 0.075789
0.805968 0.363923
0.630177 0.643624
0.464825 0.79517
0.418732 0.851493
0.730307 0.492276
0.0915824 1.00031
1.01942 0.000497412
0.566049 0.707166
0.966786 0.0913739
1.0049 0.00220105
0.429328 0.824752
0.155527 0.985748
0.985519 0.0694984
0.956252 0.13808
1.00298 0.00585238
0.630662 0.631361
0.873416 0.275207
0.858201 0.285338
0.525839 0.744965
0.714156 0.542568
0.00100532 1.04562
0.172935 0.98334
0.0579776 1.00059
0.910331 0.19985
0.555028 0.723825
0.671331 0.557678
0.136347 0.989009
0.923839 0.173717
0.854196 0.299806
