0.347994 0.890798
0.403517 0.846226
1.0012 0.0279575
0.00693604 1.00126
0.939422 0.138032
0.294207 0.929236
0.668143 0.578192
0.170265 0.982737
0.657785 0.614849
0.844452 0.297518
0.387892 0.857092
1.00291 0.00650959
0.708428 0.548978
0.990344 0.0694567
0.00124401 1.00513
0.501212 0.773489
0.390055 0.856403
0.527299 0.746634
0.914184 0.198795
0.839704 0.31118
0.810217 0.365707
1.00863 0.00100304
0.915837 0.185754
0.968788 0.0919323
0.46866 0.78897
0.740975 0.459511
0.670886 0.558087
0.243631 0.956273
0.635251 0.62154
0.211516 0.972201
0.696703 0.556547
0.27954 0.930251
0.718707 0.505627
0.508319 0.749868
0.887456 0.26555
0.967931 0.10351
0.725083 0.489415
0.224157 0.96471
0.0493108 1.00064
0.998988 0.0415536
0.506908 0.752168
0.335993 0.908866
0.78189 0.445198
0.581975 0.671118
0.554827 0.726003
0.884135 0.278419
0.793879 0.393737
0.992817 0.0629573
0.197423 0.973008
0.592492 0.665812
0.598467 0.662471
0.888313 0.248519
0.817153 0.349654
0.463214 0.81348
1.00199 0.0173121
0.80113 0.379338
0.88298 0.282201
0.608997 0.646843
0.925347 0.160916
0.909581 0.211222
0.482416 0.775159
0.106671 0.996241
0.449142 0.831079
0.434914 0.835967
0.145194 0.989059
0.565108 0.705023
0.815138 0.352503
0.57039 0.685903
0.312337 0.928036
0.756474 0.448286
0.881516 0.291282
0.622282 0.634134
0.945432 0.132633
0.41741 0.839602
1.0046 0.00183564
0.938618 0.150836
0.898838 0.222632
0.278013 0.930872
0.829457 0.33909
0.363693 0.888269
0.181121 0.976763
0.133466 0.98995
0.344927 0.901145
0.225447 0.964153
0.996949 0.0473922
0.972248 0.0841745
0.251629 0.949535
0.0692821 1.00043
0.786513 0.425646
0.6694 0.572691
0.922729 0.182876
0.346729 0.898727
0.641101 0.61922
0.738551 0.477253
0.948306 0.126853
0.409253 0.841332
0.0273338 1.00093
0.00316255 1.00219
0.481312 0.777767
0.186406 0.974978
