0.500658 0.784983
0.804159 0.382272
0.593482 0.673293
0.482455 0.787169
0.670237 0.575012
0.783788 0.408007
0.794982 0.395711
0.901238 0.244539
0.360503 0.887168
0.544715 0.721546
1.01411 0.00683168
0.44489 0.828918
0.860686 0.287129
0.542663 0.723127
0.69336 0.54494
1.00699 0.0125619
0.630552 0.630014
0.471575 0.803758
0.0195185 1.00356
0.531957 0.73813
0.970229 0.106074
0.975752 0.0897465
0.874158 0.265413
0.731072 0.487192
0.73746 0.475387
0.702459 0.529723
0.944682 0.170195
0.226831 0.964767
0.609607 0.661405
0.747427 0.461757
0.903235 0.216331
0.960317 0.123573
0.616376 0.641634
0.560601 0.718196
0.999584 0.0581514
0.644491 0.618646
0.837065 0.325742
0.210958 0.970657
0.175227 0.980987
0.682622 0.562479
0.809471 0.367967
0.962599 0.111854
0.922633 0.189696
0.416031 0.848088
0.417964 0.8466
0.137741 0.991598
0.585356 0.698147
0.376868 0.879129
0.773026 0.43442
0.902229 0.226327
0.612762 0.648591
0.660978 0.585833
0.187864 0.976824
0.288379 0.942442
0.81959 0.355153
1.01123 0.00764909
0.998632 0.0645408
0.87774 0.262382
0.660298 0.589208
0.533609 0.735858
0.506587 0.763816
0.762242 0.451107
0.721558 0.504996
0.689981 0.546186
0.676422 0.568003
0.150412 0.987153
0.830686 0.343985
0.253915 0.953544
0.852893 0.303688
0.872967 0.275947
0.0779813 1.00193
0.342699 0.900497
0.751256 0.459453
0.267285 0.946011
0.790881 0.402362
0.294777 0.932787
0.723183 0.502108
0.728482 0.489502
0.7641 0.448347
1.00389 0.047656
0.958488 0.144031
0.781606 0.420776
0.833276 0.3282
0.455677 0.8098
0.406798 0.867276
0.525701 0.760387
0.913318 0.201138
0.21355 0.966354
0.858816 0.290362
0.348007 0.895614
0.035057 1.00284
0.509032 0.761906
0.113005 1.00128
0.916177 0.19238
0.591519 0.67803
0.700891 0.532103
0.821482 0.352066
0.162869 0.986106
0.336486 0.914061
0.481209 0.788764
