0.512949 0.75846
0.9691 0.0921767
0.0180878 1.00117
0.771008 0.418748
0.389123 0.856082
0.278839 0.928276
0.442072 0.821343
0.29505 0.927937
0.97501 0.0859012
0.964147 0.0980428
0.855765 0.315036
0.629425 0.615523
0.809357 0.365166
1.01118 0.0013294
0.00268967 1.00452
0.807843 0.398054
0.70298 0.515292
0.341112 0.899582
0.943924 0.126658
0.0594511 1.00066
0.989658 0.0595259
0.95611 0.120822
0.908649 0.210414
0.609294 0.645908
0.549894 0.716487
0.667914 0.577133
0.50622 0.761214
0.943391 0.139101
0.878705 0.248478
1.00236 0.00669897
0.852393 0.324581
0.256882 0.95615
0.482323 0.775045
0.500028 0.771383
0.890119 0.235973
0.185382 0.975916
0.720812 0.50849
0.993315 0.0525542
0.909045 0.197375
0.238603 0.957143
0.642282 0.602671
0.585594 0.674135
0.0961311 0.996354
0.4589 0.804948
0.959909 0.105098
0.0033608 1.00225
0.942296 0.151309
1.0001 0.0337259
0.829815 0.339828
0.744114 0.460971
0.722218 0.48712
0.548308 0.722173
0.536956 0.728327
0.6206 0.632253
0.869762 0.290108
0.697441 0.532762
0.349023 0.890625
0.416978 0.837472
0.406561 0.852664
1.00175 0.0174822
1.00423 0.00243449
0.445641 0.81685
0.741852 0.478784
0.308638 0.917109
0.16858 0.987535
0.211121 0.961518
0.98733 0.0741122
0.763693 0.451945
0.226014 0.960912
0.372891 0.874893
0.870424 0.259461
0.171922 0.976423
0.479236 0.79248
0.882255 0.247853
0.122174 0.991589
0.912768 0.185389
0.751563 0.459182
0.110242 0.992849
0.575547 0.68953
0.375723 0.868017
0.341876 0.898193
0.672121 0.558255
0.038987 1.00091
0.0846652 0.997415
0.848608 0.329932
0.808763 0.383157
0.783752 0.406302
0.614045 0.643463
0.793519 0.405442
0.914957 0.185259
0.321296 0.908524
0.657381 0.592929
0.94854 0.12333
0.240696 0.956415
0.979884 0.0767974
0.817387 0.351533
0.765431 0.43402
0.278031 0.942071
0.477702 0.801856
0.870019 0.274955
