0.48452 0.778151
0.426128 0.841653
0.761122 0.449399
0.99832 0.0385606
0.93022 0.148457
0.0086716 1.00121
0.280925 0.93504
0.135536 0.995338
0.516358 0.76889
0.59666 0.667958
0.730465 0.490373
0.448355 0.831271
0.160823 0.985965
0.401071 0.848699
0.404346 0.846865
0.629471 0.614023
0.76994 0.429011
0.928445 0.161099
1.00454 0.00646411
0.847408 0.324913
0.733707 0.473133
0.703777 0.514971
0.22577 0.961596
0.598498 0.659586
0.97904 0.0807259
0.625587 0.634687
0.672996 0.557509
0.862549 0.271137
0.253654 0.955464
0.884184 0.248059
0.530423 0.752406
0.212067 0.962611
0.800281 0.396487
0.29388 0.921358
0.979608 0.069417
0.884791 0.233257
0.0927966 0.998343
0.907593 0.223579
0.466506 0.814474
0.688149 0.547127
0.845686 0.327613
0.00339602 1.00182
0.767775 0.434344
0.34453 0.890852
0.901052 0.227282
0.336496 0.902378
0.862013 0.286591
0.108681 0.995761
0.341056 0.892769
0.379663 0.87124
0.575925 0.688285
0.548946 0.721671
0.861334 0.30184
0.726348 0.51107
1.00926 0.000574604
0.45234 0.827085
0.961824 0.116062
0.927562 0.173541
0.691128 0.538923
0.828843 0.353978
0.560761 0.699185
0.374172 0.873904
0.980487 0.0584353
0.872695 0.259001
0.532138 0.735314
0.791235 0.420839
0.909958 0.196795
0.393726 0.86646
0.257007 0.951403
0.831236 0.3519
0.583154 0.680477
0.801101 0.377974
0.700964 0.535425
0.762949 0.443914
0.539245 0.729511
0.553233 0.717504
0.200174 0.975623
0.585447 0.672665
0.470171 0.787425
0.947475 0.134216
0.309037 0.917722
0.945069 0.138133
0.0400196 1.00055
0.814636 0.367159
0.919996 0.18135
1.00263 0.015884
0.35835 0.887694
0.611452 0.646245
0.962359 0.104309
0.185247 0.985338
0.15248 0.988119
0.91057 0.18376
0.96683 0.0951658
0.807781 0.372164
0.752295 0.459231
0.788929 0.425939
0.649659 0.595451
0.66373 0.572524
0.26806 0.942561
0.646497 0.604841
