0.131606 0.988775
0.16962 0.977696
0.399718 0.843788
0.339366 0.890004
0.208445 0.962655
0.447859 0.821648
0.820328 0.33792
0.808673 0.371866
0.585122 0.697705
0.820835 0.335973
0.946271 0.112966
0.732221 0.473233
0.668452 0.556371
0.699456 0.528037
0.757027 0.448269
0.558456 0.700747
0.59667 0.656599
0.750501 0.467483
0.373121 0.868094
0.844646 0.312432
0.345948 0.889421
0.474298 0.796148
0.842692 0.324458
0.708536 0.517239
0.427662 0.823613
0.667693 0.560868
1.00037 0.0161587
0.603451 0.641406
0.263004 0.934876
0.531121 0.722514
0.548051 0.714512
0.694962 0.530899
0.984212 0.0556468
0.333695 0.899765
0.095357 0.99971
0.731687 0.491974
0.153721 0.988069
0.199432 0.966466
0.651956 0.603277
0.782086 0.404822
0.780307 0.421055
0.692255 0.548478
0.337325 0.891457
0.955555 0.090965
0.598676 0.653182
0.00128851 1.00128
0.323791 0.915859
0.667097 0.577543
0.000398635 1.00395
0.306068 0.918134
0.864346 0.257545
0.00693984 1.00045
0.734171 0.469238
0.250041 0.951371
0.729817 0.507252
0.295199 0.918783
0.704448 0.518318
0.362054 0.880525
0.875993 0.255606
1.001 0.000405756
0.418422 0.842301
0.291434 0.922983
0.123011 0.990672
0.23551 0.952623
0.0615491 1.00011
0.61354 0.626282
0.921657 0.205736
0.627888 0.61565
0.49482 0.766853
0.846109 0.310072
0.789477 0.393911
0.221948 0.955295
0.818808 0.346797
0.886335 0.219878
0.45484 0.801868
0.815106 0.369252
0.860485 0.28415
0.983958 0.0675532
0.885822 0.23291
0.399381 0.850027
0.650493 0.61006
0.511953 0.756169
0.283648 0.925203
0.335051 0.895921
0.791023 0.392759
0.936365 0.135588
0.276219 0.928574
0.954734 0.10117
0.0262662 1.00028
0.484504 0.77952
0.166 0.981744
0.759925 0.431473
0.929813 0.149019
0.595339 0.659229
0.725695 0.513999
0.526255 0.744721
0.550408 0.707366
0.931838 0.144618
0.808022 0.380006
0.92847 0.161384
