0.178972 0.980575
0.48509 0.809504
0.988935 0.0661285
0.933529 0.155705
0.0154613 1.00409
0.260455 0.951359
0.888965 0.268799
1.00393 0.0138277
0.895469 0.243278
0.289814 0.93572
0.0261849 1.00384
0.658628 0.593843
0.010127 1.00433
0.526358 0.740839
0.854688 0.308442
0.969204 0.0987989
0.949087 0.145376
0.748146 0.465384
0.819601 0.356358
0.932586 0.168255
0.275286 0.950507
0.934016 0.154097
0.863774 0.276964
0.599117 0.661265
0.645564 0.605601
0.719483 0.529302
0.600897 0.660245
0.406626 0.845338
0.67108 0.580466
0.355583 0.894503
0.97056 0.0985082
0.301902 0.933493
0.857036 0.305642
0.450089 0.818227
0.244556 0.953236
0.388333 0.884836
0.989495 0.0551733
0.642906 0.627464
0.905671 0.216859
0.901837 0.228451
0.620699 0.657688
0.48761 0.778428
1.00358 0.0235545
0.503369 0.770799
0.839683 0.316802
0.19237 0.980137
0.968826 0.111494
0.232691 0.970008
0.516603 0.757889
0.313988 0.922279
0.166651 0.987003
0.978668 0.0877318
0.85811 0.290693
0.811213 0.369863
0.805378 0.384331
0.127191 0.99647
0.922367 0.19225
0.154133 0.991893
0.895594 0.241317
0.592578 0.680821
0.905974 0.203356
0.326405 0.907506
0.823751 0.34153
0.566585 0.705005
0.233794 0.968903
0.771404 0.421714
0.370485 0.886703
0.434484 0.82503
0.70185 0.537441
0.340812 0.901391
0.794136 0.396717
0.0469485 1.0035
0.754563 0.449819
0.562529 0.729404
0.540381 0.73038
0.0915781 1.00176
0.393678 0.857043
0.67875 0.564172
0.572684 0.684415
0.768009 0.438666
0.949486 0.133748
0.697129 0.555729
0.908531 0.197093
0.84063 0.31532
0.979564 0.0765877
0.102913 1.00165
0.173183 0.983913
0.469357 0.817557
0.0688277 1.00283
1.00419 0.00816035
0.630424 0.643824
0.21991 0.978966
0.839134 0.332456
0.140901 0.994815
0.723995 0.490091
0.932397 0.181072
0.421221 0.836969
0.721127 0.509752
0.645437 0.605964
0.951756 0.120884
