0.512229 0.754582
0.366644 0.868082
0.324955 0.901721
0.593866 0.655657
0.667846 0.555387
0.548301 0.707846
0.641588 0.607941
0.854742 0.285533
0.920734 0.179444
0.403321 0.848642
0.616508 0.627187
0.764388 0.436599
0.656902 0.591139
0.989369 0.0490866
0.69946 0.513993
0.392688 0.854885
0.944755 0.136131
0.730735 0.485875
0.990978 0.0242644
0.333898 0.893575
0.926915 0.157821
0.494551 0.762181
0.959763 0.0901545
0.842603 0.307883
0.330033 0.895741
0.27545 0.932473
0.820373 0.360649
0.949733 0.112581
0.900147 0.205806
1.00033 0.00359932
0.212962 0.958547
0.117035 0.988435
0.726254 0.501636
0.864147 0.277507
0.657469 0.569684
0.966053 0.0799549
0.718467 0.507785
0.556844 0.696168
0.776384 0.402203
0.259939 0.940628
0.785008 0.398139
0.339727 0.889256
0.187264 0.969911
0.736716 0.474779
0.684414 0.544315
0.294291 0.920783
0.545924 0.71158
0.000313544 1.00021
0.947065 0.118897
0.134262 0.985101
0.951987 0.107481
0.426801 0.825932
0.0770568 0.995836
0.466172 0.785615
0.301491 0.914832
0.518203 0.738249
0.0584605 0.998471
0.852845 0.293609
0.358143 0.887348
0.576213 0.687341
0.927466 0.152129
0.963933 0.0855182
0.141645 0.983504
0.942539 0.143189
0.221329 0.955307
0.406062 0.840879
0.979988 0.0683877
0.729886 0.490482
0.80393 0.377509
0.454935 0.804618
0.62665 0.612781
0.445042 0.810065
0.605178 0.647844
0.889938 0.21869
0.413864 0.838249
0.536173 0.735345
0.488011 0.778959
0.752402 0.443785
0.909021 0.192882
0.697759 0.529686
0.193006 0.968303
0.151939 0.983007
0.987634 0.060671
0.87297 0.254987
0.270305 0.936676
0.929295 0.147064
0.770015 0.433525
0.293174 0.926754
0.443024 0.814997
0.799109 0.387325
0.173076 0.980361
0.389328 0.857695
0.10331 0.993477
0.827985 0.321634
0.805233 0.364622
0.878706 0.231343
0.738427 0.457964
1.00157 0.000113787
0.385569 0.864844
0.0141376 1.00005
