0.977345 0.100298
0.00942385 1.00701
0.636366 0.62813
0.675383 0.56724
0.349204 0.894774
0.896817 0.230001
0.869463 0.281295
0.981212 0.0779929
0.536956 0.735161
0.412752 0.851289
0.504744 0.780874
0.570841 0.690544
0.901811 0.218341
0.951706 0.135018
0.620497 0.637805
0.474509 0.802291
0.162869 0.994707
0.773221 0.426703
0.448278 0.827214
0.768158 0.442563
0.253878 0.954206
0.919681 0.180579
0.239186 0.95671
0.903342 0.204278
0.749489 0.471147
0.378292 0.876226
0.655915 0.597234
0.729107 0.49853
0.951177 0.147414
0.389436 0.862523
0.640336 0.607439
0.235386 0.968118
0.519853 0.758859
0.0038393 1.01229
0.703078 0.52242
0.986113 0.0671099
0.509144 0.774554
0.855176 0.292296
0.407121 0.86036
0.456933 0.823031
0.494531 0.797669
0.799454 0.38539
0.980425 0.0898474
0.429825 0.82927
0.0626365 1.0024
0.952176 0.122247
0.663025 0.580047
1.0037 0.00881253
0.714426 0.509177
0.342403 0.900827
0.515048 0.765499
0.589581 0.683473
0.793167 0.400054
0.885377 0.270373
0.725683 0.502759
0.419993 0.845666
0.843148 0.3194
0.564467 0.711342
0.200191 0.980343
0.809786 0.372507
0.833586 0.349197
0.616185 0.660729
0.788013 0.415201
0.940047 0.157673
0.281835 0.940613
0.740126 0.484654
0.0538938 1.00285
0.149171 1.00023
0.322796 0.91362
0.171851 0.989085
0.69306 0.536676
0.690151 0.556548
0.22417 0.975864
0.0313013 1.0052
0.998195 0.0566592
0.918811 0.193345
0.595197 0.663801
0.266948 0.945741
0.760146 0.45691
1.00333 0.0248922
0.371784 0.881134
0.848473 0.305469
0.297591 0.939785
0.321688 0.914156
0.753771 0.47012
0.186083 0.982586
0.555243 0.715762
0.546176 0.716922
0.00503376 1.00876
0.834463 0.332511
0.176735 0.984754
0.498799 0.790767
0.317494 0.918087
0.891958 0.257414
0.828642 0.364897
0.0407036 1.00426
0.522381 0.744725
0.529306 0.741463
0.121237 1.00116
0.0851916 1.00176
