0.875105 0.279285
1.00361 0.00843731
0.566259 0.711685
0.346705 0.904267
0.300953 0.923424
0.276132 0.94852
0.759368 0.451254
0.771829 0.443429
0.683977 0.566067
0.93819 0.170423
0.53249 0.747083
1.00327 0.0140156
0.623867 0.632203
0.543663 0.731841
0.945938 0.134114
0.464778 0.804163
0.427599 0.84426
0.798373 0.397412
0.981009 0.0771694
0.840047 0.349687
0.47766 0.792236
0.129843 0.997074
0.606818 0.674649
0.262995 0.954627
0.72092 0.527197
0.660062 0.616354
0.736231 0.496422
0.59104 0.703234
0.247307 0.95518
0.622484 0.638803
0.497095 0.791133
0.9042 0.243309
0.939075 0.157498
0.772761 0.421234
0.0138006 1.0042
1.00132 0.0674344
0.149843 0.996184
0.422973 0.857472
0.822695 0.356696
0.919454 0.2043
0.790051 0.411569
0.842168 0.315694
0.44535 0.841021
0.894749 0.25498
0.914575 0.221231
0.221428 0.968071
0.5413 0.739607
0.0950462 1.00147
0.945428 0.146128
0.194163 0.976003
0.340711 0.914563
0.568126 0.704646
0.177599 0.986696
0.51351 0.761785
0.841762 0.318834
0.671556 0.579047
0.74095 0.479194
0.887503 0.267667
0.856688 0.307336
0.449732 0.827049
0.374769 0.89211
0.366875 0.900018
0.39799 0.858957
0.181907 0.982177
0.3955 0.872031
0.857866 0.304624
0.822043 0.377528
0.643353 0.625525
0.388278 0.880143
0.451223 0.815676
0.69643 0.553678
0.674652 0.567629
0.506401 0.770863
0.946556 0.13195
0.909543 0.231607
0.974626 0.0995914
0.728026 0.511113
0.918948 0.205953
0.615768 0.649354
0.371012 0.898166
0.514606 0.751784
0.108894 1.00102
0.671217 0.586544
1.00255 0.0453557
0.607095 0.666226
0.00508923 1.01216
0.208138 0.969179
0.0436336 1.00385
0.344315 0.906399
0.39686 0.860316
0.599968 0.702292
0.650847 0.62076
0.752871 0.466723
0.96987 0.122664
0.289922 0.938279
0.841117 0.334933
0.0718962 1.00307
0.31907 0.922629
0.156779 0.99066
0.720468 0.534347
