0.907129 0.206151
0.765798 0.434751
0.846928 0.329931
0.728112 0.491283
0.449712 0.826132
0.869417 0.274777
0.281605 0.935772
0.558178 0.704593
0.938802 0.138585
0.939659 0.131548
0.650799 0.610342
0.349349 0.89084
0.987567 0.049166
0.672816 0.558838
0.601616 0.664139
0.460243 0.809266
0.929353 0.162456
0.185031 0.981048
1.00265 0.00758295
0.914031 0.185374
0.418573 0.84162
0.483936 0.778301
0.968464 0.0933917
0.630418 0.640288
0.785694 0.406916
0.887646 0.24159
0.638058 0.623506
0.668195 0.577941
0.810318 0.365896
0.687126 0.54832
0.790259 0.391673
0.945293 0.126204
0.225463 0.95817
0.814661 0.35098
0.559426 0.699453
1.00149 0.0281127
0.142217 0.9936
0.211113 0.974869
0.534566 0.771587
0.605604 0.643017
0.651995 0.587694
0.991915 0.0399786
0.363714 0.884072
0.891158 0.222887
0.22447 0.959614
0.715411 0.526218
0.930202 0.149941
0.726615 0.512782
0.671156 0.561119
0.755489 0.448003
0.536444 0.728313
0.89788 0.209763
0.6999 0.534459
0.430792 0.826621
0.384471 0.877529
0.070695 1.00012
0.658291 0.584912
0.321242 0.907817
0.984177 0.0708726
0.971472 0.0813096
0.0306328 1.00101
0.147173 0.991068
0.00252308 1.00128
0.159324 0.981834
0.848054 0.327992
0.736303 0.475713
0.575213 0.691093
0.303916 0.934966
0.886799 0.250196
0.749685 0.463617
0.891638 0.221617
0.797048 0.377766
0.55217 0.718853
1.00223 0.0174146
0.11781 0.998897
0.869953 0.260559
0.962757 0.103652
0.464192 0.797069
0.135747 0.996992
0.813872 0.352363
0.965982 0.0958846
0.58349 0.672249
0.805423 0.374181
0.769735 0.418598
0.339174 0.891925
0.172574 0.981383
1.00397 0.00177167
0.212707 0.973768
0.870622 0.259732
0.86685 0.287315
0.237853 0.950703
0.472092 0.79234
0.647428 0.618472
0.337335 0.895875
0.266369 0.941097
0.390239 0.861184
0.0504651 1.00066
0.503061 0.777285
0.926391 0.182319
0.251159 0.942119
