0.00565579 1.00002
0.533396 0.50484
0.485246 0.583359
0.373094 0.717672
0.78339 0.289718
0.718344 0.323912
0.000109739 1.0121
0.478354 0.66412
0.230423 0.981238
0.65133 0.474282
0.475448 0.668301
0.670225 0.396887
0.667792 0.440368
0.933874 0.100783
0.504253 0.514223
1.00013 9.97034e-05
0.504216 0.52255
0.481739 0.623319
0.319196 0.74137
0.852342 0.23674
0.246044 0.825587
0.461951 0.673298
0.546285 0.503008
0.830407 0.276906
0.705455 0.366663
1.00003 0.0139922
0.900487 0.118127
0.316272 0.76654
0.571043 0.496849
0.571164 0.490296
0.548124 0.502652
0.233378 0.827362
0.852419 0.2184
0.457307 0.681917
0.405029 0.683856
0.856484 0.185334
0.230453 0.969357
0.483281 0.618717
0.717117 0.339889
0.479352 0.642672
0.856926 0.171183
0.230525 0.927174
0.947069 0.10058
0.667424 0.46079
0.56028 0.502504
0.515912 0.505636
0.366075 0.717728
0.514685 0.505674
0.669269 0.427765
0.900128 0.15058
0.504024 0.554791
0.870562 0.170716
0.231927 0.878146
0.31638 0.76503
0.48506 0.606045
0.000815567 1.0001
0.900164 0.138353
0.513306 0.513647
0.265784 0.825339
0.413371 0.683139
0.324766 0.718461
0.796926 0.277196
0.33709 0.71837
0.421562 0.682517
0.717048 0.349333
0.670286 0.393728
0.852358 0.222136
0.485318 0.582888
0.316135 0.770702
0.71755 0.32442
0.504367 0.513881
0.571949 0.475697
0.900585 0.107197
0.853218 0.206773
0.667502 0.444821
1.00005 0.00506868
0.319254 0.738749
0.675437 0.366851
0.674932 0.367578
0.670648 0.380435
1.00002 0.0457521
0.853625 0.205051
0.232002 0.872306
0.283385 0.824948
0.747984 0.322203
0.323772 0.718542
0.669477 0.424489
0.78325 0.304592
0.788754 0.277587
0.230568 0.922009
0.856582 0.172798
0.571876 0.475785
0.746781 0.322318
0.232555 0.827554
0.389874 0.6861
0.407471 0.683387
0.358768 0.71804
0.594176 0.474324
0.0637226 1
0.24387 0.825747
