0.186164 0.85002
0.0831926 0.977188
0.850205 0.157428
0.302573 0.759666
0.312153 0.703522
0.40955 0.607045
0.751915 0.388934
0.601215 0.503335
0.964359 0.117319
0.352945 0.650013
0.71867 0.403359
0.0168318 1
1.00001 9.86087e-05
0.911001 0.140368
0.86106 0.151262
0.815151 0.215953
0.350037 0.666353
0.604026 0.453555
0.607404 0.422717
0.664042 0.404397
0.603132 0.487154
9.99409e-05 1.00001
0.106566 0.900177
0.606227 0.430323
0.816095 0.214672
0.606741 0.424613
0.302598 0.733635
0.604962 0.435573
0.422677 0.605917
0.0867347 0.974769
0.42981 0.600264
0.125011 0.900051
0.602814 0.493624
0.763464 0.388879
0.63116 0.410781
0.977297 0.117254
0.315013 0.702585
0.408467 0.618555
0.277731 0.78336
0.409469 0.60947
0.323676 0.702181
0.913737 0.120201
0.592606 0.560516
0.91335 0.121234
0.800128 0.233217
0.61011 0.413427
0.605423 0.433738
0.335035 0.700046
0.129375 0.900029
0.274462 0.806792
0.409779 0.606901
0.303524 0.705003
0.407959 0.626176
0.603954 0.470672
0.105715 0.900429
0.805075 0.221714
0.800033 0.284036
0.592818 0.511394
0.157066 0.850175
0.316122 0.702284
0.603017 0.490272
0.658317 0.404419
0.59276 0.514708
0.59267 0.529667
0.156741 0.862185
0.862781 0.15012
0.610934 0.411478
0.639207 0.406003
0.283185 0.779056
0.804053 0.223913
0.441738 0.600034
0.918828 0.119864
0.603939 0.473397
0.850104 0.172713
1 0.0194565
0.701535 0.403517
0.275691 0.783754
0.692463 0.403585
0.604242 0.448593
0.430181 0.600185
0.912295 0.136221
0.800199 0.22823
0.352122 0.652799
0.094563 0.973864
0.91096 0.142956
0.604037 0.451835
0.27563 0.787945
0.286873 0.778846
0.850021 0.18842
0.912951 0.133703
0.415114 0.606769
0.30349 0.715825
0.0885087 0.97456
0.0845193 0.975596
0.805673 0.218663
0.169074 0.850024
0.303969 0.703636
0.327369 0.702124
0.159507 0.850034
0.368177 0.650009
