0.00757316 1.00032
0.00234206 1.00051
0.309568 0.851936
0.807614 0.227705
0.806703 0.335945
0.0147734 1.00026
0.744082 0.503711
0.504442 0.611672
0.504687 0.555984
0.536686 0.504875
0.373477 0.73695
0.806476 0.406638
0.559187 0.504122
0.688724 0.503822
1.02239 0.173062
0.372424 0.822448
0.719298 0.503771
0.910556 0.208992
0.522016 0.508522
0.806496 0.375676
0.783709 0.503255
0.806327 0.481185
0.504836 0.544726
0.520772 0.509047
0.510676 0.515111
0.374423 0.709847
0.853731 0.212634
0.506164 0.529396
0.806024 0.484163
0.0257929 1.00018
0.480223 0.667906
0.664759 0.503944
0.58539 0.504013
0.907522 0.20993
0.337246 0.851479
0.372495 0.785928
0.806588 0.350291
0.692518 0.503806
0.50452 0.56242
0.520963 0.508734
0.379669 0.675023
0.0752586 1.00007
1.02721 0.124994
1.03851 0.110558
0.249736 0.855614
1.02273 0.157471
0.275938 0.852973
0.508 0.527956
0.373464 0.752301
0.372448 0.790669
0.243728 0.874165
0.808266 0.217519
0.919203 0.208756
0.806781 0.283935
0.846184 0.213029
0.806524 0.367232
0.243693 0.890857
0.379879 0.669978
0.373541 0.73295
0.80724 0.261427
0.808494 0.217304
1.03104 0.111848
0.409558 0.668613
0.806733 0.30541
0.286595 0.852942
0.625664 0.503985
1.02288 0.137524
0.450173 0.668233
0.509568 0.515292
0.807278 0.249759
0.412136 0.668281
1.02248 0.168336
0.807072 0.270373
1.02888 0.116244
0.0936886 1.00004
0.263427 0.853415
0.349719 0.851427
0.304783 0.852853
0.504402 0.622844
0.0352971 1.00011
0.504335 0.641047
0.396789 0.669919
0.374805 0.708141
0.242652 0.958454
0.559642 0.504081
1.02231 0.179534
0.3764 0.687561
0.319296 0.851542
0.504482 0.58467
0.806854 0.281953
1.02185 0.203721
0.202548 1.00002
0.31158 0.851622
1.0268 0.126723
0.24361 0.91786
0.807578 0.23904
0.805994 0.488514
0.242627 0.964229
0.46049 0.667942
0.249989 0.853654
