0.750001 0.259874
0.452922 0.550038
0.700013 0.301451
0.805138 0.227569
0.556075 0.450028
0.0541996 0.950007
0.772852 0.250003
0.813208 0.214588
0.653222 0.354723
0.72639 0.300008
0.400189 0.607815
0.950095 0.053086
0.950005 0.0626193
0.900004 0.106199
0.700002 0.307433
0.857482 0.170455
0.204582 0.800136
0.563357 0.450007
0.0531952 0.950087
0.900001 0.111135
0.805153 0.221676
0.663097 0.350323
0.950061 0.0561103
0.196608 0.87914
0.40309 0.600271
0.450006 0.558549
0.423736 0.600012
0.782208 0.250002
0.581966 0.450004
0.300809 0.709998
0.950007 0.0600501
0.63323 0.443885
0.855532 0.181569
1 0.0150282
0.30001 0.716876
0.287027 0.788439
0.471621 0.550001
0.750017 0.25001
0.720388 0.300009
0.10995 0.900001
0.750024 0.250008
0.451661 0.551127
0.750002 0.256491
0.653255 0.354418
0.202862 0.820597
0.855489 0.194684
0.0080253 1
0.857473 0.173059
0.66639 0.350024
0.813456 0.213307
0.200003 0.83817
0.104293 0.900065
0.700166 0.300824
0.714399 0.300032
0.400037 0.609715
0.293081 0.787
0.855486 0.200657
0.644788 0.443315
1 9.64765e-05
0.104399 0.900008
0.200052 0.832511
0.632796 0.445327
0.400005 0.626946
0.856188 0.176736
0.301361 0.700001
0.650229 0.360103
0.290289 0.787948
0.300003 0.73551
0.207443 0.800001
0.287978 0.787954
0.450002 0.577138
0.857655 0.160926
0.848853 0.21281
0.572621 0.450005
0.190357 0.879149
0.311389 0.7
0.650003 0.371684
0.558935 0.450012
0.900099 0.103644
0.550008 0.456663
0.950001 0.0736888
0.857856 0.158633
0.650018 0.362447
0.400007 0.624286
0.300007 0.727366
0.404672 0.600023
0.450015 0.555227
0.203133 0.812515
0.403282 0.60004
0.45709 0.550001
0.805431 0.217138
0.550002 0.463277
0.813579 0.21314
9.99079e-05 1
0.300855 0.700068
0.55006 0.453477
0.188488 0.879303
0.55 0.499348
0.0605651 0.950001
0.400028 0.61467
