0.796367 0.28019
0.311401 0.718622
0.0098396 1
0.595717 0.461091
0.607234 0.459968
0.564967 0.476549
0.417324 0.600016
0.910663 0.113561
0.605091 0.460054
0.867683 0.216946
0.566802 0.466485
0.650012 0.380194
0.714948 0.300674
0.33884 0.712145
1 0.00348748
0.79186 0.289505
0.236532 0.822864
0.0774547 0.972252
0.329392 0.713364
0.0737863 0.974174
0.655498 0.357383
0.905741 0.130476
0.907546 0.124933
0.717604 0.300015
0.856623 0.216998
0.815966 0.220069
0.90554 0.162834
0.8135 0.250849
0.475243 0.550004
0.823947 0.218199
0.905545 0.139461
0.626841 0.459956
0.564941 0.481211
0.0819713 0.971154
0.850611 0.217364
0.579639 0.463049
0.400014 0.610399
0.274971 0.78085
0.285548 0.763064
0.561687 0.497746
0.161337 0.882719
0.561658 0.529012
0.343083 0.712137
0.565788 0.467127
0.450718 0.554721
8.62549e-05 1
0.911918 0.109439
0.667622 0.35014
0.161505 0.860355
0.561725 0.493353
0.91343 0.108861
0.650054 0.360096
1 8.45734e-05
0.792925 0.280521
0.711599 0.305824
0.161591 0.859746
0.400005 0.645991
0.234139 0.837704
0.700004 0.308373
0.32186 0.714195
0.223658 0.856465
0.105663 0.900002
0.274982 0.777597
0.100012 0.913644
0.244125 0.821281
0.310755 0.735898
0.674439 0.350132
0.280698 0.767015
0.320924 0.714318
0.450005 0.558921
0.591032 0.461108
0.815855 0.223854
0.584207 0.461172
0.402665 0.601199
0.104269 0.90002
0.161487 0.861669
0.453656 0.550044
0.318232 0.715446
0.813616 0.231922
0.813598 0.239876
0.311022 0.721577
0.575567 0.463093
0.910229 0.117057
0.655921 0.355601
0.289019 0.762993
0.167591 0.856503
0.663464 0.350523
0.0821773 0.970843
0.274567 0.782902
0.451619 0.551705
0.457303 0.550014
0.238453 0.821345
0.561825 0.492095
0.650036 0.365598
0.278807 0.767278
0.403337 0.60002
0.100008 0.930283
0.179889 0.856486
0.234829 0.832418
0.707855 0.30626
