0.400001 0.642782
0.708515 0.31533
0.756135 0.250011
0.40322 0.600009
0.282363 0.750003
0.706214 0.329073
0.504441 0.500141
0.0606204 0.950001
0.457203 0.550004
0.507816 0.500009
0.10352 0.900106
1 0.00947361
0.504174 0.502646
0.850004 0.154743
0.450004 0.576468
0.39481 0.69235
0.0540085 0.950009
0.251144 0.751916
0.652334 0.351577
0.807035 0.250004
0.850001 0.221108
0.00785367 1
0.950002 0.0696376
0.069302 0.950001
0.400582 0.604862
0.250693 0.752058
0.157231 0.854265
0.300012 0.726576
0.850002 0.156991
0.300004 0.741825
0.402353 0.600154
0.400002 0.614814
0.253325 0.751645
0.500128 0.505651
0.250033 0.823794
0.712093 0.311553
0.713775 0.308834
0.815106 0.250002
0.39747 0.691663
0.774209 0.250005
0.950005 0.0592769
0.464026 0.550003
0.65 0.362155
0.708033 0.318079
0.718901 0.3084
0.707138 0.323606
0.850001 0.164048
9.77564e-05 1
0.850001 0.173433
0.450714 0.569636
0.0528472 0.954732
0.66154 0.350012
0.857285 0.150415
0.862875 0.150004
0.404642 0.600009
0.500026 0.507386
0.450012 0.572404
0.71215 0.308835
0.518587 0.5
0.161646 0.85
0.00395441 1
0.65 0.365409
0.156738 0.858121
0.1109 0.900002
0.951291 0.0560293
0.676863 0.350001
0.750001 0.259261
0.250641 0.75245
0.665541 0.350004
0.300821 0.700003
0.400004 0.610074
0.707395 0.320857
0.250048 0.781806
0.300067 0.711675
1 9.97811e-05
0.159751 0.854182
0.300013 0.719789
0.316791 0.7
0.750026 0.250017
0.500007 0.518876
0.706311 0.325196
0.500022 0.510743
0.453115 0.562431
0.413288 0.600001
0.453863 0.550007
0.311269 0.700001
0.450003 0.579781
0.780244 0.250005
0.400001 0.620238
0.706211 0.331266
0.250259 0.775149
0.515571 0.5
0.75004 0.250014
0.250039 0.804658
0.256935 0.750004
0.301221 0.700003
0.650001 0.352874
0.106693 0.900015
0.961374 0.0550523
0.0561608 0.950002
