0.375814 0.656271
0.812087 0.292891
0.370677 0.656371
0.734491 0.309053
0.525966 0.581001
0.356092 0.674172
0.814301 0.25336
0.300229 0.865533
0.0660957 0.967158
0.488471 0.641528
0.960136 0.216416
0.300274 0.855634
0.603607 0.430011
0.127613 0.959451
1.09993 0.165035
0.300861 0.726514
0.139976 0.958801
0.815251 0.23444
0.816451 0.227489
0.602078 0.459252
0.737151 0.309031
0.359647 0.657964
0.602297 0.441855
0.600514 0.538092
0.602112 0.454104
0.491027 0.596219
0.70716 0.397609
0.571708 0.580391
0.384306 0.656205
0.609008 0.40863
0.100425 0.959692
0.601212 0.491202
0.600618 0.505192
0.0869599 0.966148
0.70843 0.356568
0.816755 0.225478
0.710487 0.325975
0.437746 0.652496
0.815639 0.233576
1.09708 0.210928
0.996167 0.216397
0.812822 0.261099
0.488665 0.630825
0.634035 0.40468
0.600573 0.522624
0.730746 0.311549
0.488806 0.611009
0.710769 0.324332
1.09856 0.171961
0.602412 0.439584
0.528244 0.580431
0.396366 0.655388
0.490851 0.597312
0.35701 0.673105
0.511964 0.582138
0.83107 0.217492
0.308252 0.701037
0.624859 0.404931
0.318125 0.700592
0.302876 0.712839
0.710205 0.334124
0.300486 0.767508
0.174899 0.958666
0.149805 0.958713
0.711345 0.313929
0.344951 0.700465
0.113156 0.959572
0.608654 0.408902
0.812693 0.270414
0.709107 0.340803
0.707404 0.374646
1.13332 0.163407
0.708848 0.342797
0.713483 0.313321
0.812312 0.281008
0.407253 0.653086
0.604714 0.418906
0.306282 0.706191
1.0975 0.190449
0.41027 0.65294
0.30044 0.797149
0.707612 0.363133
0.0937699 0.960427
0.289377 0.958386
1.09761 0.179789
0.679298 0.404359
1.09901 0.169182
0.653814 0.404499
0.259615 0.958473
0.493862 0.584088
0.227498 0.958504
0.626724 0.404806
0.813404 0.25945
0.192323 0.958634
0.494087 0.582739
0.604801 0.417788
0.829763 0.218131
0.818343 0.225011
0.300544 0.75986
0.785426 0.308998
