0.268599 0.896296
0.479694 0.558395
0.00875639 1
0.441631 0.566981
0.00416573 1
0.426692 0.580323
0.422923 0.592743
0.422964 0.590213
0.81971 0.219662
0.50156 0.501778
0.935434 0.145927
0.429582 0.57949
0.531768 0.500187
0.425761 0.586386
0.756536 0.264907
0.298839 0.734295
0.507576 0.500571
0.499809 0.533365
0.75654 0.250781
0.449832 0.558406
0.499816 0.524279
0.916531 0.166807
0.463633 0.558397
0.93723 0.102318
0.285451 0.735741
0.499806 0.548288
0.832926 0.167646
0.503294 0.500974
0.794321 0.233195
0.26985 0.755093
0.385227 0.615054
0.399984 0.614976
0.337397 0.67025
0.756601 0.249603
0.832922 0.167787
0.936897 0.142366
0.325977 0.679814
0.347273 0.666663
0.320212 0.696721
0.277048 0.744331
0.321533 0.694043
0.756513 0.362459
0.782157 0.245916
0.794439 0.229643
0.268598 0.90965
0.756518 0.319011
0.288788 0.734344
1.00407 9.07997e-05
0.324024 0.679862
0.83291 0.179119
0.937068 0.105823
0.385042 0.63754
0.943088 0.0762272
0.512287 0.500188
0.422922 0.594469
0.444036 0.566928
0.38504 0.641999
0.447215 0.558429
1.00406 0.0194108
0.936956 0.137568
0.500199 0.503601
0.98134 0.0623651
1.00407 0.00581929
0.984054 0.0267583
0.271077 0.75203
0.936964 0.124235
0.891766 0.166808
0.961474 0.0719506
0.441628 0.570469
0.342462 0.666675
0.937483 0.0875661
0.75652 0.283936
0.269401 0.809389
0.832905 0.199455
0.279139 0.744325
0.983426 0.0284175
0.499821 0.5057
0.777809 0.245933
0.337509 0.666689
0.981353 0.0342028
0.268607 0.836719
0.937005 0.119549
0.937045 0.109707
0.269142 0.818276
0.286982 0.734376
0.935377 0.159173
0.269847 0.796728
0.576318 0.500186
0.763718 0.248309
0.937265 0.0915932
0.981346 0.0424579
0.619018 0.500186
0.396645 0.614988
0.756512 0.438105
0.427361 0.579511
0.268603 0.87527
0.938142 0.0856719
0.385265 0.615009
0.794327 0.229899
0.935392 0.155778
