0.764036 0.31551
0.795072 0.21032
0.369211 0.634975
0.964342 0.0591404
0.794697 0.218823
0.500288 0.510242
0.91496 0.120993
0.292204 0.954213
0.5137 0.509711
0.764036 0.290739
0.764036 0.411352
0.461164 0.550622
0.430436 0.58445
0.292206 0.788768
0.764039 0.240892
0.29221 0.778629
1.00001 8.50531e-05
0.342075 0.671851
0.914929 0.124895
0.365819 0.645099
0.297335 0.715016
1 0.00172501
0.915248 0.104058
0.914987 0.104647
0.529917 0.50971
0.847336 0.178891
0.860994 0.154902
0.914967 0.111709
0.507373 0.509718
0.999998 0.00398347
0.780241 0.235951
0.964344 0.0480399
0.964398 0.042506
0.430405 0.586202
0.500225 0.524081
0.829735 0.21013
0.914964 0.119942
0.999997 0.0120967
0.875135 0.15474
0.292211 0.769761
0.43093 0.569683
0.369151 0.635645
0.439549 0.569617
0.794695 0.220601
0.50022 0.528605
0.888801 0.154711
0.764037 0.262012
0.332954 0.682011
0.768547 0.23596
0.795166 0.210266
0.31511 0.702663
0.900935 0.144665
0.409828 0.596779
0.856819 0.167723
0.548789 0.50971
0.794704 0.213565
0.466279 0.543672
0.30791 0.702664
0.469329 0.543668
0.299006 0.702728
0.47719 0.543652
0.500228 0.513776
0.764464 0.238974
0.414486 0.596778
0.432564 0.569648
0.403438 0.597559
0.764039 0.247885
0.46115 0.553791
0.339686 0.671864
0.403231 0.619435
0.837021 0.206317
0.292205 0.913457
0.292222 0.744621
8.95111e-05 1
0.430484 0.579165
0.463576 0.543707
0.766356 0.23612
0.374874 0.634195
0.500272 0.51037
0.292216 0.749185
0.292213 0.757195
0.292206 0.820583
0.372324 0.634196
0.900938 0.140418
0.292205 0.90407
0.332956 0.676262
0.435875 0.569619
0.333663 0.671881
0.403232 0.603563
0.352274 0.671847
0.404694 0.597401
0.36584 0.641936
0.79467 0.227503
0.297333 0.718411
0.357911 0.671846
0.00748913 1
0.300578 0.702668
0.366333 0.640668
0.816196 0.210132
0.856821 0.155143
