0.834257 0.189912
0.957115 0.0681542
0.0138275 1.01423
0.0318973 1.01423
0.974381 0.0378634
0.29063 0.731909
0.011744 1.01425
0.957114 0.0817245
0.790566 0.233571
1.00993 0.0178968
0.351753 0.671858
0.430866 0.592293
0.977871 0.0315862
0.347209 0.692263
0.903706 0.117577
0.75419 0.280811
0.500925 0.523613
0.422567 0.592294
0.83016 0.225775
0.751211 0.298844
0.824654 0.23085
0.761793 0.265608
0.790568 0.231507
0.751137 0.439985
1.01142 0.0143216
0.463113 0.54714
0.871557 0.138607
0.917276 0.107989
0.871492 0.146759
0.762937 0.265603
0.754599 0.269756
0.751146 0.302546
0.298863 0.703398
0.903688 0.124498
0.790612 0.231069
0.0100038 1.01479
0.313364 0.703283
0.509802 0.518358
0.0182289 1.01423
0.502702 0.51841
0.790564 0.248415
0.398677 0.622472
0.251771 0.773396
0.293068 0.729452
0.814462 0.230864
0.302269 0.703284
0.517046 0.518347
0.378484 0.622584
0.836268 0.185078
0.41661 0.592466
0.751096 0.476248
0.854805 0.185014
0.25046 0.77586
0.256387 0.770167
0.465842 0.545931
0.457282 0.564287
0.751098 0.456461
0.250377 0.782458
0.751138 0.408281
0.296849 0.708195
0.751143 0.313503
0.503702 0.518401
0.415663 0.597757
0.871498 0.139764
0.267238 0.770152
0.457251 0.564627
1.01127 0.0143953
0.513848 0.518348
0.296817 0.7118
0.351681 0.675353
0.457236 0.573917
0.37764 0.629675
0.752147 0.294398
0.415656 0.607333
0.377534 0.650672
0.362457 0.66898
0.377542 0.635939
0.933986 0.106599
0.290456 0.743095
0.357786 0.668984
0.471768 0.545212
0.417121 0.59236
0.500922 0.53309
0.35237 0.671078
0.751262 0.296953
0.347192 0.692789
0.772061 0.265589
0.250374 0.808884
0.463092 0.554729
0.754184 0.2822
0.250372 0.904825
0.354881 0.669037
0.254272 0.770204
0.385779 0.622476
0.48108 0.545204
0.38108 0.62256
0.350066 0.689517
0.963157 0.0627926
0.46946 0.545225
0.290461 0.735019
