0.320581 0.684207
0.926295 0.15029
0.504399 0.521985
0.815501 0.189406
1.00441 8.29325e-05
0.00546363 1
0.451621 0.588348
0.455356 0.549218
0.442487 0.600659
0.93933 0.0771818
0.336836 0.680305
0.925971 0.167406
0.451629 0.577968
0.32264 0.68032
0.785262 0.220563
0.939326 0.078398
0.758264 0.26347
0.81531 0.189819
0.455302 0.552048
0.482782 0.524057
0.926309 0.116545
0.9263 0.140728
0.815306 0.197798
0.945419 0.0754785
0.456936 0.54892
0.792601 0.219075
0.871952 0.188793
0.925723 0.178773
0.482092 0.530157
0.36686 0.674502
0.406628 0.601626
0.610067 0.521984
0.785303 0.219133
0.437952 0.60066
1.00407 0.00403042
0.399664 0.652192
0.258654 0.976878
0.000453792 1
0.758257 0.478057
0.430351 0.600662
0.926302 0.127523
0.559536 0.521985
1.00407 0.00499184
0.758259 0.365499
0.939317 0.0882533
0.376363 0.65221
0.758257 0.415039
0.785233 0.231611
0.986485 0.0152158
0.986476 0.0342564
0.758261 0.35319
0.758257 0.394698
0.370346 0.652228
0.482078 0.533248
0.758262 0.327732
0.758265 0.252126
0.283828 0.738772
0.25866 0.81626
0.369798 0.652541
0.986474 0.0600994
0.456709 0.548929
0.98648 0.024189
0.478471 0.548892
0.451677 0.56499
0.320853 0.682206
0.408282 0.601361
0.320479 0.692859
0.939316 0.0964254
0.860312 0.1888
0.36786 0.668
0.274557 0.741211
0.386277 0.652201
0.263653 0.749411
0.489788 0.521987
0.308487 0.738766
0.926475 0.113599
0.758755 0.249988
0.815303 0.208549
0.258655 0.958313
0.262546 0.74947
0.48318 0.523744
0.758263 0.279944
0.258659 0.867056
0.406619 0.624158
0.276682 0.741173
0.319584 0.703655
0.258723 0.76912
0.406895 0.601407
0.758259 0.379172
0.382852 0.652207
0.451948 0.561996
0.299166 0.738769
0.258663 0.773508
0.25866 0.807727
0.366986 0.668129
0.335036 0.680308
0.421016 0.600673
0.258657 0.903283
0.287216 0.73877
1.00407 0.00822127
