0.00539238 1.00035
0.015798 1.0002
0.026385 1.00008
0.0372679 1.00004
0.0480196 1.00002
0.574001 0.500922
0.498733 0.55319
0.916153 0.145906
0.625827 0.500879
0.831166 0.207443
0.99968 0.0607563
0.250337 0.837183
1.00005 0.0459609
0.75351 0.390539
0.91618 0.133756
0.951142 0.0695853
0.000750785 1.00553
0.762097 0.240652
0.250203 0.88654
0.753472 0.441195
0.00413021 1.00194
0.702559 0.500848
0.615565 0.500885
0.831155 0.219825
0.499734 0.50915
0.499249 0.530498
0.354697 0.65278
0.38632 0.652463
0.51082 0.501064
0.916199 0.131846
0.596987 0.500901
0.762442 0.240329
0.939804 0.0986813
0.000229489 1.01443
0.753532 0.322218
1.00007 0.026184
0.754879 0.293554
0.393076 0.633753
0.439196 0.57406
0.347923 0.668962
0.761259 0.281551
0.261463 0.74582
0.9002 0.16911
0.476844 0.573662
0.831238 0.193443
0.347911 0.669487
0.250393 0.834294
0.288878 0.742781
0.29196 0.71161
0.918299 0.120448
0.0911286 1.00001
0.762085 0.243287
0.274911 0.742891
0.371461 0.65275
0.801633 0.238895
0.999707 0.0569117
0.831301 0.180175
0.393993 0.608883
0.499466 0.509783
0.262689 0.743456
0.800048 0.238907
0.836592 0.170246
0.439644 0.573918
1.00144 0.000220445
0.647406 0.500852
0.113377 1.00001
0.261538 0.74364
0.831249 0.182199
0.291817 0.711642
0.32155 0.710865
0.94989 0.0716476
0.836891 0.169424
0.754898 0.291431
0.257493 0.771965
0.498742 0.549231
1.00167 0.000140319
0.253784 0.794295
0.511448 0.501008
0.25287 0.799602
0.394304 0.608702
0.761276 0.267459
0.306475 0.710945
0.275471 0.742851
0.761433 0.253806
0.918239 0.121855
0.259401 0.769638
0.53285 0.500966
1.00025 0.0052942
0.334506 0.710858
0.411256 0.607494
0.555361 0.500946
0.347837 0.699486
1.0001 0.01553
0.170621 1.00001
0.250164 0.940064
0.426681 0.580588
0.458244 0.573858
0.753515 0.35345
0.753573 0.306866
0.354527 0.652852
