0.00553561 1.00028
0.037389 1.00003
0.842576 0.183446
0.0160382 1.00011
1.00028 0.0161443
0.462999 0.556393
0.919384 0.143607
0.346291 0.666731
0.758447 0.362682
0.760209 0.279339
0.788512 0.236314
0.466728 0.540795
0.929009 0.133944
0.758412 0.472926
1.00038 0.00546297
0.673136 0.500246
0.501218 0.5095
0.0264432 1.00008
0.420893 0.597247
0.933863 0.110688
0.936294 0.0770779
0.966482 0.0637781
0.512434 0.502385
0.853012 0.160248
0.842448 0.223036
0.791898 0.235036
0.299746 0.730129
0.314736 0.730053
0.499955 0.531955
0.999587 0.0478228
0.766156 0.25513
0.75853 0.280454
0.325343 0.685703
0.852543 0.160443
0.485633 0.537497
0.463028 0.555731
0.000398965 1.00035
0.569744 0.500262
0.531084 0.500387
1.0002 0.0267673
0.43522 0.567851
0.842462 0.220526
0.334523 0.667449
0.375391 0.632584
0.513605 0.502355
0.27043 0.768212
0.758436 0.443819
0.934042 0.0773494
1.02228 0.000189605
0.758462 0.294864
0.915839 0.153791
0.843018 0.170299
0.53167 0.500347
0.261436 0.863863
0.368461 0.649677
0.466959 0.538546
0.944636 0.0671708
0.451968 0.565926
0.767025 0.241576
0.0976783 1.00001
0.485079 0.537553
0.32533 0.686263
1.00007 0.0371468
0.434897 0.595218
0.500076 0.510065
0.842882 0.17049
0.333956 0.668403
0.420355 0.599542
0.766071 0.268899
0.261394 0.875527
0.393794 0.632258
0.368472 0.648247
0.284531 0.730318
1.00322 0.00347222
0.944175 0.0671996
0.76701 0.241954
0.407542 0.60291
0.333676 0.671978
0.0824888 1.00002
0.395708 0.610213
0.368508 0.647876
0.553643 0.500277
0.193096 1
0.27148 0.73247
0.929331 0.132078
0.394999 0.610404
0.261534 0.781405
0.271152 0.763475
0.325204 0.721418
0.271688 0.731825
0.2614 0.873672
0.43516 0.568649
0.435091 0.590672
0.2615 0.783546
1.00461 0.000490634
0.375789 0.632452
0.362361 0.666691
0.285051 0.730201
0.261468 0.827044
0.788624 0.235071
