0.00400038 1.01108
1.03935 9.10019e-05
0.981417 0.037713
0.981467 0.031379
0.814823 0.224123
0.448828 0.563759
0.75509 0.251647
1.03588 0.00408806
0.755073 0.515102
0.920518 0.0914238
0.325115 0.686769
0.782278 0.228316
0.448879 0.560091
0.394352 0.627986
0.285157 0.745543
0.951823 0.0625333
0.920241 0.10863
0.253526 0.969601
0.767153 0.24493
0.385251 0.645358
0.755077 0.302143
0.999947 0.00774091
0.951855 0.0564544
0.755087 0.251697
0.755074 0.375099
0.325993 0.679649
0.401473 0.627985
0.923478 0.0878412
0.451713 0.557797
0.408045 0.605614
0.253528 0.90769
0.448821 0.570874
0.865038 0.137488
0.788006 0.225274
0.413467 0.6056
0.385251 0.632105
0.253597 0.757673
0.956249 0.0530002
0.920243 0.0939774
0.802996 0.224129
0.774963 0.244916
1.01554 0.00567801
0.755076 0.325987
0.448829 0.561949
0.981461 0.034469
0.961641 0.0529572
1.03667 0.000304723
0.865031 0.143857
0.493895 0.557531
0.755083 0.281206
0.920241 0.101663
0.755084 0.262151
0.951825 0.0568357
0.865022 0.151503
9.59291e-05 1.01108
0.40802 0.607451
0.31377 0.695073
0.467258 0.557537
0.313509 0.703888
0.290877 0.71962
0.782533 0.227059
0.408657 0.605608
0.793837 0.224181
0.865027 0.14692
0.423288 0.605591
0.755118 0.249434
0.364803 0.677527
0.25353 0.873916
0.98142 0.0366202
0.755073 0.477541
0.87101 0.136474
0.285399 0.720337
0.270564 0.754466
0.865022 0.158061
0.387948 0.62802
0.385276 0.630407
0.261907 0.754487
0.417582 0.605593
0.434598 0.605586
0.758443 0.246777
0.484263 0.557531
0.285159 0.726012
0.253527 0.942033
0.981584 0.0292636
0.470716 0.557533
0.782257 0.229711
0.259068 0.754669
0.301788 0.719617
0.865438 0.13657
0.455824 0.557546
0.313846 0.695048
0.293466 0.719619
0.841408 0.22412
0.330948 0.679602
0.755081 0.296788
0.32293 0.695003
0.33665 0.679602
0.253544 0.760535
0.0368323 1
0.253532 0.818153
