0.373818 0.629329
0.156625 0.844915
0.394175 0.60908
0.342964 0.659966
0.294232 0.706977
0.250722 0.750171
0.860479 0.149334
0.220125 0.780847
0.116658 0.884872
0.61904 0.383474
0.668114 0.359116
0.322592 0.68018
0.277259 0.724038
0.257062 0.743931
0.414746 0.588425
0.0907212 0.910442
0.138859 0.862712
0.200874 0.800331
0.632764 0.371921
0.812833 0.18816
0.889823 0.111054
0.828326 0.175353
0.844033 0.158249
0.0824086 0.918594
0.363505 0.639253
0.495708 0.505309
0.740451 0.26023
0.562597 0.441054
0.462814 0.53833
0.582822 0.42847
0.0628021 0.938239
0.0968688 0.904329
0.104821 0.896469
0.556861 0.45144
0.435868 0.567535
0.0367638 0.964773
0.317413 0.684979
0.680437 0.32202
0.818139 0.183353
0.738385 0.272633
0.307919 0.694502
0.209937 0.791334
0.336504 0.666984
0.957566 0.045979
0.424982 0.578314
0.777509 0.252383
0.0541626 0.94686
0.070748 0.930586
0.400993 0.602213
0.864745 0.138093
0.0108186 0.992363
0.469087 0.532315
0.454634 0.549858
0.488338 0.517841
0.44705 0.558144
0.162948 0.838317
0.923292 0.0777157
0.736047 0.296577
0.168911 0.832277
0.846943 0.155194
0.2851 0.717128
0.543376 0.472153
0.271102 0.72965
0.478533 0.526309
0.800916 0.21013
0.142972 0.857306
0.189569 0.811509
0.148843 0.852603
0.673292 0.335965
0.301874 0.699639
0.408766 0.594612
0.603435 0.407376
0.000871279 1
0.567242 0.433904
0.108926 0.892624
0.330434 0.672957
0.939583 0.0624273
0.383861 0.619106
0.931711 0.0699168
0.0186625 0.98293
0.517746 0.486852
0.802333 0.198931
0.628909 0.372967
0.353174 0.649663
0.130872 0.870518
0.0263033 0.974984
0.946621 0.0561291
0.264788 0.73618
0.0467864 0.954508
0.194748 0.806279
1 0.000127782
0.240493 0.760407
0.529809 0.478937
0.230358 0.770683
0.921422 0.0866378
0.0768386 0.924371
0.123018 0.878203
0.976246 0.0260363
0.178122 0.822085
0.507728 0.494565
