0.566781 0.433622
0.586728 0.413851
0.557359 0.443702
0.95602 0.0460951
0.60755 0.393752
0.650925 0.351477
0.821446 0.178556
0.922211 0.0779415
0.219446 0.78066
0.65965 0.341306
0.270421 0.729789
0.341917 0.65813
0.299926 0.700284
0.782662 0.218614
0.0938849 0.906449
0.630362 0.37168
0.864942 0.136512
0.260047 0.740265
0.911094 0.0909999
0.967393 0.0340621
0.403082 0.597054
0.352331 0.648044
0.138101 0.862054
0.692099 0.31007
0.700792 0.300558
0.933045 0.0670987
0.229658 0.770368
0.464546 0.535799
0.311283 0.688772
0.539296 0.463427
0.81202 0.188543
0.709243 0.290785
0.239857 0.76016
0.527438 0.47262
0.0560831 0.944043
0.413438 0.586723
0.372415 0.627831
0.188833 0.811238
0.0317842 0.968371
0.280593 0.719554
0.63915 0.361836
0.322174 0.678114
0.433702 0.566473
0.945009 0.0562526
0.484527 0.518802
0.148049 0.852112
0.443674 0.557331
0.12214 0.87805
0.895017 0.108739
0.845737 0.156403
0.0392766 0.960897
0.42357 0.576508
0.516188 0.484535
0.0820778 0.918058
0.767521 0.23645
0.874888 0.125237
0.992414 0.00997517
0.66903 0.332439
0.752053 0.253474
0.168427 0.83172
0.392882 0.607274
0.45418 0.545901
0.0460561 0.95419
0.331752 0.668491
0.17868 0.821499
0.250068 0.749952
0.803049 0.197387
0.799242 0.206695
0.382763 0.617319
0.621473 0.381543
0.20925 0.790805
0.72382 0.279193
0.83555 0.166574
0.829408 0.172085
0.198162 0.801931
0.884297 0.116148
0.598365 0.402885
0.000172851 1
0.0660498 0.934119
0.128123 0.872
0.108146 0.892006
0.0735224 0.926652
0.158191 0.841907
0.978248 0.0240473
0.474151 0.527474
0.681222 0.320449
0.0119891 0.988581
0.999993 0.000106063
0.506096 0.494761
0.497506 0.50472
0.116091 0.884181
0.102271 0.897844
0.578113 0.423219
0.741437 0.259674
0.290326 0.710146
0.73022 0.270116
0.0218231 0.978507
0.548786 0.453946
0.362164 0.638002
0.854636 0.14688
