0.465079 0.539014
0.987884 0.0157775
0.488139 0.516651
0.22961 0.77057
0.0279881 0.972504
0.0659164 0.934198
0.331649 0.668614
0.280661 0.71945
0.250047 0.750079
0.137867 0.862304
0.434439 0.566892
0.942941 0.0597496
0.50874 0.49697
0.382737 0.618984
0.792222 0.218855
0.625879 0.38395
0.801039 0.198993
0.393033 0.6087
0.144199 0.856205
0.630024 0.372678
0.871321 0.131284
0.0760306 0.924078
0.1888 0.811493
0.696242 0.311354
0.0976145 0.902669
0.768116 0.239872
0.553122 0.449336
0.495363 0.507281
0.538934 0.465615
0.221069 0.779386
0.597103 0.402993
0.583548 0.424858
0.410605 0.591268
0.92737 0.0731021
0.0357401 0.964481
0.423899 0.578726
0.660264 0.344328
0.290008 0.710328
0.0836114 0.916496
0.811478 0.188868
0.10391 0.896187
0.362765 0.637815
8.95678e-05 1
0.545927 0.455733
0.921269 0.0796066
0.526348 0.474669
0.67513 0.332324
0.168347 0.831751
0.51628 0.484872
0.260035 0.740211
0.965237 0.035757
0.772274 0.229198
0.65293 0.348749
0.905115 0.0964369
0.149809 0.850268
0.894922 0.113948
0.299612 0.70117
0.40083 0.600246
0.953955 0.0485394
0.684273 0.32004
0.999998 9.90898e-05
0.644004 0.363447
0.702919 0.298335
0.749318 0.259907
0.836553 0.163768
0.270441 0.729673
0.045938 0.954472
0.113329 0.886781
0.239837 0.760276
0.441697 0.558631
0.0157863 0.985191
0.0100172 0.990992
0.130196 0.870387
0.609658 0.396427
0.198806 0.801342
0.477874 0.526166
0.87404 0.12793
0.741324 0.28159
0.205585 0.794662
0.58881 0.41359
0.85338 0.14752
0.214555 0.785661
0.341891 0.658552
0.448397 0.552101
0.178512 0.821755
0.416675 0.585476
0.0920291 0.908174
0.0559961 0.944517
0.570127 0.439392
0.715176 0.295146
0.935196 0.0660799
0.311237 0.689256
0.12188 0.87821
0.458474 0.544087
0.158156 0.841913
0.373445 0.628152
0.821995 0.178766
0.352538 0.648509
0.322209 0.678369
0.0217227 0.979021
