0.317794 0.683915
0.240525 0.759709
0.148582 0.851914
0.212395 0.7877
0.964419 0.0456573
0.720429 0.280334
0.506256 0.495201
0.852207 0.152582
0.900236 0.115841
0.100565 0.899584
0.434456 0.566704
0.762667 0.26118
0.134368 0.866108
0.376606 0.62431
0.19631 0.803837
0.953449 0.0561439
0.822911 0.178576
0.283929 0.716861
0.414206 0.586555
0.881731 0.121337
0.424013 0.57628
0.256735 0.743632
0.368145 0.63254
0.555058 0.448354
0.336887 0.664422
0.70655 0.302405
0.266814 0.733538
0.383213 0.61736
0.107944 0.892384
0.187965 0.812198
0.17059 0.829715
0.39008 0.611053
0.809266 0.191096
0.608411 0.405544
0.640328 0.363738
0.665414 0.35969
0.122521 0.878306
0.698662 0.322031
0.970392 0.0302747
0.275125 0.725974
0.0826308 0.917542
0.559804 0.442765
0.80061 0.230818
0.537667 0.465916
0.873807 0.137364
0.496824 0.505922
0.301757 0.69944
0.0885862 0.911602
0.693353 0.337643
0.0664465 0.933913
0.40875 0.592326
0.226337 0.773813
0.634939 0.376959
0.325716 0.676087
0.488103 0.517377
0.589876 0.417608
0.847496 0.158898
0.291412 0.709319
0.465789 0.536268
0.568615 0.435691
0.179166 0.821411
0.0106477 0.990241
0.54428 0.462346
1 0.00012324
0.128144 0.872039
0.204235 0.795879
0.162553 0.837852
0.518824 0.486304
0.802192 0.198884
0.0946183 0.905776
0.71389 0.292952
0.250506 0.749629
0.360446 0.639854
0.114755 0.885435
0.945704 0.0679843
0.595248 0.409827
0.73752 0.276613
0.574221 0.433321
0.399577 0.602777
0.0198416 0.980629
0.0465548 0.9536
0.352503 0.647678
0.156514 0.843623
0.312013 0.689418
0.0567483 0.943363
0.445411 0.557779
0.218617 0.781545
0.921832 0.0794715
0.000731118 1
0.0263449 0.973863
0.233492 0.766892
0.344357 0.656146
0.455189 0.546835
0.477797 0.52741
0.927103 0.0751103
0.527616 0.47523
0.142743 0.857665
0.0366211 0.963629
0.0745668 0.925554
0.835396 0.16848
