0.280492 0.719741
0.924189 0.076016
0.178656 0.821528
0.000246739 0.999813
0.648636 0.353733
0.558147 0.443819
0.999991 7.50007e-05
0.640262 0.362227
0.331688 0.668622
0.0821417 0.917917
0.93439 0.0659781
0.822435 0.177613
0.188574 0.811487
0.858858 0.142284
0.980426 0.0210999
0.209301 0.790848
0.229736 0.770396
0.894954 0.106064
0.956634 0.0444663
0.76166 0.239378
0.118192 0.881857
0.506521 0.494791
0.848337 0.155104
0.484418 0.517151
0.465334 0.535573
0.260168 0.740076
0.382642 0.617862
0.526572 0.474111
0.660228 0.341563
0.885765 0.116095
0.535819 0.464371
0.945321 0.0560671
0.730809 0.269851
0.880242 0.122008
0.433427 0.567809
0.75119 0.249458
0.443835 0.556978
0.618041 0.384312
0.516774 0.484661
0.866675 0.13411
0.913466 0.0866383
0.812524 0.188167
0.835828 0.166044
0.0720974 0.927907
0.148121 0.851963
0.239905 0.760241
0.546142 0.45397
0.0280956 0.972127
0.311321 0.688969
0.423336 0.577862
0.712706 0.289778
0.608105 0.395146
0.362343 0.637751
0.108246 0.891832
0.168154 0.831903
0.600232 0.402019
0.128179 0.87198
0.669155 0.331381
0.372608 0.627467
0.158132 0.842
0.631524 0.372012
0.577132 0.426185
0.321523 0.678901
0.13792 0.862145
0.0640309 0.936008
0.413091 0.587953
0.994945 0.00571478
0.774788 0.23403
0.702518 0.300396
0.220035 0.780115
0.302248 0.698241
0.342002 0.658322
0.474695 0.526406
0.900577 0.102088
0.0119373 0.988785
0.683734 0.320373
0.45388 0.54722
0.497945 0.504529
0.744651 0.258046
0.720972 0.280045
0.0562289 0.943838
0.402982 0.597822
0.567402 0.43328
0.392604 0.608092
0.0921535 0.908034
0.199042 0.801138
0.27046 0.729744
0.689267 0.311086
0.784858 0.218696
0.0201152 0.98013
0.80124 0.198924
0.97076 0.0318828
0.0360887 0.964068
0.352122 0.648078
0.0460601 0.954081
0.290821 0.709369
0.79095 0.209122
0.250113 0.75025
0.590155 0.412715
0.0983746 0.901922
