0.158298 0.841793
0.112261 0.887863
0.642502 0.367283
0.301138 0.698921
0.767781 0.269917
0.702639 0.330633
0.704726 0.316549
0.0941237 0.905907
0.342485 0.657681
0.921682 0.0791807
0.332301 0.667898
0.229799 0.770734
0.18638 0.813827
0.58046 0.420463
0.19843 0.802043
0.244175 0.755954
0.422477 0.578154
0.137932 0.862164
0.250137 0.749982
0.852112 0.147988
0.498762 0.507376
0.632623 0.404062
0.436063 0.565079
0.39887 0.603137
0.0197847 0.981015
0.321532 0.678497
0.367104 0.634163
0.290967 0.70925
0.507638 0.496054
0.63892 0.391875
0.117651 0.88256
0.822496 0.178714
0.172285 0.827993
0.0118454 0.989993
0.131899 0.868558
0.73989 0.290623
0.143915 0.856209
0.0638604 0.936681
0.054126 0.945905
0.0720816 0.928152
0.999971 0.000151726
0.455781 0.546666
0.832392 0.168309
0.713486 0.291802
0.21224 0.788316
0.578036 0.427802
0.525198 0.483652
0.655096 0.3497
0.970338 0.0342083
0.283159 0.717188
0.671837 0.347282
0.179859 0.820893
0.476547 0.527795
0.166871 0.833188
0.935656 0.0665209
0.809727 0.191307
0.487095 0.518634
0.124342 0.87578
0.572662 0.442264
0.612904 0.41266
0.358944 0.643014
0.0817172 0.918353
0.875816 0.127593
0.276746 0.723482
0.708747 0.29464
0.800344 0.221996
0.260318 0.739704
0.464898 0.53648
0.413955 0.586404
0.218186 0.782028
0.0300874 0.970538
0.53365 0.467647
0.924177 0.0765227
0.779054 0.252676
0.104218 0.896046
0.389422 0.611303
0.310243 0.690086
0.773678 0.260857
0.192397 0.808106
0.0461061 0.954167
0.372807 0.628175
0.0880804 0.911973
0.595407 0.416143
0.801808 0.199085
0.236463 0.764045
0.966773 0.0358218
0.552119 0.461131
0.206175 0.794242
0.559325 0.458102
0.349819 0.651377
0.27061 0.729889
0.1522 0.847946
0.518053 0.487785
0.000261543 1
0.953528 0.0503955
0.428777 0.572215
0.443278 0.559253
0.404913 0.596851
0.0360532 0.964268
0.379663 0.620757
