0.577485 0.442162
0.807574 0.194513
0.11371 0.886952
0.295567 0.704662
0.508989 0.496693
0.649995 0.422341
0.159671 0.840941
0.00179972 1
0.497601 0.505849
0.416395 0.589432
0.0894097 0.911156
0.103174 0.897453
0.198417 0.802234
0.227566 0.773206
0.470774 0.537472
0.333108 0.66787
0.51614 0.492682
0.30216 0.698312
0.488545 0.517195
0.00964174 0.992061
0.685592 0.384737
0.312614 0.688263
0.0256342 0.975257
0.206052 0.79499
0.135791 0.865468
0.0669622 0.933609
0.338955 0.662244
0.392322 0.611471
0.539666 0.46581
0.421098 0.58392
0.255613 0.745554
0.71048 0.304254
0.211162 0.789459
0.669142 0.418344
0.169875 0.83091
0.0957497 0.904725
0.780679 0.270818
0.123604 0.877339
0.355651 0.644904
0.563059 0.448741
0.0556053 0.946087
0.695271 0.312809
0.593636 0.436729
0.0336202 0.967664
0.12936 0.871328
0.325577 0.67555
1.00001 0.00020916
0.454808 0.551097
0.143407 0.857474
0.0476408 0.953194
0.464002 0.544245
0.602747 0.434465
0.627105 0.430656
0.175558 0.825399
0.397979 0.604741
0.410998 0.595119
0.245533 0.755367
0.688597 0.338607
0.816926 0.189318
0.437355 0.56834
0.86925 0.138116
0.0755552 0.925138
0.373894 0.627339
0.996418 0.0155648
0.23577 0.765049
0.268717 0.731794
0.778753 0.28404
0.363661 0.637442
0.279379 0.720924
0.533932 0.479627
0.479549 0.52874
0.426623 0.57703
0.690241 0.325235
0.549334 0.455197
0.321245 0.680076
0.181791 0.819519
0.44662 0.557225
0.916725 0.0973331
0.847796 0.172872
0.961914 0.055593
0.867369 0.150413
0.189347 0.811215
0.220799 0.779723
0.060939 0.939733
0.149494 0.851039
0.287114 0.713125
0.0172072 0.983878
0.922835 0.0779085
0.802102 0.198861
0.0833259 0.917131
0.383806 0.616549
0.912365 0.108073
0.0436299 0.95771
0.261685 0.739431
0.992481 0.0263773
0.347578 0.653524
0.794598 0.217332
0.826789 0.179065
0.936951 0.0715268
0.785598 0.232332
