0.719005 0.282607
0.188913 0.811196
0.496342 0.504833
0.700817 0.299641
0.372456 0.627851
0.993898 0.0118976
0.0920909 0.908064
0.229653 0.770525
0.515411 0.485183
0.640782 0.361449
0.331711 0.668646
0.341932 0.658509
0.0320191 0.968135
0.878038 0.122738
0.711654 0.290329
0.000239532 0.999899
0.209326 0.790794
0.199096 0.801027
0.168497 0.831569
0.485208 0.515119
0.31113 0.689421
0.290873 0.709434
0.933756 0.0662924
0.121786 0.878313
0.38268 0.617664
0.28069 0.719583
0.443655 0.557053
0.0221659 0.978106
0.105928 0.894216
0.50809 0.494278
0.757107 0.248229
0.617699 0.382532
0.690775 0.310776
0.578405 0.422893
0.403159 0.597101
1 9.53192e-05
0.812593 0.188116
0.148162 0.851936
0.0461128 0.954058
0.801754 0.199025
0.362289 0.638216
0.393597 0.607048
0.739998 0.260372
0.0814964 0.918637
0.871145 0.129931
0.351817 0.648938
0.27039 0.72987
0.734928 0.268851
0.821531 0.178525
0.855903 0.146223
0.413367 0.586665
0.0720431 0.928046
0.945001 0.055876
0.423848 0.576484
0.0561734 0.943958
0.842209 0.157974
0.762354 0.239079
0.668919 0.332308
0.977294 0.0234777
0.598215 0.402659
0.52636 0.474477
0.433646 0.567138
0.46477 0.535649
0.453707 0.547624
0.786743 0.216911
0.178693 0.821349
0.301025 0.699457
0.96451 0.0358752
0.922076 0.0780371
0.832877 0.168119
0.137983 0.862103
0.566737 0.43506
0.651336 0.351228
0.0641675 0.935968
0.131725 0.868514
0.913547 0.091424
0.609499 0.392464
0.586908 0.413502
0.219503 0.780596
0.474561 0.525646
0.631057 0.370494
0.54862 0.453755
0.535219 0.465105
0.0981136 0.901976
0.557783 0.443939
0.682789 0.320046
0.956266 0.0458563
0.250107 0.750199
0.26018 0.740106
0.158278 0.841768
0.866847 0.135795
0.0397805 0.960351
0.88967 0.111154
0.661071 0.340787
0.00784347 0.992307
0.239884 0.760379
0.114127 0.885959
0.900297 0.102135
0.0141605 0.986381
0.321474 0.67903
