0.321475 0.678555
0.158037 0.842051
0.980923 0.0217335
0.964467 0.0357333
0.790888 0.209159
0.758983 0.243743
0.362254 0.637784
0.720809 0.280478
0.413233 0.586914
0.894678 0.106142
0.229594 0.770518
0.8842 0.115972
0.588811 0.413056
0.999991 0.000102606
0.682562 0.320613
0.000134405 1
0.60789 0.394354
0.495855 0.504515
0.530333 0.470443
0.239922 0.760261
0.649548 0.3516
0.751785 0.249464
0.94041 0.0613706
0.250072 0.750237
0.922253 0.0779671
0.954094 0.0459568
0.29933 0.700856
0.0560616 0.944057
0.832986 0.167807
0.454311 0.546929
0.4849 0.515266
0.658244 0.341963
0.84467 0.157129
0.148021 0.852143
0.209224 0.790883
0.802891 0.197279
0.930577 0.0697916
0.692379 0.309659
0.0359415 0.96429
0.219399 0.780727
0.5152 0.486881
0.280626 0.719495
0.995343 0.00503905
0.188793 0.811308
0.524599 0.478069
0.128074 0.872103
0.785663 0.217458
0.630439 0.371917
0.822557 0.177637
0.639162 0.362215
0.392834 0.607529
0.331864 0.668468
0.382631 0.617822
0.423667 0.576543
0.138021 0.862146
0.0637619 0.936547
0.270422 0.729699
0.505126 0.496527
0.66879 0.332399
0.566647 0.435336
0.342065 0.658174
0.474475 0.525988
0.168382 0.831707
0.538406 0.462846
0.558629 0.443916
0.548895 0.454092
0.260116 0.739982
0.118141 0.882012
0.730288 0.270032
0.852974 0.147606
0.352144 0.648031
0.402869 0.59747
0.577337 0.423463
0.178576 0.821474
0.871432 0.129367
0.29069 0.709489
0.59907 0.402792
0.309859 0.69038
0.914807 0.0860676
0.617412 0.384451
0.0460005 0.954211
0.0820451 0.918105
0.8119 0.188457
0.025419 0.974784
0.434377 0.566459
0.198972 0.801169
0.444322 0.556061
0.0941137 0.90599
0.111974 0.888206
0.714521 0.290295
0.775958 0.231195
0.699159 0.301183
0.00778606 0.992386
0.104031 0.896144
0.86672 0.13648
0.0740958 0.926178
0.0879252 0.912273
0.015894 0.984413
0.465004 0.535551
0.372593 0.627852
