0.37262 0.62756
0.232964 0.767585
0.726923 0.291539
0.0361227 0.964337
0.487021 0.516155
0.848557 0.156753
0.0833415 0.917012
0.975847 0.0256736
0.164607 0.835703
0.811315 0.188724
0.638686 0.369451
0.108225 0.891829
0.178737 0.821413
0.689572 0.310978
0.762265 0.239758
0.475089 0.52655
0.661081 0.343748
0.158223 0.841819
0.735986 0.26902
0.800753 0.207455
0.124177 0.875963
0.716997 0.300626
0.887135 0.11622
0.011603 0.988683
0.311424 0.689063
0.280863 0.719311
0.961965 0.0390202
0.942369 0.0581017
0.677839 0.327186
0.148263 0.851805
0.95047 0.054198
0.907151 0.0995372
0.495545 0.505304
0.0762524 0.923979
0.250182 0.750271
0.836548 0.163703
0.102059 0.898319
0.342094 0.658283
0.614785 0.390211
0.598094 0.402247
0.983739 0.0193302
0.382813 0.617826
0.591129 0.414059
0.352721 0.64835
0.206409 0.793756
0.216204 0.783889
0.93018 0.0711712
0.321663 0.678951
0.86722 0.133641
0.826969 0.173233
0.922129 0.0779761
0.393071 0.607387
0.621409 0.38281
0.114004 0.886164
0.556366 0.443803
0.018216 0.982111
0.138009 0.86213
0.855657 0.150371
0.362474 0.637651
0.999999 0.000102471
0.538285 0.464628
0.199201 0.800832
0.641968 0.363366
0.046225 0.954031
0.517289 0.485289
0.891561 0.111422
0.413611 0.587564
0.936636 0.0637351
0.000355936 1
0.189001 0.811009
0.449366 0.550931
0.509224 0.493218
0.456494 0.544251
0.775538 0.229078
0.0562195 0.944033
0.224571 0.775482
0.0260621 0.974306
0.403291 0.597797
0.547477 0.454128
0.526754 0.476591
0.566487 0.433632
0.430836 0.570966
0.816657 0.184338
0.240151 0.760483
0.0663361 0.933783
0.291035 0.709156
0.301155 0.6991
0.578046 0.425587
0.260157 0.740023
0.80309 0.197086
0.27059 0.729498
0.0940972 0.905967
0.649476 0.353518
0.172477 0.827558
0.741382 0.260987
0.442257 0.559118
0.464489 0.535644
0.422362 0.578769
0.331813 0.668736
0.132116 0.868058
