0.26324 0.000234111 0.964852
0.756781 0.000206062 0.653753
0.655339 0.709278 0.416586
0.655482 0.773951 0.0183087
0.781719 0.000217157 0.624029
0.568837 0.000240432 0.8227
0.965481 0.307452 0.0204615
0.988456 0.188136 0.0278496
0.905214 0.0830735 0.425309
0.734322 0.000219232 0.678893
0.933635 0.363637 0.090069
0.818961 0.560661 0.274605
0.164707 0.99192 0.0742301
0.0565058 0.966735 0.517606
0.155074 0.0132032 0.987907
0.607435 0.00023746 0.794462
0.177979 0.948051 0.503013
0.227452 0.000230273 0.973886
0.887702 0.470141 0.154105
0.796641 0.626194 0.070501
0.422928 0.070556 0.906283
0.857544 0.0154852 0.514435
0.652084 0.000222353 0.758219
0.678438 0.0138966 0.734828
0.58651 0.832996 0.0162913
0.706494 0.00018268 0.708455
0.54043 0.000217699 0.841491
0.672732 0.668982 0.423511
0.549919 0.56282 0.693608
0.264566 0.933427 0.310692
0.839461 0.00019763 0.543522
0.918411 0.396099 0.000126852
0.607139 0.79836 0.0945557
0.921439 0.00024108 0.38914
0.509879 0.606261 0.699271
0.466557 0.000240173 0.884558
0.818934 0.603784 0.0967055
0.551224 0.605777 0.672182
0.708903 0.717482 0.217411
0.489987 0.000183913 0.871841
0.871539 0.00018518 0.490407
0.410856 0.883642 0.406108
0.297911 0.000183685 0.954675
0.939343 0.000235934 0.343729
0.371592 0.0120561 0.928401
0.205079 0.941249 0.41765
0.994027 0.000209804 0.109267
1 0.000237626 8.80406e-05
0.306317 0.918968 0.547252
0.971656 0.000219938 0.238646
0.364938 0.836699 0.573784
0.857421 0.510279 0.278286
0.324298 0.776555 0.790504
0.763022 0.664117 0.0477534
0.447448 0.910434 0.0475688
0.109599 0.00023746 0.994044
0.724033 0.728206 0.0784366
0.414406 0.761297 0.543852
0.351479 0.963238 0.0444194
0.966959 0.276987 0.129684
0.463819 0.731057 0.538191
0.341984 0.919859 0.275316
0.983999 0.00023848 0.178665
0.331579 0.950822 0.0745401
0.410179 0.923861 0.0448879
0.53192 0.864313 0.0425259
0.404156 0.744126 0.682842
0.621424 0.621971 0.56267
0.515254 0.0151193 0.857044
0.738739 0.613689 0.437673
0.318266 0.802781 0.761513
0.493941 0.89144 0.0859678
0.446748 0.000235727 0.894758
0.395137 0.00023684 0.918725
0.222941 0.975783 0.0771271
0.636333 0.785958 0.0123197
0.696742 0.751994 0.0188042
0.89447 0.000195484 0.447386
0.800273 0.00020863 0.601593
0.3311 0.000231047 0.943804
9.47772e-05 0.000223774 1.00002
7.64065e-05 1.00007 9.78582e-05
0.491301 0.872597 0.258724
0.19386 0.000230269 0.981126
0.369542 0.756427 0.667397
0.822345 0.015461 0.569011
0.543917 0.667016 0.546101
0.737106 0.687266 0.145724
0.899869 0.450171 0.0971997
0.0371872 0.971286 0.263255
0.271357 0.829626 0.875099
0.156667 0.956035 0.469602
0.857248 0.53781 0.0294072
0.842352 0.578403 0.0198166
0.62152 0.741118 0.46347
0.531298 0.848599 0.177157
0.957854 0.000239342 0.287491
0.82951 0.534955 0.412581
0.576027 0.82819 0.146369
0.629971 0.0282354 0.777929
