0.950674 0.000771126 0.31554
0.678496 0.123534 0.74051
0.866936 0.146866 0.510065
1.00157 0.000786277 0.000113865
0.542417 0.883064 0.219486
0.958797 0.366596 0.0249979
0.458919 0.912721 0.205944
0.587082 0.0467773 0.824719
0.453414 0.000766945 0.893347
0.40077 0.93445 0.197806
0.00612061 4.21042 0.00613523
0.802571 0.180287 0.60153
0.52517 0.000730213 0.858971
0.255666 0.979323 0.135826
0.504436 0.90418 0.172218
0.740942 0.125885 0.678901
0.547472 0.0959889 0.845675
0.664399 0.0466414 0.765592
0.705041 0.738362 0.233818
0.809762 0.0464138 0.614851
0.929102 0.440523 0.0965638
0.424269 0.0451661 0.914472
0.965724 0.0439478 0.30286
0.875325 0.251682 0.492239
0.363663 0.227355 0.934354
0.033129 1.01224 0.0673114
0.812616 0.000786884 0.686331
0.0428415 0.999792 0.292211
0.26776 0.346162 0.963968
0.152222 0.000787861 0.988811
0.874404 0.707259 0.0453047
0.684805 0.746204 0.257259
0.00015426 0.000782897 1.00028
0.907835 0.560263 0.0188016
0.612563 0.855396 0.222406
0.41261 0.959107 0.105271
0.858069 0.592292 0.149726
0.716046 0.716796 0.252632
0.641832 0.784976 0.361276
0.510484 0.898721 0.354274
0.172731 0.988672 0.0724352
0.835766 0.0491223 0.581963
0.993708 0.114417 0.0353295
0.987361 0.000787225 0.172613
0.641774 0.81021 0.287566
0.115695 0.994806 0.0377562
0.786331 0.666535 0.260714
0.339242 0.970214 0.117997
0.634559 0.0324553 0.795535
0.00145993 3.38434 0.165105
0.486888 0.124702 0.876747
0.103674 0.000772122 0.995689
0.975981 0.311267 0.0250194
0.423484 0.925925 0.188229
0.344689 0.955666 0.26522
0.608337 0.812994 0.402601
0.782183 0.858409 0.120022
0.453924 0.978861 0.048969
0.55469 0.306331 0.833205
0.20424 0.985214 0.0674775
0.894451 1.31476 1.6143e-05
0.284176 0.97097 0.31846
0.731523 0.0476812 0.704942
0.606424 0.94175 0.083227
0.917845 0.826366 0.00013949
0.974186 0.178568 0.230521
0.471866 0.407064 0.882325
0.883293 0.559945 0.102348
0.593197 0.121039 0.809671
0.578939 0.843859 0.43548
0.904146 0.000787383 0.432215
0.872361 0.0352855 0.532103
0.847178 0.173856 0.535887
0.338288 0.957812 0.296335
0.768576 0.173844 0.644481
0.290429 0.141352 0.959253
0.328273 0.00077272 0.945311
0.885183 0.178596 0.469641
0.752226 0.691331 0.24677
0.379485 0.000779329 0.929928
0.836107 0.643137 0.107669
0.919954 0.178638 0.399245
0.619412 0.127156 0.789874
0.93681 0.165466 0.360577
0.767402 0.084084 0.666738
0.828389 0.145053 0.570526
0.206925 0.000763389 0.982837
0.230262 0.125183 0.974603
0.898254 0.503997 0.195839
0.94831 0.349005 0.137242
0.711929 0.180225 0.706687
0.0805339 0.999652 0.0434184
0.790736 0.126605 0.620948
0.968172 0.27422 0.131313
0.44827 0.17181 0.898265
0.640781 0.345001 0.768156
0.504837 0.143133 0.867234
0.908513 0.480554 0.156802
0.306562 0.0294026 0.961093
0.0473848 1.01673 0.0533209
