0.447397 0.000109426 0.895021
0.96908 0.274974 0.125538
0.992063 0.315109 0.0234117
0.995144 0.000110357 0.0989044
0.0100787 1.00004 0.0238717
0.448024 0.898342 0.131956
0.581633 0.846611 0.107615
0.856227 0.607787 0.22265
0.317873 0.955176 0.291488
0.822269 0.000109347 0.569388
0.367965 0.936062 0.0451601
0.884194 0.132999 0.469494
0.389235 0.92294 0.0446733
0.71236 0.000110307 0.70198
0.608193 0.000109347 0.793988
0.953653 0.331731 0.14045
0.82184 0.617986 0.261644
0.531715 0.869569 0.0541332
0.283928 0.966851 0.440855
0.841136 0.5756 0.287842
0.925057 0.433744 0.000132741
0.0902905 0.996884 0.19161
0.640148 0.000102626 0.768764
0.341034 0.000111767 0.940173
0.863636 0.000111341 0.504558
2.1965e-05 0.150844 1.00026
0.471006 0.89178 0.0413234
0.243747 0.975196 0.134802
0.577292 0.000194138 0.818514
0.158909 0.000119057 0.987393
0.874825 0.522087 0.181281
0.847162 0.000687389 0.53196
0.000112867 1.00687 9.79539e-05
0.874967 0.607107 0.0249464
0.000108049 0.000111682 1.00113
0.791462 0.000110749 0.611359
0.588668 0.000121719 0.808499
0.927525 0.39151 0.0856532
0.519976 0.865168 0.33595
0.832629 0.669017 0.0695496
0.287446 0.00013876 0.95799
0.863872 0.643638 0.0354839
0.623763 0.826315 0.0985976
0.495793 0.000186233 0.868574
0.127282 0.000948423 0.992138
0.939485 0.000110759 0.344305
0.54113 0.000858726 0.841958
0.521842 0.000147104 0.853191
0.732314 0.000111756 0.681106
0.63956 0.81507 0.130996
0.914534 0.0374153 0.407553
0.703198 0.766996 0.279205
0.268227 0.00148137 0.96352
0.901348 0.433429 0.0024072
0.776767 0.000111767 0.629967
0.898563 0.000106725 0.444933
0.874196 0.0791696 0.486355
0.977912 0.0800368 0.209682
0.554367 0.154614 0.832501
0.970079 0.00010572 0.243026
0.314581 0.0781479 0.949847
0.500966 0.875121 0.400285
0.186889 0.000110181 0.982607
0.715843 0.75285 0.228788
0.519627 0.883376 0.0489119
0.670012 0.798424 0.127771
0.228438 0.0786843 0.974156
0.735298 0.736373 0.366417
0.330508 0.0781744 0.944449
0.333353 0.945926 0.281632
0.469608 0.000346173 0.882993
0.359862 0.0808422 0.933643
0.382215 0.000109781 0.924307
0.940875 0.363754 0.0930842
0.801836 0.663923 0.303646
0.419863 0.0446834 0.909372
0.929784 0.000109781 0.369076
0.419219 0.908516 0.0458752
0.708334 0.075818 0.706513
0.89494 0.448432 0.123311
0.196292 0.982363 0.0683572
0.557845 0.854604 0.0747863
0.508797 0.000113438 0.861297
0.0771716 0.000109781 0.997142
0.800811 0.0774574 0.599666
0.79416 0.720266 0.0771462
1.00003 0.000112757 9.26413e-05
0.855952 0.550204 0.406587
0.649792 0.0749124 0.760792
0.956066 0.000112178 0.293393
0.67856 0.000109614 0.734876
0.624385 0.000112294 0.781352
0.763763 0.0789226 0.646542
0.658918 0.791608 0.526432
0.773697 0.714364 0.243632
0.807664 0.693091 0.0721837
0.33278 0.954602 0.113443
0.987379 0.000109823 0.158702
0.7216 0.785195 0.109435
0.164691 0.987288 0.0723054
