0.611976 0.611643 0.547943
0.156448 0.781556 0.629617
0.381301 9.43743e-05 0.924546
0.743007 0.245633 0.628477
0.980346 0.203706 0.0323576
0.98884 8.12869e-05 0.14912
0.627208 0.783831 0.0104123
0.156053 0.766418 0.655187
0.9564 0.302292 0.0430834
0.780778 0.0445039 0.625093
0.337221 0.943173 0.0403736
0.822248 0.410908 0.528182
0.100313 0.829023 0.638092
0.534257 0.535331 0.672426
0.465949 7.53975e-05 0.884861
0.958006 8.90686e-05 0.28707
0.266539 0.903985 0.415769
0.771447 0.254195 0.600611
0.202034 0.921068 0.404952
0.592105 0.8081 0.0988156
0.225196 0.613873 0.787574
0.76192 0.648652 0.0507275
0.140086 0.658455 0.750297
0.855084 0.0455685 0.518729
0.449677 0.89902 0.0442469
0.655957 0.765877 0.0185754
0.138578 0.948318 0.320187
0.101701 9.04627e-05 0.994886
0.784345 0.627912 0.0332134
0.314726 0.905935 0.315779
1 0.000101173 9.05809e-05
0.482107 0.600931 0.667558
0.737125 0.6839 0.0451825
0.489719 0.878142 0.0836054
0.352618 0.651004 0.691343
0.399646 0.858536 0.401376
0.170227 0.98668 0.0399261
0.475576 0.713086 0.535984
0.707137 8.99137e-05 0.707194
0.85993 0.51588 0.0146493
0.154456 0.0375708 0.988121
0.0573436 0.892549 0.659985
0.349019 0.816395 0.561484
0.943758 9.12275e-05 0.331302
0.82527 0.566259 0.0743308
0.939551 0.346366 0.022635
0.649897 9.79723e-05 0.760122
0.908035 0.427216 0.0648812
0.335723 0.707604 0.653365
0.522914 0.853169 0.0378665
7.25468e-05 8.52219e-05 1
0.884177 0.467955 0.0896833
0.342353 8.86814e-05 0.939623
0.0899849 0.947734 0.374725
0.607385 0.468615 0.649015
0.678453 0.000796879 0.734865
0.59745 0.715893 0.443178
0.541748 9.46511e-05 0.840691
0.286759 8.88674e-05 0.958089
0.409047 0.758955 0.532218
0.721657 0.241459 0.662376
0.920515 0.392478 0.0413522
0.194758 7.02075e-05 0.980903
0.928034 9.50462e-05 0.372549
0.662038 0.922719 1.83414e-05
0.537756 0.777578 0.358476
0.691299 0.750891 0.0302172
0.831665 9.89562e-05 0.555381
0.538091 0.654927 0.537074
0.422993 0.000116202 0.906209
0.713654 0.712286 0.0487434
0.646961 0.494958 0.62196
0.804918 9.09048e-05 0.593458
0.903862 9.50326e-05 0.427921
0.279871 0.677211 0.687916
0.253851 0.969406 0.00605368
0.648901 0.650733 0.413458
0.262817 0.428012 0.897046
0.732079 0.000794014 0.681299
0.884875 9.88638e-05 0.465927
0.240338 7.68421e-05 0.970774
0.556515 0.836454 0.0424873
0.757134 9.96518e-05 0.653341
0.494392 9.75598e-05 0.869335
0.0490335 0.747614 0.867224
0.406928 0.91446 0.0452489
0.60757 9.37488e-05 0.794353
0.341859 0.518015 0.808958
0.87199 9.76461e-05 0.489568
0.568972 0.000318837 0.82244
0.729278 0.604985 0.417124
0.479774 0.97951 4.10759e-05
0.103507 0.672999 0.772771
0.0253673 0.954219 0.406996
0.212558 0.298537 0.938601
0.975181 9.85432e-05 0.221492
0.793385 0.309297 0.562264
0.838314 0.545399 4.70332e-06
8.95121e-05 1 9.7125e-05
0.582863 0.744917 0.34586
