0.36132 0.90858 0.27974
0.842847 0.559893 0.100051
0.89526 0.473976 0.150603
0.325997 0.969757 0.0863043
0.758734 0.000225121 0.651504
0.754245 0.000149719 0.66224
0.590036 0.766214 0.373275
0.774185 0.673121 0.0512691
0.694248 0.726686 0.154036
0.278408 0.633811 0.771316
0.10653 0.958313 0.498913
0.374072 0.790921 0.674496
0.000213884 1.00025 8.56681e-05
0.67597 0.680965 0.427527
0.940347 0.295272 0.243816
0.838423 0.501093 0.318254
0.729685 0.539059 0.541959
0.619704 0.632363 0.556549
0.328994 0.682857 0.742223
0.494753 0.780306 0.482383
0.480367 0.86496 0.217674
0.820984 0.467577 0.452453
0.358218 0.846519 0.607334
0.752403 0.668968 0.103228
0.325537 0.91832 0.274192
0.785677 0.000138153 0.622625
0.817667 0.0237095 0.575793
0.145172 0.641861 0.793414
0.170926 0.000136918 0.985708
0.539286 0.000132906 0.850078
0.341687 0.00022951 0.939903
0.416835 0.000136919 0.90994
0.381509 0.957692 0.0430579
1.00085 0.000133718 9.75168e-05
0.59034 0.834705 0.0482404
0.310695 0.725407 0.742449
0.678581 0.0378025 0.735041
0.38157 0.000212531 0.925404
0.966628 0.309377 0.0224334
0.201421 0.962805 0.238794
0.279714 0.000136919 0.960726
0.916112 0.000233438 0.401129
0.164505 0.989771 0.0690589
0.63438 0.787822 0.105347
0.271424 0.933775 0.311077
0.554779 0.822128 0.218292
0.877217 0.000145612 0.518574
0.735932 0.00027909 0.677206
0.557136 0.570605 0.755759
0.393028 0.508507 0.794909
0.512781 0.0241351 0.858752
0.876292 0.535437 0.046183
0.992548 0.202115 0.0297904
0.206549 0.9432 0.364127
0.000102037 0.000145102 1.00371
0.455326 0.855935 0.371105
0.477935 0.841258 0.334605
0.934366 0.378353 0.0919723
0.764352 0.471223 0.527847
0.987391 0.000237974 0.158395
0.449552 0.757421 0.531792
3.3668e-06 0.062323 1.00057
0.53485 0.865275 0.0463575
0.960837 0.00014972 0.288729
0.840027 0.0370257 0.543023
0.645734 0.0248988 0.763766
0.922195 0.424435 0.0971061
0.407531 0.874734 0.46267
0.707584 0.000230723 0.706757
0.415512 0.938739 0.144877
0.240241 0.012781 0.971348
0.927831 0.000134879 0.377727
0.500445 0.882199 0.0670967
0.0730076 0.000134876 0.997558
0.861312 0.0331067 0.508646
0.611598 0.265538 0.792022
0.94486 0.0336874 0.328374
0.486931 0.598413 0.738969
0.116763 0.0531072 0.993278
0.628586 0.000129524 0.788033
0.622981 0.752892 0.344822
0.774953 0.536689 0.426788
0.549393 0.66883 0.551057
0.109605 0.688323 0.798469
0.300779 0.0376944 0.954179
0.465951 0.000230707 0.885375
0.795686 0.628241 0.13596
0.000138248 1.48476 0.000169866
0.976061 0.0409333 0.218322
0.941016 0.39852 0.0379741
0.89459 0.000230511 0.446993
0.221161 0.575695 0.805084
0.961867 0.275642 0.131147
0.576731 0.037105 0.817487
0.267582 0.486707 0.848041
0.886853 0.0328464 0.463022
0.867603 0.431293 0.311579
0.204171 0.00022928 0.97902
0.404091 0.796219 0.528765
0.0377665 0.967915 0.271467
