0.690992 1.35716 0.317143
0.762799 0.0698522 0.647212
0.975177 0.459773 0.10096
0.579722 0.00147071 0.81507
0.929005 0.0868749 0.370802
0.822913 1.75179 0.279005
0.962824 0.71093 0.136927
0.892849 2.01465 0.221929
0.962968 0.509136 0.166493
0.000163284 0.00139231 1.002
0.922485 1.61973 0.182314
0.419467 0.00168444 0.908056
0.525767 0.0458912 0.853164
0.676389 0.120148 0.737726
0.390536 0.0459529 0.922288
0.212545 0.934425 0.412408
0.313399 0.00149129 0.949812
0.947225 0.813237 0.197175
0.856962 2.38826 0.24069
0.0224923 0.0256916 0.999986
0.971849 1.20354 0.0318849
0.695868 3.18225 0.284322
0.941654 1.81356 0.117572
0.242743 0.0165138 0.972064
0.707721 0.0017715 0.709678
0.968838 0.00167727 0.252727
0.926225 1.14585 0.20359
0.864704 0.00141002 0.529584
0.987452 0.0263874 0.165884
0.984436 0.258672 0.0397204
0.78119 1.2167 0.322403
0.16433 0.00152596 0.986708
0.649857 0.101598 0.760857
0.471432 0.864849 0.364585
1.01637 0.00139832 0.000110221
0.469245 0.145241 0.884245
0.931826 1.43095 0.147688
0.104843 1.13082 0.455327
0.85741 0.0422972 0.517594
0.165403 2.99561 0.34045
0.815999 2.19562 0.270947
0.485497 2.14355 0.324565
0.335789 0.888343 0.52328
0.978041 0.00134387 0.210648
0.521385 0.851747 0.369159
0.613964 0.660713 0.747582
0.412584 1.1231 0.339165
0.181004 0.916346 0.432953
0.0977842 1.22449 0.377936
0.27522 0.896198 0.547293
0.170407 1.81019 0.351372
1.0007 0.00138087 0.000134696
0.750078 0.755627 0.479919
0.941385 0.0014221 0.340847
0.741604 0.00154108 0.671206
0.896025 0.0883534 0.44454
0.82036 0.0422722 0.574871
0.51269 0.00141654 0.864134
0.98903 0.204191 0.0275511
0.610089 0.821695 0.404167
0.636505 0.777089 0.63486
0.285876 0.0015605 0.958445
0.491304 0.845122 0.609431
0.189133 0.00144017 0.982333
0.357482 0.00154078 0.934113
0.914908 0.951991 0.30405
0.448429 0.0461744 0.896373
0.0580505 1.29619 0.375042
0.488903 0.877979 0.358266
0.417565 0.848796 0.811013
0.151311 0.927059 0.445558
0.325372 4.22843 0.325393
0.633199 0.00156723 0.774458
0.957014 0.0423411 0.293418
0.666112 0.80553 0.401013
0.840931 0.0429859 0.54408
0.610584 1.46457 0.305513
0.213204 1.52728 0.361198
0.173082 1.18176 0.38647
0.881549 0.00157431 0.473425
0.676554 1.52046 0.299421
0.054925 1.2606 0.379238
0.950937 0.594382 0.210038
0.479434 0.00137162 0.878108
0.176051 2.71849 0.340145
0.949625 1.67116 0.0952526
0.0992639 0.00146811 0.99522
0.780811 0.00142126 0.626331
0.299124 1.02729 0.358243
0.0949206 0.966743 0.498844
0.228004 0.907415 0.422606
0.000556021 0.55643 1.00078
0.0508189 1.02072 0.536525
0.0327074 0.931525 0.794474
0.557416 0.0423854 0.833157
0.120195 1.91423 0.360968
0.602315 0.0670498 0.798672
0.0539313 0.955208 0.712681
0.80042 0.0676907 0.599968
0.915689 0.0016132 0.40504
