0.788695 0.591641 0.56552
0.377071 0.643295 0.841906
0.445232 0.000116188 0.895493
0.569504 0.0381477 0.822063
0.293631 0.000101702 0.95597
0.807174 0.0391828 0.590337
0.599485 0.0991508 0.800511
0.118008 0.0578849 0.993132
0.408033 0.886094 0.46119
0.63206 0.0234717 0.775617
0.46792 0.000343976 0.883871
0.154267 0.0150759 0.988244
0.978008 0.268196 0.0860982
0.651496 0.778936 0.0981071
0.76198 0.657271 0.0670288
0.905513 0.0439346 0.426372
0.40287 0.923928 0.0419421
0.371353 0.0626639 0.928521
0.82814 0.587151 0.0316425
0.73495 0.000276338 0.678225
0.858952 0.48879 0.314756
0.215782 0.978477 0.133213
0.696848 0.738737 0.137067
0.573417 0.835321 0.144482
0.822642 0.0338302 0.569184
0.798186 0.000127513 0.607738
0.771263 0.64468 0.174097
0.487259 0.000127521 0.873327
0.422723 0.0690427 0.906915
0.554027 9.23268e-05 0.839203
0.832093 0.563877 0.101003
0.525228 0.825936 0.353268
0.333015 0.947781 0.116161
0.705346 0.000123242 0.708952
0.817213 0.599731 0.0928177
0.735822 0.695367 0.0476544
0.932153 0.383115 0.0892352
9.81079e-05 0.000100944 1
0.322084 0.776656 0.84681
0.607763 0.806384 0.0898778
0.491978 0.830468 0.569064
0.346165 0.75216 0.831447
0.0819015 0.000100884 0.996664
0.873536 0.511613 0.0134366
0.540424 0.0743387 0.841441
9.87923e-05 1.00022 9.32054e-05
0.609811 0.000127851 0.792669
0.953745 0.000114272 0.300723
0.107847 0.994563 0.00013609
0.496029 0.882014 0.0750974
0.364711 0.914174 0.54739
0.819648 0.53385 0.410727
0.967649 0.30721 0.0367493
0.366207 0.941381 0.0789472
0.979025 0.0376443 0.203827
0.62418 0.795949 0.151728
0.458636 0.85709 0.362535
0.986657 9.8703e-05 0.16309
0.894604 9.8648e-05 0.447268
0.885311 0.0332139 0.465622
0.649843 0.803062 0.0138849
0.950035 0.349175 0.0233437
0.850153 0.541327 0.015177
0.480836 0.846776 0.33796
1.00001 9.60573e-05 9.24889e-05
0.765126 0.122678 0.644072
0.891162 0.489119 0.0326873
0.837489 0.00011495 0.546548
0.908432 0.476715 0.033961
0.275657 0.965463 0.192459
0.750659 0.00010155 0.660786
0.394094 0.000128189 0.919144
0.331535 0.00012572 0.943523
0.870996 0.444605 0.317791
0.861062 0.0394404 0.508532
0.530088 0.864722 0.047919
0.650855 9.57572e-05 0.759345
0.593158 0.837355 0.0156929
0.55768 0.839342 0.197346
0.873312 0.000122932 0.487259
0.682718 0.744887 0.242037
0.92181 0.000101638 0.387746
0.939721 0.000114534 0.34223
0.242509 0.015365 0.970552
0.452536 0.90819 0.135935
0.678591 0.0383422 0.734533
0.993547 9.60526e-05 0.114227
0.171681 0.987968 0.0605954
0.970795 9.86927e-05 0.24022
0.794271 0.624876 0.0702853
0.781924 0.0365459 0.623454
0.196878 9.6867e-05 0.980568
0.513033 0.788882 0.656778
0.919147 0.429599 0.0902455
0.70855 0.710968 0.218448
0.27421 0.0363275 0.961741
0.74285 0.676903 0.149133
0.315778 0.0753044 0.948862
0.514008 0.000101427 0.85788
0.253987 0.982183 0.0126894
