0.821639 0.568784 0.462213
0.472812 0.883488 0.341723
0.953837 0.0396261 0.30077
0.607171 0.000131417 0.794775
0.0861562 0.997451 0.132228
0.568381 0.00306067 0.822865
0.195254 0.000126494 0.980834
0.446488 0.000124879 0.894859
0.184273 0.986139 0.18914
1 8.98158e-05 8.79769e-05
0.934403 0.356572 9.20132e-05
0.467624 0.000132466 0.884044
0.765486 0.648208 0.168677
0.39433 0.922824 0.151563
0.557692 0.836815 0.194912
0.894957 0.000119587 0.446368
0.961539 0.000119352 0.274867
0.591454 0.000129276 0.80643
0.315529 0.0269455 0.949299
0.843465 0.537848 0.403656
0.54092 0.0958162 0.841255
0.800479 0.000128197 0.599849
0.412422 0.914312 0.0444555
0.759368 0.000129959 0.650928
0.967997 0.276352 0.131465
0.503314 9.41341e-05 0.864202
0.928379 9.43399e-05 0.371731
0.375702 0.934752 0.0796707
0.782836 0.000111999 0.622327
0.418963 0.0437356 0.908194
0.835775 0.570311 0.138002
0.23935 0.000116369 0.971019
0.952705 0.328966 0.130532
0.919108 0.000116372 0.394112
0.736333 0.004495 0.676789
0.872839 0.00011278 0.488103
0.575225 0.826128 0.0155174
9.8926e-05 9.49595e-05 1.00005
0.266131 0.000126256 0.964553
0.168038 9.47746e-05 0.985879
0.351576 0.000119954 0.936246
0.804925 0.618609 0.0810518
0.677721 9.8113e-05 0.73556
0.989433 0.205684 0.0315745
0.164314 0.990141 0.067592
0.829978 0.58963 0.0482122
0.527821 0.857687 0.0430304
0.281386 0.962995 0.187641
0.754714 0.663977 0.0478837
0.768366 0.265253 0.640223
0.78825 0.630496 0.067365
0.652127 0.767559 0.0179416
0.858891 0.0337435 0.513022
0.706292 0.000126176 0.708175
0.093914 0.000104652 0.995673
0.873255 0.515938 0.0149458
0.449849 0.900378 0.0377812
0.912099 0.429259 0.0910963
0.67713 0.741771 0.255372
0.885314 0.0463149 0.466108
0.655857 0.000128167 0.754985
0.890553 0.471453 0.187547
0.485841 0.0904911 0.874208
0.388131 0.000127734 0.921929
0.967928 0.304373 0.0243081
0.494489 0.869492 0.272082
0.510465 0.867719 0.14926
0.550278 0.000129275 0.835152
0.909056 0.477648 0.0245709
0.131539 9.78707e-05 0.991413
0.640341 0.234805 0.76825
0.985291 0.000119804 0.170989
0.597583 0.804727 0.098231
0.905036 0.0469572 0.425802
0.173209 0.99204 0.0380522
0.910752 0.860035 0.000165958
0.939701 0.000130229 0.344295
0.840428 9.96253e-05 0.542015
0.739437 0.677868 0.155102
0.633671 0.778721 0.0133374
0.836882 0.55373 0.260699
0.858172 0.530712 0.0269967
0.523278 0.0397903 0.852569
0.629108 0.0413041 0.777636
0.371166 0.0789721 0.929191
0.256212 0.973111 0.137989
0.69608 0.748455 0.0184771
0.334347 0.000121879 0.942557
0.993987 0.000113549 0.110051
9.29848e-05 1.00001 9.78236e-05
0.610844 0.79396 0.127386
0.708606 0.709635 0.213458
0.356336 0.946433 0.0433745
0.218924 0.979311 0.0728364
0.822688 0.000123199 0.568577
0.929742 0.369189 0.000339185
0.71647 0.715477 0.0614581
0.972957 0.000108407 0.231085
0.293237 0.0162478 0.956763
0.33046 0.948411 0.11166
