0.791669 9.72378e-05 0.611037
0.956672 0.304875 0.0242284
0.214896 0.52908 0.855145
0.772163 0.640314 0.0494592
0.407449 0.914083 0.0363505
0.76171 9.16274e-05 0.648007
0.280438 0.674423 0.696578
0.823887 0.466131 0.458259
0.0913735 0.935421 0.367191
0.362917 0.934255 0.0720899
0.638214 0.499558 0.627589
0.405811 0.754353 0.533693
0.0945711 0.65543 0.815828
0.504851 0.000136968 0.863304
0.446849 9.94836e-05 0.894693
0.651213 9.6252e-05 0.759217
0.208776 0.293155 0.955241
0.19712 9.85209e-05 0.980755
0.530339 0.0906711 0.847911
0.706699 9.96133e-05 0.707594
0.0457357 0.95271 0.373085
0.825507 0.571387 0.0224158
0.857989 0.453197 0.270825
0.707721 0.653969 0.400965
0.0484612 0.926101 0.456877
0.921479 9.68744e-05 0.388507
0.981123 0.20373 0.033271
0.299784 0.707815 0.65726
0.119764 0.948869 0.340745
0.680556 0.732843 4.28543e-05
0.581204 0.0457738 0.813905
0.221979 0.743207 0.719852
0.146328 0.20906 0.970606
0.000100961 1 9.73468e-05
0.371046 9.95163e-05 0.928706
0.448694 0.89925 0.040603
0.341396 7.01908e-05 0.940015
0.579346 0.820359 0.0346734
0.874012 8.64046e-05 0.485985
0.489192 0.87656 0.0593825
0.931737 0.2945 0.238314
0.988405 8.92533e-05 0.152019
0.860079 0.516991 0.0156017
0.855456 0.0144338 0.517972
0.251321 0.970445 0.00832122
0.912935 0.301006 0.305388
0.171566 0.986294 0.0411423
0.61062 0.61057 0.549025
0.288877 9.80171e-05 0.958136
0.164874 0.601232 0.798787
0.32547 0.458022 0.864083
0.81456 0.0380087 0.580314
0.678683 0.680128 0.431173
0.737282 0.542279 0.537274
0.899272 0.469541 0.0308698
0.91417 0.403743 0.0903935
0.957579 9.07795e-05 0.28825
0.537046 0.65669 0.536437
0.738317 0.678592 0.0444841
0.894697 0.000102866 0.447212
0.207466 0.901659 0.42296
0.80142 0.553045 0.271244
0.534632 0.536173 0.670247
0.383699 0.824821 0.439818
0.605857 0.468883 0.651311
0.706962 0.708076 0.0937831
0.734517 0.0466246 0.678652
9.71362e-05 7.15434e-05 1.00001
0.656944 0.762905 0.0241506
0.447523 0.842192 0.33994
0.940033 0.345847 0.0212086
0.518467 0.806493 0.344455
0.346889 0.518872 0.812201
1 8.8007e-05 8.70881e-05
0.359869 0.661396 0.708114
0.975126 9.95162e-05 0.221747
0.467953 0.034759 0.883927
0.934301 0.614853 5.53729e-05
0.840185 9.17402e-05 0.542371
0.55507 0.000124889 0.831914
0.317952 0.950931 0.0815968
0.475324 0.71452 0.57746
0.887284 0.378156 0.333088
0.401624 0.0306844 0.916114
0.199193 0.908601 0.387404
0.477366 0.588426 0.672511
0.76326 0.50805 0.469379
0.939833 9.98363e-05 0.341729
0.587473 0.74818 0.341581
0.341044 0.852023 0.473445
0.785605 0.588418 0.277252
0.523375 0.853558 0.0397416
0.616109 9.91018e-05 0.787742
0.265423 0.476684 0.844327
0.106702 8.23799e-05 0.994377
0.805354 0.496392 0.398557
0.678293 0.000105202 0.734919
0.620179 0.785675 0.0177412
0.651893 0.711344 0.374706
0.099769 0.919182 0.49922
