0.885575 0.00064074 0.464796
0.770565 0.916767 0.0160566
0.987668 0.000616892 0.163663
0.466999 0.878655 0.369122
0.905238 0.494539 0.0211314
0.252472 0.953148 0.425694
0.206652 2.57282 0.10451
0.70798 0.033982 0.709132
0.979152 0.000645593 0.203655
0.229429 0.977252 0.136208
0.495603 0.870432 0.347724
0.625512 0.797541 0.367283
0.9512 0.000645592 0.30988
0.867037 0.647093 0.10988
0.713066 0.933794 0.118162
0.122185 1.01911 0.182272
0.241973 0.0421069 0.97102
0.877577 0.489633 0.137912
0.916902 0.046171 0.400045
0.452445 0.908348 0.190129
0.032766 3.03948 0.0993687
0.194016 0.977682 0.149062
0.541388 0.866033 0.215373
0.832736 0.597326 0.291498
0.899373 0.448215 0.143871
0.656933 0.000638445 0.754141
0.371902 1.01346 0.112626
0.711716 0.750091 0.37454
0.551935 0.000653436 0.836369
0.537289 1.49243 0.088178
0.583218 0.000698531 0.812634
0.181268 1.53763 0.123668
0.157869 0.995339 0.155934
0.239505 1.44813 0.118888
1.00005 0.000624855 9.97341e-05
0.61395 0.797563 0.404802
0.126632 0.975397 0.401152
0.832571 0.000651387 0.554087
0.784774 0.579783 0.445982
0.522502 0.0477149 0.853536
0.886284 0.47012 0.195181
0.979579 0.204898 0.0292376
0.393688 0.0419733 0.919968
0.86248 0.0345489 0.510064
0.680407 0.000687666 0.73312
0.603312 0.000620929 0.79832
0.419213 0.0444254 0.908784
0.331068 0.000638386 0.943736
0.312996 0.946852 0.314957
0.6297 0.0250847 0.77862
0.21236 0.959222 0.423816
0.266158 0.961881 0.144007
0.604308 0.838704 0.207542
0.814446 0.000644288 0.580444
0.470745 0.000644231 0.882413
0.177737 0.000629741 0.984198
0.843188 0.834672 0.103996
0.266004 2.09457 0.0917882
0.97131 0.275773 0.0389129
0.843086 0.0341191 0.542319
0.743716 1.04203 0.0219537
0.561802 1.4201 0.0712311
0.144736 1.63774 0.148342
0.598531 1.19813 0.0647295
0.783666 0.0494017 0.622119
0.283022 0.000639241 0.959355
0.74195 0.80446 0.262569
0.777625 0.764919 0.211812
0.735266 0.0462821 0.678719
0.449441 0.000638403 0.893464
0.74992 0.629559 0.426487
0.524441 0.853204 0.355287
0.898127 0.000652061 0.440057
0.503088 0.000595616 0.864366
0.413077 0.922494 0.172201
0.666512 0.733423 0.59843
0.000114939 0.00063899 1.00004
0.209435 0.000637609 0.97796
0.678096 0.859213 0.1452
0.638943 0.764785 0.45612
0.123908 0.000782108 0.992401
0.763735 0.824722 0.167411
0.96685 0.000645189 0.255829
0.257998 1.3382 0.109643
0.857455 0.545395 0.208591
0.328534 0.937859 0.535902
0.927327 0.411589 0.183791
0.759912 0.101786 0.651224
0.370564 0.000637694 0.929493
0.0375907 0.981649 0.267768
0.806526 0.698454 0.170374
0.932278 0.000647939 0.362846
0.0929022 0.982592 0.187407
0.0400006 0.994175 0.198094
0.946341 0.391407 0.0911749
0.961381 0.35474 0.0222059
0.000100978 0.000621022 1.00054
0.192247 0.963152 0.762949
0.0708751 4.79358 0.072069
0.0605871 1.66369 0.187538
