0.951041 0.397709 0.0329241
0.909842 0.505757 0.212613
0.31949 0.958857 0.306533
0.419667 0.944192 0.0470347
0.46595 0.0447278 0.885994
0.979116 0.000336809 0.20386
0.790491 0.683422 0.202466
0.0904791 0.00031584 0.995995
0.334444 0.00165885 0.942851
0.529268 0.893952 0.0713925
0.82199 0.654522 0.198063
0.729998 0.000357354 0.683684
0.569192 0.862767 0.21126
0.0155873 1.00003 0.0232111
0.80113 0.0667703 0.599508
0.968314 0.041083 0.253979
0.000125889 1.17499 0.00011512
0.905126 0.553148 0.0226022
0.397041 0.940081 0.267172
0.977656 0.27305 0.127243
0.702399 0.758299 0.257173
0.765243 0.067686 0.644364
1.16306 0.000306235 0.000404155
0.625097 0.828944 0.106763
0.201302 0.000331349 0.979646
0.862407 0.0344712 0.508678
0.693322 0.761464 0.421247
0.862575 0.626222 0.102128
0.447532 0.0444374 0.895581
0.985591 0.000334065 0.169616
0.0516995 0.000172424 1.1101
0.81912 0.000374955 0.578366
0.488629 0.932426 0.0476205
0.196901 0.985304 0.168786
0.678713 0.0383653 0.735178
0.425906 0.926205 0.485468
0.536502 0.86964 0.318301
0.781324 0.73114 0.0815115
0.358403 0.0790506 0.93413
0.936043 0.0379475 0.352576
0.000192361 1.16536 0.000111132
0.221921 0.978572 0.133331
0.602342 0.845198 0.143318
0.524007 0.0655706 0.85237
0.274671 0.0003144 0.961648
1.27259 0.000296124 0.000131887
1.00003 0.00032189 9.82507e-05
0.738958 0.124797 0.674024
0.853726 0.0330764 0.524392
0.382899 0.000334738 0.923978
0.921221 0.484775 0.161892
0.631038 0.0386449 0.77674
0.298405 0.000316982 0.954663
0.811873 0.710719 0.0592516
0.47841 0.898644 0.366308
0.60087 0.0825654 0.801363
0.650555 0.000348525 0.760075
0.710076 0.000333272 0.705095
0.644135 0.818406 0.134021
0.680214 0.799037 0.132221
0.346265 0.963142 0.0960586
0.771858 0.715392 0.200206
0.72858 0.729652 0.362388
0.766213 0.695823 0.393856
0.502372 0.885127 0.277883
0.1324 0.0792596 0.991324
0.830983 0.674455 0.0771469
0.65782 0.794083 0.36884
0.87338 0.710253 0.0369558
0.962827 0.33699 0.0385335
0.182049 0.000337844 0.983402
0.922056 0.000346998 0.387489
0.996222 0.114808 0.0356878
0.315887 0.0812928 0.949155
0.84159 0.0947323 0.544478
0.824168 0.145082 0.568603
0.0527941 0.000326331 0.998702
0.241684 0.0646849 0.970691
0.873874 0.253839 0.488066
0.502554 0.000333597 0.864802
0.25926 0.972785 0.135378
0.48517 0.0654491 0.874741
0.581976 0.0388689 0.813878
0.885245 0.000316824 0.466098
0.423021 0.0433256 0.907301
0.0926947 0.996916 0.166086
0.938208 0.439213 0.0983022
0.000142331 0.000312225 1.33809
0.895176 0.0682268 0.447612
0.907062 0.0445243 0.422249
0.362993 0.947485 0.258888
0.950097 0.000354654 0.312452
0.874906 0.58111 0.137903
0.545927 0.875161 0.216586
0.560204 0.000333303 0.828492
0.000104775 0.000318442 1.00134
0.97426 0.311068 0.0213567
0.958983 0.0417921 0.287685
0.780955 0.0423185 0.625854
0.719233 0.756392 0.219338
