0.816715 0.151525 0.194248
0.00813224 0.968879 0.0355397
1.00589 0.000494502 0.00162461
0.565185 0.0496113 0.488978
0.632139 0.025068 0.37864
0.20612 0.498156 0.513397
0.438927 0.0557364 0.5913
0.685137 0.0374928 0.343296
0.938403 0.0375583 0.0853481
0.188101 0.0143261 0.815962
0.856332 0.0532442 0.191508
0.0910058 0.705069 0.30812
0.14226 0.903016 0.11875
0.0327387 0.805888 0.214175
0.809933 0.0367267 0.217753
0.327819 0.902306 0.100552
0.731993 0.201427 0.274342
0.556142 0.368872 0.455015
0.0569409 0.0105248 0.969686
0.0744385 0.828912 0.192576
0.127247 0.531467 0.492436
0.540955 0.0949008 0.497486
0.208574 0.0129904 0.794645
0.245377 0.0167033 0.768883
0.000537433 0.000499097 1.00711
0.0341152 0.026135 0.982448
0.0925361 0.730902 0.284614
0.0905971 0.938259 0.0754423
0.946753 0.0360161 0.0710362
0.150962 0.687223 0.319553
0.993219 0.000400612 0.106759
0.148848 0.03648 0.894354
0.0237145 0.519721 0.550305
0.0277354 0.333182 0.745586
0.301452 0.651825 0.352156
0.982052 0.010265 0.0298319
0.107474 0.750687 0.269535
0.241123 0.484294 0.531668
0.0225036 0.399685 0.62229
0.000550605 1.06645 0.00164468
0.0217972 0.930471 0.101273
0.400914 0.0166328 0.619271
0.609057 0.0269652 0.406977
0.951369 0.182928 0.0507261
0.503231 0.0325369 0.571505
0.470042 0.156065 0.550125
0.429074 0.955768 0.0484527
0.392525 0.156483 0.610827
0.0536689 0.892009 0.144259
0.123336 0.42989 0.595005
0.300034 0.875921 0.127958
0.178699 0.863016 0.160963
0.149702 0.670292 0.336915
0.0753494 0.0842009 0.932789
0.171812 0.0172552 0.839682
0.512446 0.155994 0.518656
0.0690851 0.564193 0.454246
0.789525 0.254197 0.224273
0.487026 0.113052 0.532471
0.0367946 0.181907 0.91381
0.354661 0.0642302 0.664651
0.167711 0.924525 0.0854497
0.890246 0.245368 0.128204
0.0205776 0.644612 0.37905
0.742796 0.238865 0.264202
0.663399 0.0268746 0.354688
0.15842 0.621358 0.387082
0.286378 0.0601853 0.734578
0.0348804 0.750938 0.279213
0.352593 0.0282988 0.688683
0.087157 0.292483 0.741156
0.896489 0.0426207 0.151812
0.926653 0.370695 0.0926854
0.0651152 0.589206 0.421618
0.910612 0.158985 0.108079
0.0301682 0.771044 0.246438
0.698681 0.0665573 0.322077
0.186658 0.646655 0.364833
0.87501 0.151029 0.153853
0.138918 0.380822 0.647655
0.115526 0.551328 0.469236
0.0429753 0.329131 0.700017
0.780863 0.034383 0.237177
0.592693 0.0374166 0.4368
0.963398 0.187405 0.039574
0.0759534 0.260821 0.769342
0.0309005 0.790068 0.226521
0.633977 0.346843 0.367619
0.0548621 0.465049 0.570839
0.766296 0.0343972 0.255893
0.100995 0.190463 0.830422
0.307999 0.835686 0.177583
0.0653142 0.609177 0.406501
0.00466767 0.209811 0.80258
0.310588 0.576373 0.421808
0.000547618 1.01699 0.00173299
0.845411 0.161689 0.171928
0.000587908 1.02948 0.00169851
0.307182 0.154672 0.710445
0.712853 0.0646542 0.301714
