0.632233 0.0249312 0.374854
0.0747624 0.837839 0.145511
0.795138 0.253599 0.163734
0.540373 0.298075 0.441888
0.0351234 0.144092 0.868139
0.288873 0.885111 0.0857105
0.780683 0.0330752 0.214786
0.0248754 0.544548 0.464337
0.266949 0.77002 0.154965
0.823158 0.416409 0.140079
0.397039 0.066141 0.611917
0.672942 0.0621463 0.317784
0.610745 0.334638 0.351813
0.863545 0.0354615 0.138366
0.105769 0.612111 0.347207
0.0335902 0.400003 0.611921
0.928623 0.430171 0.0496515
0.105576 0.642323 0.303142
0.958388 0.0338144 0.0352143
0.065677 0.362045 0.64972
0.697071 0.0618984 0.283799
0.0355812 0.650786 0.354094
0.795503 0.112319 0.188072
0.74668 0.0353836 0.249401
0.346901 0.922561 0.0441677
0.0701171 0.451987 0.528955
0.0639671 0.21219 0.794862
0.186134 0.0746798 0.829028
0.488006 0.0306106 0.532265
0.633501 0.146066 0.33772
0.193083 0.549462 0.400636
0.698742 0.293876 0.252608
0.598469 0.149592 0.376489
0.000282717 1 0.000244824
0.0358544 0.182771 0.828647
0.0693387 0.696782 0.283018
0.932422 0.0341066 0.0694074
0.461194 0.0178672 0.552782
0.649074 0.193012 0.324594
0.546036 0.0356489 0.461829
0.112318 0.416733 0.561845
0.137433 0.658325 0.285033
0.0259444 0.247681 0.766838
0.0170701 0.0330275 0.962806
0.0342252 0.9087 0.105031
0.103493 0.237696 0.743734
0.87872 0.260449 0.0837462
0.86004 0.18098 0.118107
0.265765 0.0344374 0.739473
0.0718269 0.929756 0.069747
0.603026 0.898416 0.0561449
0.429636 0.0191277 0.584823
0.168444 0.85932 0.116664
0.521481 0.0840929 0.484513
0.26005 0.727414 0.202281
0.137903 0.0365311 0.872847
0.244435 0.520825 0.431214
0.893967 0.0496417 0.107716
0.52292 3.55952e-05 0.559172
0.100367 0.951903 0.0367613
0.596708 0.0259182 0.41768
0.0316715 0.751185 0.24323
0.673911 0.243809 0.286228
0.0342298 0.585646 0.414023
0.729564 0.192318 0.237737
0.535308 0.817786 0.101167
0.224875 0.741153 0.188627
0.108539 0.326799 0.663326
0.0967153 0.468163 0.514445
0.340376 0.800571 0.128104
0.0318627 0.0687414 0.93334
0.280945 0.0572001 0.722641
0.144043 0.694075 0.240388
0.0185675 0.522881 0.485766
1.00007 0.000133135 0.000241212
0.703373 0.138289 0.261269
0.104936 0.0347086 0.899705
0.143298 0.490855 0.495166
0.241632 0.0613296 0.769811
0.568636 0.236037 0.402895
0.007075 0.968749 0.034171
0.176207 0.71204 0.217938
0.316666 0.0349917 0.689971
0.853725 0.512477 0.100503
0.0190375 0.449728 0.563849
0.365308 0.107192 0.64462
0.216328 0.0125258 0.808735
0.18264 0.678353 0.261576
0.145896 0.58408 0.364189
0.0312225 0.783572 0.209966
0.507309 0.0734015 0.504384
0.0682521 0.299598 0.68696
0.657558 0.0243037 0.351524
0.767357 0.468085 0.189731
0.000284069 0.000127394 1.00004
0.0244867 0.280445 0.731031
0.0904001 0.796262 0.184143
0.147496 0.38286 0.597337
0.124912 0.629391 0.315641
0.351753 0.0262597 0.663745
