0.443193 0.161206 0.57116
0.00858235 0.967745 0.0349043
0.71121 0.0644245 0.306121
0.0731125 0.839628 0.167494
0.033139 0.597344 0.457225
0.223551 0.500759 0.501786
0.789474 0.203591 0.205844
0.000687203 0.000205536 1.00054
0.0276074 0.0652891 0.947412
0.0266348 0.25291 0.764715
0.259395 0.869944 0.125841
0.0341494 0.0158303 0.969159
0.0340392 0.830433 0.217104
0.461825 0.0189291 0.58914
0.0289951 0.48708 0.558128
0.0604905 0.109559 0.909971
0.668858 0.150686 0.340689
0.323034 0.0343867 0.710622
0.000414475 0.000174217 1.14855
0.616721 0.188523 0.395326
0.653832 0.176308 0.351635
0.109366 0.686822 0.324468
0.425173 0.949042 0.0478435
0.0130866 0.945133 0.0687576
0.872122 0.0380972 0.148163
0.179692 0.633679 0.362711
0.892708 0.0359164 0.128492
0.0706042 0.622704 0.402216
0.0247982 0.231159 0.800121
0.46289 0.145855 0.540512
0.756249 0.236525 0.250637
0.250766 0.66707 0.3318
0.597203 0.0306 0.440088
0.696527 0.114742 0.315447
0.850427 0.482075 0.149984
0.0387625 0.342406 0.68683
0.0324307 0.302178 0.724273
0.88633 0.585048 0.111114
0.0321745 0.789585 0.257034
0.970903 5.70571e-05 0.103536
0.0392459 0.421129 0.636015
0.147596 0.0541329 0.892516
0.0494715 0.909889 0.109299
0.350458 0.153683 0.672428
0.114005 0.4284 0.569311
0.726103 0.033047 0.320542
0.108999 0.480233 0.526803
0.323461 0.883552 0.110859
0.967492 0.0370214 0.0362424
0.725819 0.359908 0.279372
0.027469 0.278372 0.740755
0.575331 0.308955 0.426968
0.296447 0.647191 0.346293
0.252568 0.524293 0.479525
0.285448 0.0313102 0.743879
0.000434544 1.00006 0.000586724
0.939007 0.0338149 0.0722381
0.497903 0.071612 0.514126
0.241703 0.577262 0.421294
0.526024 0.0305617 0.500187
0.407037 0.0712357 0.633623
0.0318355 0.692034 0.378927
0.63148 0.32935 0.364594
0.111101 0.570573 0.461431
0.909687 0.311279 0.089628
0.191408 0.0217093 0.83997
0.161049 0.599274 0.399355
0.187859 0.369621 0.647739
0.000432285 0.000193127 1.01407
0.481769 0.153723 0.526839
0.0736368 0.713677 0.306572
1.25559 0.000186618 0.000663821
0.198729 0.767359 0.235941
0.0338733 0.175094 0.846971
0.0186231 0.5373 0.496999
0.135886 0.808303 0.191837
0.651556 0.0265497 0.395246
0.139052 0.612917 0.380385
1.00006 0.000201045 0.000637982
0.154214 0.90482 0.0956137
0.602076 0.0957743 0.419304
0.0816617 0.856094 0.15057
0.839915 0.0732062 0.18839
0.158815 0.407729 0.595038
0.220701 0.0974159 0.787837
0.555768 0.356373 0.454902
0.552945 0.149557 0.473122
0.914885 0.0451349 0.10796
0.249296 0.059084 0.765148
0.826033 0.294706 0.171491
0.15311 0.919984 0.0765508
0.366137 0.0361417 0.681241
0.203785 0.733161 0.269996
0.935173 0.000106881 0.196058
0.0752324 0.458356 0.546667
0.255781 0.546772 0.453599
0.954212 0.278507 0.043981
0.761161 0.0703869 0.274861
0.114095 0.783363 0.223
0.804225 0.035712 0.235151
