0.64 0.109805 0.379574
0.0323836 0.1957 0.819129
0.713357 0.0668388 0.2857
0.0172522 0.0331945 0.96431
0.921055 0.0341361 0.103832
0.727038 0.126512 0.272335
0.0266549 0.483562 0.565938
0.231034 0.412308 0.563221
0.0310955 0.753661 0.254241
0.139178 0.0237586 0.903449
0.0730029 0.335918 0.67637
0.300293 0.064206 0.716825
0.383944 0.948975 0.0478591
0.0661547 0.597399 0.42639
0.598745 0.306719 0.395809
1.00004 0.000163816 0.0006036
0.000377351 0.000169611 1.00021
0.0356511 0.781357 0.225527
0.345304 0.215843 0.65605
0.849677 0.158503 0.159844
0.224218 0.0140999 0.820132
0.199588 0.889909 0.109882
0.027224 0.329851 0.743341
0.153599 0.628007 0.392554
0.299461 0.871248 0.130061
0.0288085 0.947924 0.0704075
0.0357311 0.571855 0.474415
0.0340899 0.732802 0.297749
0.0348115 0.0675014 0.945688
0.535234 0.109344 0.497357
0.598582 0.0371948 0.439435
0.884417 0.605837 0.110813
0.0342208 0.173621 0.832132
0.95211 0.110617 0.0481576
0.0542429 0.108562 0.913047
0.037268 0.674805 0.361058
0.065323 0.427898 0.58995
0.936709 0.0364487 0.0724045
0.125868 0.533698 0.472113
0.355799 0.0244408 0.693096
0.871928 0.235403 0.124802
0.134653 0.564924 0.443463
0.808301 0.151144 0.19047
0.6576 0.0253557 0.411961
0.218893 0.502964 0.503283
0.067136 0.618957 0.412219
0.549072 0.35667 0.454087
0.138162 0.814323 0.19374
0.583277 0.238001 0.413168
0.345664 0.903867 0.0957518
0.176916 0.00520429 0.854036
0.145879 0.922758 0.0771477
0.470584 0.145944 0.552489
0.000398379 1.0002 0.000607827
0.463776 0.0190164 0.589921
0.0440764 0.301277 0.735333
0.033963 0.797297 0.211339
0.656167 0.190907 0.351889
0.788281 0.246328 0.209965
0.0822819 0.858278 0.15111
0.686586 0.0658656 0.321572
0.765848 0.0332337 0.241106
0.240124 0.0721007 0.783004
0.0252575 0.415787 0.633447
0.63264 0.362909 0.363215
0.499008 0.249319 0.50192
0.367083 0.723602 0.276848
0.525878 0.265454 0.479211
0.0294431 0.612655 0.433163
0.418707 0.220413 0.592803
0.501584 0.0747549 0.519035
0.0723533 0.841113 0.168283
0.864376 0.0725904 0.148954
0.798246 0.0343593 0.216627
0.618956 0.107133 0.415341
0.438066 0.0564406 0.590707
0.909702 0.351535 0.0910649
0.000483839 0.956363 0.272273
0.111301 0.402745 0.616602
0.403014 0.0914428 0.622059
0.263486 0.113975 0.758924
0.193379 0.481983 0.52647
0.0335333 0.137977 0.864805
0.308181 0.657264 0.345489
0.16197 0.244116 0.764047
0.4782 0.29899 0.521003
0.407268 0.666784 0.332371
0.0535764 0.906257 0.108319
0.00795625 0.970996 0.0346732
0.742059 0.0745342 0.262459
0.0742647 0.233878 0.780275
0.736795 0.0344644 0.287439
0.563509 0.03738 0.474386
0.827175 0.146911 0.174779
0.412259 0.0745084 0.637614
0.148234 0.690373 0.32209
0.96661 0.0341523 0.0352613
0.296113 0.697949 0.299693
0.195712 0.367818 0.646598
0.019071 0.542899 0.504356
