0.165654 0.718765 0.175702
0.225012 0.466304 0.473036
0.0363103 0.142751 0.914712
0.165402 0.542226 0.397128
0.20294 0.875114 0.0299927
0.135296 0.575776 0.367422
0.381867 0.474482 0.445874
0.201636 0.846912 0.0307257
0.772939 0.575114 0.31519
0.138917 0.771743 0.143293
0.113754 1.68019 0.142787
0.00143495 0.0130956 0.989738
0.791322 0.340543 0.594756
0.0795995 1.813 0.272289
0.98559 0.494799 0.403301
0.198554 0.326356 0.614664
0.819331 0.235343 0.733729
0.882353 0.616507 0.274
0.123287 0.288288 0.711098
1.16869 0.404495 0.512513
0.678376 0.471162 0.433783
0.0964465 1.61917 0.218854
0.137593 1.14236 0.0790096
0.0732181 0.332579 0.712404
0.145269 0.0496414 0.931377
0.0743452 0.21446 0.811126
0.204064 0.633134 0.25889
0.532834 0.527642 0.37945
0.193909 0.309804 0.639504
0.277761 0.768169 0.11301
0.112563 0.553272 0.447354
0.279073 0.497475 0.415961
0.820128 0.382071 0.53932
0.132927 0.608486 0.308571
0.265613 0.509943 0.398471
0.119101 0.692331 0.245981
0.066467 0.105112 0.894061
0.150946 0.115891 0.864786
0.0268816 0.26324 0.844514
0.0159084 0.033727 0.964255
0.523281 0.79091 0.081772
0.987603 0.262913 0.69267
1.49544 0.440702 0.467961
0.092154 0.723879 0.323005
0.952818 0.27709 0.66801
0.881199 0.359418 0.571284
0.171907 0.0921388 0.891993
0.0996516 0.0710888 0.921861
0.746605 0.156932 0.81603
0.0391825 0.349872 0.804899
0.452171 0.600052 0.29242
1.29168 0.646107 0.243469
0.0838801 0.67323 0.499283
1.0657 0.201358 0.765169
0.189466 0.830804 0.0636694
1.14701 0.542543 0.3533
0.117327 0.719092 0.214194
0.3009 0.191798 0.794422
0.254246 0.164844 0.816606
0.414618 0.677601 0.207997
0.158679 0.91352 0.104644
0.268459 0.13578 0.843749
0.247536 0.540843 0.370352
0.573857 0.106597 0.876436
0.073913 0.236413 0.768361
1.00859 0.712023 0.167118
0.384734 0.27473 0.693262
0.00068428 0.000662907 1.00004
0.177917 1.54448 0.0282023
0.0631554 1.24545 0.53129
0.593368 0.389762 0.530145
0.636567 0.213477 0.754793
0.787074 0.285773 0.655466
0.103935 0.502732 0.480176
0.296963 0.694249 0.189512
0.112571 1.96208 0.139848
0.496973 0.723368 0.1533
0.179087 0.616539 0.285891
0.0511585 0.460335 0.74417
0.257405 0.662576 0.224768
2.30738 0.737115 0.133124
0.104249 1.08871 0.234684
0.261224 0.560754 0.338865
1.27765 0.186249 0.78413
0.185339 0.151031 0.835525
0.181429 0.817211 0.0825282
0.0923347 0.426624 0.519891
0.133702 0.377931 0.569052
0.0587646 0.929178 0.557032
0.0863481 0.402156 0.540983
0.243964 0.749807 0.128974
0.916549 0.302289 0.637747
0.080784 0.515874 0.543183
0.090509 0.370201 0.593164
0.771731 0.440718 0.468205
0.619246 0.419175 0.499986
0.000827252 0.00413521 0.997108
0.122852 0.742011 0.196902
0.365636 0.812876 0.0697094
0.113611 0.248623 0.737168
