0.104408 0.299177 0.692334
0.144141 0.640369 0.343256
0.626058 0.203123 0.209689
0.297237 0.151564 0.609653
0.105468 0.0358595 0.892633
0.549131 0.218924 0.294936
0.287939 0.0721164 0.705075
0.222613 0.10799 0.748444
1.00037 0.000266158 0.000247513
0.0689568 0.819748 0.174552
0.181868 0.106381 0.806542
0.0332337 0.0635225 0.940383
0.897665 0.0463995 0.108407
0.543009 0.0353006 0.45697
0.474309 0.0262952 0.547545
0.0637621 0.181882 0.828403
0.5419 0.000299183 0.590854
0.485489 0.0940047 0.473837
0.663682 0.0236224 0.349597
0.272008 0.0292195 0.748026
0.0630616 0.616855 0.380337
0.75968 0.0317457 0.246953
0.96456 0.0301272 0.0344992
0.0204951 0.503495 0.501699
0.0218711 0.488614 0.52579
0.498134 0.262732 0.352773
0.0699434 0.851643 0.145582
0.276677 0.12937 0.650494
0.423773 0.0211074 0.601345
0.579103 0.106085 0.378873
0.390484 0.134484 0.512179
0.0082712 0.968583 0.0346881
0.753371 0.147735 0.19035
0.362114 0.207117 0.524625
0.342898 0.111113 0.556203
0.579134 0.168109 0.291162
0.140043 0.420159 0.577337
0.0927677 0.53458 0.451837
0.353455 0.070073 0.634777
0.0283666 0.321095 0.712027
0.654231 0.204193 0.170496
0.828616 0.181612 0.0683752
0.597978 0.198547 0.244677
0.706701 0.210351 0.100782
0.701559 0.476056 0.0875766
0.0264774 0.269537 0.746532
0.805828 0.0338862 0.209663
0.872457 0.0351086 0.133433
0.000215274 1.00001 0.000228942
0.0703644 0.219241 0.778944
0.5601 0.336436 0.27992
0.522335 0.208563 0.324308
0.136792 0.722417 0.265001
0.248497 0.0625339 0.735213
0.32677 0.108093 0.582503
0.0298749 0.785018 0.215668
0.733252 0.587937 0.0461412
0.0307618 0.763098 0.242769
0.850494 0.0644054 0.142863
0.150662 0.68058 0.296773
0.428506 0.144252 0.471991
0.615056 0.0222937 0.395842
0.941929 0.0332078 0.0659054
0.490802 0.139914 0.419294
0.752149 0.257602 0.0286885
0.0622765 0.578907 0.406445
0.0311821 0.896725 0.101793
0.0255912 0.446283 0.567622
0.106909 0.557457 0.428144
0.853583 0.182388 0.030514
0.446044 0.223596 0.448501
0.377411 0.327942 0.498258
0.242331 0.827014 0.15147
0.479 0.31726 0.384121
0.0347912 0.141271 0.873186
0.129445 0.790755 0.197849
0.0707678 0.330035 0.664858
0.000227226 0.000271671 1.00213
0.0346756 0.654646 0.355636
0.0722441 0.46351 0.5478
0.701478 0.0698792 0.282402
0.143912 0.059808 0.852531
0.468551 0.272362 0.42107
0.720279 0.288044 0.0709816
0.0186999 0.518591 0.481053
0.11084 0.664296 0.312648
0.026223 0.563879 0.443886
0.346045 0.936775 0.0446413
0.534333 0.15392 0.336078
0.244162 0.859679 0.103781
0.110566 0.366253 0.632248
0.0193995 0.0343111 0.961199
0.61025 0.188226 0.228087
0.0718361 0.709641 0.284913
0.0981328 0.921654 0.0698574
0.262727 0.890506 0.0844617
0.642607 0.454674 0.158793
0.663071 0.30411 0.134807
0.692484 0.126619 0.258435
0.0358441 0.401872 0.606415
