0.44648 0.0180986 0.577657
0.215723 0.447437 0.446534
0.958924 0.0711135 0.0339907
0.574022 0.250719 0.406932
0.106446 0.0343363 0.91112
0.0709845 0.35643 0.624968
0.00699919 0.968315 0.034068
0.821972 0.195424 0.162393
0.181378 0.639268 0.210365
0.37546 0.0799068 0.638954
0.947041 0.27141 0.0427544
0.79953 0.0320477 0.209499
0.76143 0.0341641 0.240471
0.149131 0.228581 0.729114
0.146383 0.302554 0.620969
0.218437 0.495009 0.361246
0.0703219 0.864095 0.132691
0.108099 0.29441 0.67737
0.29939 0.74552 0.0351389
0.0680573 0.716165 0.290969
0.153739 0.854338 0.0735994
0.0295616 0.0680898 0.937287
0.0709439 0.202827 0.768092
0.549974 0.0356503 0.466878
0.571476 0.0508262 0.450975
0.112532 0.499564 0.42829
0.091538 0.42115 0.501919
0.718839 0.217332 0.240111
0.793277 0.103767 0.187186
0.0329084 0.28099 0.73564
0.252621 0.0711257 0.756626
0.354711 0.512845 0.324786
0.461793 0.676463 0.118631
0.52132 0.0720771 0.486388
0.124922 0.712903 0.173509
0.880745 0.109234 0.103338
0.674598 0.0311262 0.339494
0.396601 0.704877 0.0847835
0.613429 0.0955636 0.370806
0.0259165 0.245609 0.777349
0.0658861 0.320621 0.651767
0.908871 0.183235 0.0791539
0.0350527 0.91235 0.10294
0.84014 0.0715449 0.143557
0.0213906 0.448187 0.616276
0.622639 0.0253973 0.392745
0.634287 0.150668 0.34668
0.265581 0.604031 0.232378
0.190588 0.791082 0.0332422
0.182688 0.0722732 0.82888
0.033842 0.758603 0.247995
0.000160758 0.000225577 1.00182
0.0245113 0.495389 0.527815
0.869956 0.0349015 0.124319
0.066251 0.583446 0.408121
0.674952 0.195758 0.288939
0.0348895 0.689154 0.324783
1.00002 0.000214319 0.000224824
0.423831 0.151978 0.562297
0.307581 0.466713 0.386564
0.0639531 0.108297 0.886295
0.142151 0.334073 0.575728
0.256711 0.587504 0.248091
0.281622 0.0182413 0.740374
0.697081 0.147487 0.259238
0.594281 0.105645 0.397892
0.195312 0.249697 0.701165
0.0157241 0.544287 0.466822
0.0148848 0.339836 0.69271
0.0716531 0.176864 0.806512
0.035959 0.64289 0.362569
0.221943 0.636932 0.198389
0.21648 0.427935 0.471959
0.338377 0.0257754 0.677907
0.171418 0.745423 0.100257
0.495639 0.148974 0.492811
0.000161782 1.00004 0.000264234
0.291298 0.672243 0.142888
0.21463 0.0216601 0.819261
0.937732 0.028516 0.0693527
0.142464 0.392363 0.526943
0.133748 0.764507 0.137899
0.179154 0.458657 0.431004
0.14313 0.547968 0.340412
0.397359 0.0706962 0.610688
0.321413 0.73687 0.0436071
0.130737 0.598905 0.28201
0.247245 0.718414 0.109124
0.210802 0.657461 0.178888
0.459711 0.110822 0.520048
0.0348095 0.140766 0.877105
0.34588 0.564034 0.275561
0.776665 0.190228 0.204338
0.317048 0.0302323 0.692781
0.0337679 0.79706 0.209279
0.180915 0.365232 0.545888
0.695011 0.0598484 0.289827
0.100979 0.4491 0.474988
0.069435 0.815122 0.179768
0.127809 0.581875 0.305037
