0.101676 1.58866 0.391541
0.733438 0.505403 0.394058
1.44736 0.54101 0.353957
0.215809 0.0382036 0.961324
0.137658 0.463369 0.454161
0.451709 0.725768 0.145872
0.218717 0.603813 0.277658
0.0895615 0.223814 0.792045
0.167587 0.560108 0.337815
0.111308 0.38963 0.586429
0.0281964 0.0623678 0.946577
0.403389 0.272437 0.67008
0.135494 0.112984 0.871257
0.0293226 0.115516 0.890993
0.129682 0.573951 0.344003
0.0200273 0.0299336 0.970872
0.203378 0.385311 0.554975
0.118371 0.536547 0.374114
0.337315 0.380753 0.540975
0.52366 0.319482 0.611816
0.101743 0.275809 0.701819
0.254444 0.702226 0.190182
0.417955 0.692225 0.171946
0.697866 0.614737 0.256335
0.154677 1.42378 0.14653
0.236756 0.669075 0.224484
0.117419 0.521358 0.397041
0.105978 0.806996 0.403098
0.129294 0.198701 0.808317
0.431405 0.703552 0.156707
1.31799 0.817134 0.0908187
0.214842 0.416743 0.508375
0.13535 0.810138 0.298286
0.106422 0.0702443 0.929449
0.397966 0.053441 0.944648
0.152696 0.66163 0.244733
0.300835 0.663572 0.216633
0.407449 0.682875 0.196884
0.269603 0.739613 0.16711
0.531114 0.565648 0.3159
0.459822 0.744489 0.142896
0.271108 0.306104 0.643623
0.150279 0.650937 0.26804
0.322812 0.239493 0.708654
0.147214 1.89627 0.23797
0.00213514 0.00333535 0.998393
0.0671328 0.316494 0.709037
0.0866467 0.627473 0.558982
0.146647 2.2867 0.234042
0.222931 0.808771 0.0925859
0.0649075 0.723342 0.664297
0.329123 0.363286 0.558944
0.367966 0.445675 0.462167
0.355114 0.439655 0.468501
0.191698 0.294921 0.667424
0.267361 0.164461 0.812144
0.0651789 0.164484 0.849691
0.0572737 0.811604 0.681372
0.0480963 0.766969 0.716975
0.162261 0.894701 0.169995
0.237131 0.500269 0.407927
0.212087 0.582603 0.304001
2.11686 0.681904 0.187472
0.206043 0.0999071 0.882444
0.668019 0.591743 0.276941
1.16554 0.517632 0.385868
0.598645 0.347458 0.567991
0.212371 0.43051 0.487072
0.229502 0.489851 0.418437
0.11524 0.0845944 0.900399
0.180461 0.782553 0.19927
0.223787 0.221155 0.73236
0.289172 0.65205 0.225506
0.272763 0.459636 0.446724
0.190966 0.120002 0.86077
0.485823 0.644953 0.228199
0.00405353 0.0101496 0.991055
0.108955 0.503264 0.488988
0.418335 0.337952 0.598149
0.373865 0.627037 0.249314
0.294347 0.547748 0.342238
0.493283 0.302717 0.628794
0.0770113 0.566389 0.603203
0.1881 0.786286 0.122366
0.108151 0.334073 0.656776
0.0912992 0.880794 0.482682
0.104034 0.0796256 0.920688
0.032702 0.256753 0.868112
1.13566 0.413275 0.503196
0.286419 0.191752 0.780958
0.826896 0.284019 0.650655
0.152376 0.355159 0.613128
0.101441 0.777649 0.429911
0.181155 0.415375 0.524557
0.127043 0.243965 0.721577
0.368418 0.147293 0.841338
0.00150594 0.00118467 1.00015
0.228886 0.817378 0.0915433
0.0330659 0.571625 0.792503
0.156781 0.47422 0.437163
