0.312637 3.26438
1.97461 0.261794
1.26491 1.30505
1.18834 1.51892
0.40395 2.79404
1.79324 0.679441
0.394589 2.84003
0.329877 3.19061
0.951696 1.75612
1.22825 1.40931
0.850673 1.83776
1.84113 0.557973
1.94227 0.319137
0.718307 2.23654
0.340714 3.13597
1.17462 1.55358
0.385468 2.88782
1.15766 1.59344
0.35648 3.04975
1.32599 1.14623
1.29953 1.21102
0.450257 2.62715
1.27638 1.27303
1.78298 0.704095
0.366426 2.99356
0.41304 2.75262
1.64481 0.927091
1.05434 1.73994
1.12257 1.66284
0.470398 2.58817
0.294215 3.31971
1.31297 1.17718
1.88555 0.445802
1.5145 0.955516
1.38079 1.04096
1.87669 0.467696
0.519309 2.55584
0.376199 2.93859
1.10209 1.69414
1.0788 1.72109
2.03742 0.18766
1.3984 1.01669
0.767116 2.06293
1.24064 1.37412
1.90344 0.402947
0.672012 2.38998
1.82445 0.601312
1.93152 0.340944
0.782314 2.01256
0.799003 1.96114
0.741224 2.15445
0.422181 2.71537
1.76115 0.753819
0.346232 3.10654
1.73652 0.804405
1.72038 0.833789
1.46734 0.963562
0.755172 2.10469
0.918102 1.76469
1.35192 1.09109
2.06683 0.169346
0.436157 2.66638
0.490926 2.56613
0.633638 2.48405
1.80312 0.655217
1.68794 0.883018
1.6149 0.944193
1.74874 0.780105
1.36578 1.06549
1.81312 0.630142
1.14107 1.6286
1.98699 0.243002
1.859 0.512452
1.21561 1.44503
0.242461 3.35618
0.697093 2.31072
1.77236 0.728831
0.70726 2.27594
0.815457 1.91552
1.7059 0.857511
1.3386 1.11828
1.42089 0.992362
0.731249 2.19028
0.685394 2.34872
1.20285 1.48028
0.871214 1.8055
2.01732 0.205954
1.6687 0.905644
0.230009 3.36563
2.00112 0.224355
0.894666 1.77982
1.25296 1.33894
1.96314 0.280711
0.656623 2.43193
2.10157 0.158444
0.60846 2.52369
1.44136 0.976389
1.92186 0.361494
0.832948 1.87335
1.28776 1.24204
