0.216548 3.1479
1.86122 0.183261
1.16826 1.19455
0.228473 3.09564
0.290206 2.76091
0.276947 2.83255
1.71603 0.521787
1.04359 1.52267
0.114565 3.30643
0.678206 1.92473
0.0834866 3.59384
0.662158 1.97894
0.238948 3.04349
0.102172 3.3812
0.205697 3.18715
1.14459 1.26175
1.88655 0.143134
1.90119 0.123652
1.31325 0.899219
0.409593 2.45716
1.5431 0.827863
1.1315 1.29915
0.312552 2.65352
1.81908 0.266643
1.20628 1.09278
0.133581 3.26082
1.09177 1.40892
0.327524 2.59422
0.248945 2.98986
1.95671 0.0741418
1.79963 0.310986
1.07781 1.44472
1.3621 0.865163
1.93969 0.0853973
1.69573 0.572507
1.29106 0.9256
1.63717 0.702341
1.51037 0.845624
0.728669 1.78213
0.193265 3.22094
1.98366 0.0624484
1.06145 1.48393
0.076938 3.6989
1.33442 0.880693
1.23137 1.03315
1.19347 1.12583
0.299059 2.71598
0.0553473 4.0536
0.26785 2.8836
0.339035 2.55642
1.4046 0.855782
0.376404 2.47945
0.52752 2.39462
0.595899 2.21352
1.65147 0.673596
1.75399 0.4243
0.765955 1.71216
0.842194 1.65704
1.60505 0.758111
1.73637 0.469674
0.258533 2.93632
0.646183 2.03537
1.70603 0.546993
1.78151 0.354769
1.918 0.104668
1.10572 1.37143
1.00558 1.58864
1.6739 0.624368
1.58864 0.781506
0.694487 1.87345
0.353363 2.51896
1.02473 1.55836
1.83999 0.222865
1.72578 0.496909
0.789594 1.68394
1.25874 0.977355
0.710544 1.82754
1.15632 1.22826
0.817419 1.66461
0.745634 1.74632
0.580566 2.26306
0.0700663 3.82178
0.98215 1.61722
1.11901 1.33451
1.18128 1.15853
1.5681 0.805752
1.62221 0.729899
0.0897646 3.50766
0.954803 1.63924
1.21866 1.06245
0.0625468 3.95831
2.03388 0.0551454
0.611613 2.15941
0.630354 2.0924
1.77235 0.377608
0.566915 2.30349
0.501382 2.43114
1.24474 1.0046
1.27425 0.950541
0.55115 2.34489
