0.811556 0.199257 1.45412
1.30116 0.16837 0.515726
0.740907 0.210615 1.70519
0.456832 0.729334 1.27307
0.475913 1.05123 0.971457
0.598911 0.431679 1.4109
0.261045 0.0952727 3.64468
0.254481 0.919193 1.88417
1.81625 0.0553657 0.0472065
0.723651 0.715576 0.598855
0.309395 1.63314 0.546625
0.702049 0.849139 0.259981
0.241784 1.27467 1.25677
0.330256 0.954635 1.33995
0.589733 0.960757 0.527784
1.1634 0.326339 0.185109
0.777613 0.767378 0.172583
1.1142 0.287319 0.557755
0.301658 1.77182 0.253845
1.27259 0.276745 0.0897323
0.531154 0.150724 2.83045
0.633381 0.920188 0.405944
0.900107 0.556843 0.30842
0.407881 0.70533 1.47377
1.21377 0.257213 0.299525
0.164541 2.25857 0.529533
1.09042 0.358438 0.300853
1.35919 0.111826 0.774863
0.796757 0.580127 0.737678
1.16026 0.235636 0.663226
0.955015 0.192634 1.24192
0.500828 0.471833 1.73513
0.996492 0.390915 0.55964
0.973619 0.329135 0.974778
0.253857 1.68248 0.913459
1.32206 0.198248 0.251116
0.922438 0.427031 0.751029
0.289311 0.42552 2.47405
0.263027 0.779016 2.22775
0.729406 0.0981862 2.40941
0.565276 1.1554 0.151922
0.240002 2.14512 0.0915577
0.169943 2.08284 0.796707
0.873607 0.52133 0.572875
0.446409 1.23449 0.619516
0.670749 0.68602 0.996823
0.694344 0.283897 1.54125
1.39931 0.151419 0.25224
1.13825 0.390896 0.0934199
0.536025 0.941488 0.927976
0.334831 0.813931 1.58588
0.174795 0.0596565 4.45587
0.784566 0.6696 0.441452
0.421306 1.38589 0.36229
1.02041 0.526665 0.0636664
0.334601 1.4002 0.973216
0.603501 0.488453 1.27267
0.352091 0.264283 2.6091
1.05312 0.444153 0.135791
0.163909 2.5462 0.0517878
0.520332 0.405826 1.90733
0.794249 0.811126 0.0947478
0.695132 0.914742 0.14902
1.44718 0.105339 0.451631
0.881095 0.675416 0.0961802
0.921776 0.125835 1.44241
0.555646 0.323452 2.07206
0.53994 0.495524 1.43176
0.447051 0.207234 2.47497
0.360266 1.69105 0.111419
1.8591 0.0489383 0.0472073
0.625529 1.07451 0.0973658
1.16202 0.193185 0.939456
1.82677 0.0535385 0.0473551
0.263974 0.469196 2.47195
1.39255 0.19255 0.0911695
0.426842 0.529114 2.06393
0.494359 1.18177 0.440571
0.878813 0.128426 1.59112
0.544231 1.10141 0.360274
0.16456 2.55973 0.0477236
0.831639 0.464637 1.01554
1.84456 0.0487706 0.0538845
0.983024 0.482772 0.239111
0.743728 0.559551 1.06627
0.386465 1.38093 0.63098
0.762044 0.336011 1.24705
1.57695 0.103144 0.0980358
1.09395 0.106344 1.24781
0.461157 1.34372 0.223589
0.374856 1.50177 0.385005
0.241261 1.8618 0.545484
0.41799 1.48271 0.166905
0.197344 2.3979 0.0474302
0.407319 1.19238 0.999682
0.667007 0.997877 0.0976235
0.646439 0.829159 0.625903
0.5065 1.36363 0.0682868
0.931425 0.574925 0.141626
0.844956 0.649999 0.235639
