0.441 2.99677
0.451725 2.93846
0.509557 2.70235
0.40767 3.18277
1.5109 1.03673
0.461591 2.89235
0.481703 2.79626
2.0986 0.253506
1.88758 0.666995
1.97235 0.454988
1.80673 0.855699
0.529909 2.65884
0.78034 2.30723
0.471566 2.84011
1.23622 1.62274
2.14952 0.226425
1.82891 0.808967
1.14601 1.78155
1.2516 1.58418
2.06505 0.288099
2.05187 0.305488
0.742147 2.43487
1.36003 1.28352
1.70675 0.991714
1.92207 0.578126
1.94112 0.529916
1.7637 0.931092
0.767504 2.35226
1.48773 1.05345
1.12102 1.80207
1.26522 1.5479
0.699695 2.5434
1.95489 0.494957
1.18686 1.72588
0.833259 2.1191
0.429874 3.05903
1.89719 0.642206
1.40976 1.16682
1.38413 1.22337
0.892677 1.94651
1.93241 0.551751
1.72654 0.974899
0.550227 2.63356
1.79199 0.882913
1.27741 1.51464
0.800967 2.23309
1.98915 0.417818
0.841548 2.09155
1.20477 1.69394
1.81855 0.831326
1.43654 1.11741
1.87844 0.690147
2.08079 0.270161
0.874657 1.99246
1.74601 0.953427
1.54029 1.02456
0.758531 2.38261
0.949484 1.85226
0.500922 2.73098
2.04014 0.323075
1.31417 1.41015
1.02687 1.81919
1.84018 0.783376
0.853152 2.05547
0.419109 3.11984
1.28997 1.47917
1.45166 1.09453
0.999123 1.82257
0.670577 2.58957
0.824507 2.15012
1.30268 1.44319
0.862865 2.02483
0.928482 1.87865
0.727096 2.47841
1.58146 1.01923
2.12544 0.236643
0.790911 2.26937
0.684487 2.57065
1.46827 1.07328
2.02936 0.340423
0.814412 2.18494
1.33739 1.34464
0.713445 2.5133
1.77858 0.906954
1.37195 1.25299
1.34883 1.31325
1.86923 0.713536
2.00781 0.379649
1.42292 1.14117
0.57676 2.62061
1.85978 0.736876
1.91274 0.60196
1.22087 1.65897
1.39499 1.19836
2.01883 0.35892
0.972719 1.83335
1.32597 1.37671
1.67481 1.00961
1.16718 1.7562
0.910226 1.90953
