1.11136 1.27017
1.73215 0.400337
0.0616052 3.56328
0.236931 2.90922
0.834402 1.63298
0.20686 3.06933
1.89593 0.0818773
0.282027 2.66762
0.246304 2.85617
0.363196 2.44741
0.709878 1.75146
0.0549084 3.66965
1.75958 0.3311
1.0719 1.37971
1.21115 1.00583
0.227339 2.96289
1.86438 0.120338
0.124067 3.23271
1.78744 0.264828
0.964301 1.58993
0.0806262 3.35187
0.540571 2.2919
0.19016 3.14077
0.105755 3.24526
1.60129 0.704804
1.80798 0.219962
0.31139 2.55026
0.29534 2.60916
1.38641 0.833065
0.273185 2.7107
0.264351 2.75655
1.00501 1.53115
1.19881 1.03391
0.327533 2.50447
1.87878 0.101194
0.255406 2.80519
1.17284 1.09866
1.61548 0.678486
0.577147 2.17868
1.25674 0.920373
0.0679565 3.47751
1.1609 1.13052
1.13593 1.20005
0.392739 2.43363
0.0930896 3.28001
1.8278 0.180685
1.14878 1.16389
1.22443 0.977864
1.23803 0.951778
0.485073 2.40188
0.593871 2.12039
0.611252 2.05796
1.91716 0.0630453
0.558131 2.24064
0.217329 3.01683
1.27411 0.895973
0.0402931 3.93285
1.31505 0.856088
1.58572 0.730853
0.750081 1.6807
1.09897 1.30534
0.627638 1.99906
1.84173 0.155776
0.773721 1.65571
1.62911 0.651034
0.729272 1.71269
0.942934 1.60968
1.34519 0.840656
2.01041 0.0327462
0.172054 3.19575
0.801463 1.63946
1.05797 1.41579
0.527921 2.32439
1.64088 0.625772
1.49252 0.82139
1.69457 0.496891
1.04203 1.45453
1.18546 1.06633
1.52383 0.803071
0.510732 2.36174
1.29321 0.874381
0.0476817 3.79852
1.08572 1.34233
0.342645 2.47346
0.659504 1.89018
0.692724 1.79288
1.56827 0.75633
1.942 0.047638
1.02539 1.49148
1.65391 0.596308
0.987229 1.56028
1.67417 0.547934
1.54741 0.781493
1.74872 0.358193
1.12432 1.23313
1.97602 0.0362852
0.643295 1.9442
1.71356 0.448203
1.77209 0.300694
0.675885 1.83963
