0.457247 0.557476 1.55934
0.380152 0.711945 1.5102
0.0325174 0.0325174 6.03252
0.823147 0.727034 0.0851319
0.230829 2.2729 0.0326236
0.862818 0.411765 1.00692
0.633147 0.407599 1.29222
0.436537 0.756754 1.24789
0.124386 2.59884 0.110944
0.755951 0.791269 0.140368
0.239749 0.550299 2.43429
0.460404 1.21599 0.465015
0.209114 1.97021 0.468063
0.701647 0.913124 0.087461
0.144152 1.17812 2.04267
0.262185 1.96477 0.108787
0.0468394 3.40929 0.0468394
0.0392888 1.62905 2.39983
1.24155 0.280593 0.0829026
0.433361 0.231763 2.43684
0.568389 0.974816 0.515671
0.607893 1.04428 0.139325
0.441019 1.39324 0.158851
0.134364 2.29174 0.540215
1.81834 0.0326987 0.231245
0.271953 0.250681 3.07969
0.217414 1.2424 1.29222
0.295732 0.956535 1.37812
0.377051 1.60863 0.0976144
0.0377626 1.26921 2.53408
1.55491 0.0889412 0.140368
0.67305 0.846299 0.332914
0.557868 0.383264 1.67303
0.15332 0.516601 2.93178
1.18272 0.260945 0.308876
0.458442 1.02802 1.02451
0.133116 1.42852 1.5102
0.692919 0.272759 1.49183
1.27942 0.161159 0.53797
0.882299 0.615291 0.138091
0.199768 2.21176 0.110934
0.1904 0.0329759 4.64054
0.362722 0.938028 1.23777
0.535285 1.22769 0.0894194
0.759403 0.323766 1.23696
0.519221 0.0328268 3.4566
0.831079 0.121243 1.75966
0.97385 0.418885 0.441906
1.32691 0.104658 0.826154
1.4334 0.0963772 0.462573
0.143836 0.754033 2.45244
1.67087 0.0926791 0.0326911
1.19395 0.173222 0.826154
0.128935 1.67455 1.24339
1.00296 0.109951 1.2671
0.337212 0.646503 2.03396
1.3865 0.0326528 1.23263
1.6995 0.0326835 0.645774
0.162297 0.162423 3.66386
0.675084 0.216411 1.89149
0.529442 1.13755 0.268496
1.09948 0.360892 0.183725
0.383194 0.147663 2.90822
0.234602 0.941897 1.86065
0.274656 1.74438 0.426484
0.723324 0.724531 0.476112
0.766871 0.0328855 2.45656
0.48929 1.07718 0.699109
1.14647 0.221753 0.707466
0.756248 0.596212 0.795883
0.337595 0.340511 2.44492
0.411107 1.3278 0.482459
0.531208 0.318098 2.13199
1.99444 0.0327136 0.0327142
0.0472545 3.50716 0.0328399
0.296888 1.52437 0.817899
0.822519 0.558431 0.592357
0.59804 0.861423 0.719207
0.939248 0.513725 0.220811
0.61962 1.1874 0.0325728
0.905455 0.459226 0.595895
0.336925 1.55364 0.413908
1.04192 0.4632 0.0789453
0.0353014 0.0516603 5.55941
1.3106 0.199246 0.183725
1.45609 0.193344 0.0326885
0.302477 0.0328487 3.80569
0.516782 0.515705 1.40047
1.40641 0.144922 0.183725
0.537492 0.127933 2.44122
0.370036 1.30699 0.845689
0.31494 1.73516 0.174412
0.448549 1.56834 0.0326658
0.223355 1.75649 0.860662
1.03843 0.326739 0.594214
0.5652 0.564015 1.23755
1.18234 0.39934 0.0326827
0.0357835 0.762428 3.62625
0.865801 0.184006 1.29007
0.996911 0.598941 0.0325923
