0.181341 3.13481
0.57192 2.16026
0.0653861 3.40605
0.641509 1.91416
0.110245 3.22564
1.94103 0.0361527
0.0780665 3.30547
0.198043 3.06399
1.72499 0.38942
1.20634 0.990228
0.208773 3.01041
1.63523 0.61188
1.84319 0.131637
1.81006 0.190816
0.962887 1.57385
0.799421 1.62918
1.02125 1.47457
1.82263 0.166837
1.87067 0.0928547
1.17864 1.05465
0.0453603 3.68435
1.65678 0.561978
0.690963 1.76832
1.61055 0.663844
0.163163 3.18909
1.78102 0.252544
1.85631 0.111922
1.90869 0.0550201
1.623 0.638393
1.33976 0.831513
1.31194 0.844509
1.08153 1.32297
1.06785 1.36038
1.25004 0.909841
1.49083 0.81025
0.228627 2.90152
1.23434 0.935478
0.256291 2.74752
0.247213 2.79687
0.378394 2.42666
0.339646 2.457
0.218874 2.95607
0.282418 2.62068
1.3752 0.825046
1.54319 0.768905
0.238085 2.84799
1.75735 0.308222
1.21984 0.962438
0.295755 2.56764
1.71258 0.421359
0.323592 2.48637
0.090721 3.25191
0.727581 1.6934
0.612491 2.01567
0.310091 2.52078
0.838691 1.62435
1.0385 1.43525
1.67698 0.512375
1.15494 1.11622
0.938273 1.59869
1.52016 0.791249
1.09444 1.28672
1.77042 0.276973
0.67402 1.81312
0.0588858 3.47998
1.19336 1.01924
0.709082 1.72739
0.274068 2.65822
0.984655 1.5434
0.0511891 3.58835
0.265193 2.70137
0.625576 1.96906
0.775074 1.64047
0.355185 2.43902
1.16818 1.08118
1.99365 0.0249125
1.054 1.3968
0.657507 1.86225
1.58018 0.718392
1.74299 0.343727
1.88751 0.0738675
1.69692 0.461679
1.00306 1.51145
0.512348 2.33316
0.487038 2.38
1.26949 0.883276
0.750027 1.66256
0.597427 2.06999
1.11885 1.21709
1.5965 0.690461
0.459305 2.41057
1.79813 0.215159
0.586039 2.11082
1.28594 0.865248
1.1069 1.25125
1.5624 0.744929
1.14394 1.14632
1.13177 1.18036
0.533637 2.28018
0.55501 2.21641
