0.0704641 1.71109 1.77968
0.408839 1.1405 1.06007
0.0736138 1.77095 1.62521
1.45859 0.0996271 0.402833
0.0775728 0.046304 4.89103
0.165413 1.39413 1.3711
0.503449 1.23166 0.221698
0.929525 0.49284 0.377192
1.09388 0.287222 0.605633
0.0719573 1.68727 1.85457
1.00908 0.112394 1.27606
0.183617 0.505519 2.75365
0.18573 0.167108 3.64169
1.58629 0.0950191 0.0926752
1.38989 0.148556 0.257469
0.846984 0.706544 0.088158
0.698425 0.844209 0.260674
0.693716 0.217542 1.84415
0.44647 0.5024 1.8979
0.164617 2.10809 0.680061
0.131075 2.61081 0.0993979
0.75985 0.263016 1.34611
0.774185 0.587439 0.784752
0.611833 0.421722 1.34225
0.243472 1.83239 0.541811
1.74219 0.071286 0.0390013
0.164842 1.5963 1.23824
0.0751035 0.0483834 4.89103
0.393244 0.803296 1.29963
1.29401 0.203121 0.257503
0.302824 1.8471 0.111151
0.18278 0.827116 2.42797
1.72914 0.0731065 0.040132
0.257206 1.12196 1.31632
0.619014 1.07328 0.0937038
0.678868 0.763116 0.638617
0.967375 0.407107 0.582369
0.103782 0.0393204 4.84568
1.28743 0.164271 0.541999
1.0645 0.371775 0.30286
0.556938 0.860274 1.0003
0.316308 1.53234 0.694613
0.389074 1.30312 0.772315
0.176826 1.15202 1.84094
1.03679 0.262275 0.997079
0.426812 0.155783 2.66517
0.742414 0.712088 0.46623
0.48435 0.531399 1.5475
0.550843 1.10738 0.275584
1.03506 0.450654 0.139772
0.365142 1.49477 0.41061
0.435668 1.2878 0.476786
1.3868 0.190825 0.086958
0.556393 0.328337 2.07841
1.15555 0.182143 0.976121
0.352037 1.64257 0.177217
0.22959 2.00176 0.277455
1.8643 0.0391714 0.0816725
0.785109 0.484341 1.09357
1.15476 0.339614 0.133963
0.28069 0.342654 2.6462
0.360395 0.620518 2.02044
0.281453 0.571 2.43423
0.893256 0.187507 1.26588
1.25159 0.281427 0.0876974
0.704127 0.335662 1.29834
0.619685 0.730022 1.05865
0.817174 0.655006 0.296161
1.33637 0.109331 0.813304
1.16076 0.223916 0.685898
0.582788 0.375912 1.62023
0.264104 0.904258 1.78768
0.413123 0.628768 1.62644
0.554068 1.20382 0.0931399
0.422558 1.51035 0.0948777
0.67403 0.972314 0.0939368
1.10489 0.408933 0.0847634
0.854765 0.124191 1.68861
0.596966 0.963201 0.429476
0.898679 0.606949 0.139684
1.93844 0.0392454 0.0390032
0.839053 0.550584 0.58832
0.477306 1.05326 0.900276
0.0727425 1.72694 1.74308
0.315833 1.01913 1.26344
0.254655 1.63548 0.935807
0.154526 2.38149 0.211585
0.532307 0.583797 1.26724
0.214823 2.18977 0.0991996
0.298422 0.253637 2.92495
0.785198 0.773961 0.119228
1.20627 0.252858 0.30861
0.343863 0.769902 1.61175
0.471935 0.691307 1.26164
0.36136 0.352014 2.43814
0.299876 1.69174 0.40689
0.63504 0.894854 0.429476
0.970162 0.562783 0.0715966
0.505199 0.141429 2.4832
0.458224 1.37033 0.159513
