0.387852 0.61661 1.65937
0.257473 1.93382 0.0952103
0.431823 1.43156 0.0781173
0.861392 0.177198 1.26054
0.124155 2.33844 0.392098
0.237907 0.546495 2.42161
0.0306691 2.26546 1.26658
0.119036 2.55992 0.0946662
0.0291905 1.9008 1.92895
0.029401 1.95271 1.80293
0.811001 0.542847 0.604448
0.0302402 2.15969 1.37841
0.357008 1.35659 0.67949
0.293786 1.4508 0.90411
0.970566 0.517113 0.0698052
0.0332413 1.44117 2.42057
1.50663 0.147951 0.021773
0.323689 0.616896 2.10242
1.96315 0.0223366 0.0218053
1.12151 0.22137 0.692975
0.530175 0.424308 1.53696
0.15046 0.149972 3.65782
0.0308308 2.30534 1.24421
0.279904 1.02524 1.2723
0.146627 0.513121 2.84853
0.127613 1.40506 1.47442
0.272954 1.66628 0.508045
0.598856 1.06578 0.078124
0.332113 1.5264 0.399013
0.593227 0.732573 1.0407
0.835327 0.466266 0.871842
1.14488 0.341336 0.0698097
0.205774 1.92596 0.463482
1.29317 0.0221923 1.24161
0.12761 0.795643 2.42708
0.0288069 1.80619 2.14159
1.08542 0.353031 0.172012
0.643677 0.3458 1.33328
0.0593359 0.0226595 5.04244
0.873718 0.601586 0.126589
1.05371 0.321841 0.425976
0.482737 1.25987 0.144639
0.373151 1.5239 0.158363
0.258911 0.248736 3.03599
0.50431 1.04152 0.593456
1.36893 0.176912 0.0698097
0.509453 0.501966 1.3827
0.193285 2.18672 0.0946603
1.79293 0.0223145 0.209505
0.0356788 3.50097 0.0220454
0.976395 0.100337 1.2735
0.129575 2.16569 0.721063
1.39204 0.135683 0.17298
0.667277 0.204667 1.86842
0.827662 0.110274 1.71202
0.210217 1.10274 1.47431
0.13338 1.19719 1.94888
0.450119 0.658319 1.27238
0.451132 0.529303 1.58171
1.44263 0.0838721 0.387854
0.354446 0.915388 1.2283
0.0422544 0.0355899 5.04244
0.694069 0.897336 0.0755503
0.592014 1.20512 0.0217037
0.94061 0.401789 0.570823
0.454418 1.19949 0.437253
1.26749 0.151103 0.524413
0.723043 0.254357 1.35862
0.447246 0.163766 2.45443
0.0354282 3.43917 0.0282332
0.814792 0.712548 0.074009
0.719817 0.329262 1.23231
1.01232 0.441789 0.124891
0.402118 1.31319 0.468051
0.376506 0.136581 2.87013
0.5618 0.55486 1.22366
0.544006 0.917183 0.747644
1.57375 0.0780105 0.077372
0.228874 0.922358 1.83097
0.1288 1.62406 1.22913
0.740027 0.788272 0.128847
0.657453 0.820789 0.392645
0.321832 1.72412 0.0909477
1.31622 0.0940879 0.810577
0.52896 1.13415 0.191909
0.217688 1.71715 0.870133
0.248462 0.344319 2.66735
0.606442 0.955263 0.256885
1.23397 0.26943 0.0675046
0.206764 1.26399 1.25337
0.905551 0.485254 0.366205
1.10553 0.176389 1.02399
0.715724 0.710263 0.458924
0.0298234 2.05688 1.56271
0.57955 0.295735 1.84659
0.300893 0.822197 1.57381
0.527376 0.121577 2.42667
1.30362 0.186004 0.172012
1.18031 0.243894 0.296512
0.74974 0.579584 0.783765
