1.27229 0.148054 0.527137
1.37039 0.13402 0.246051
0.854704 0.173136 1.2792
1.2311 0.269748 0.0710141
0.519099 1.12794 0.251327
0.523104 0.12014 2.4298
0.822967 0.110583 1.73236
0.121686 1.42036 1.49794
0.228204 0.533056 2.42465
0.907272 0.328295 1.0519
0.023437 0.0247441 5.9193
0.0240864 1.9709 2.01088
1.98006 0.0217666 0.0219012
0.122331 1.65459 1.22916
0.223863 0.930267 1.85002
0.63455 0.404085 1.25111
0.559351 0.918819 0.645113
1.57595 0.077441 0.076565
0.112763 2.58042 0.111368
0.680776 0.889116 0.119201
0.211985 1.73506 0.877745
0.331816 0.334475 2.42758
1.01652 0.0980645 1.23576
0.060486 3.03999 0.0606206
0.0221472 0.0225912 6.00198
0.261202 1.74149 0.416659
1.31401 0.094099 0.819468
0.747717 0.748987 0.187965
1.14855 0.315298 0.119252
0.144979 0.156151 3.66309
0.27417 1.03097 1.28209
0.630637 1.01173 0.0719605
0.871271 0.604287 0.127479
1.11614 0.224708 0.696626
0.287702 1.50827 0.806273
0.447693 0.5316 1.59357
0.400153 1.31684 0.471604
0.20698 1.31062 1.23084
0.812153 0.716046 0.0743236
0.313355 1.69587 0.161919
0.382083 0.607394 1.73236
0.189308 2.19789 0.100779
0.579859 0.295133 1.84794
0.0215708 0.0215708 6.02157
0.998272 0.438299 0.172831
1.25869 0.191449 0.287197
0.589627 0.736739 1.04497
0.238761 0.344858 2.73026
0.705591 0.706788 0.528856
0.742774 0.587807 0.788398
0.248574 1.96469 0.0966769
0.762313 0.87076 0.0238347
0.140713 0.512494 2.91152
1.47932 0.16091 0.0219038
0.644 0.332949 1.36726
1.35853 0.181414 0.0738673
0.453617 1.12064 0.685122
1.44157 0.0835666 0.395026
0.78195 0.647586 0.341808
0.122348 2.2186 0.688347
0.129037 1.23745 1.88645
0.359426 1.3132 0.78506
0.505372 0.504296 1.3926
0.493959 0.973481 0.875818
0.718825 0.192503 1.67035
0.396368 0.131768 2.77886
0.440845 0.670647 1.2775
0.117651 2.37961 0.383228
0.811557 0.547474 0.581537
0.309909 0.71889 1.84996
1.5243 0.137743 0.0218806
0.78493 0.250166 1.24514
0.521281 0.422076 1.59357
0.132733 0.730532 2.45036
1.16179 0.166319 0.876059
0.255184 0.248829 3.06557
0.199379 1.95057 0.466135
0.94029 0.398657 0.587883
0.20831 1.09068 1.51729
0.796475 0.822823 0.0231087
0.429901 1.38264 0.148028
0.352454 0.928947 1.22604
0.965095 0.522305 0.0713293
0.450455 1.2078 0.439372
1.03884 0.36207 0.300847
1.76274 0.0217449 0.357342
0.903445 0.487401 0.367285
1.08986 0.272627 0.527137
0.542324 1.17852 0.0786041
0.540195 0.57645 1.22604
0.375919 1.56758 0.0895171
0.334118 0.22256 2.64876
0.603351 0.961408 0.255593
0.293305 0.844126 1.56167
0.487573 1.29429 0.0825255
0.127296 0.0219898 4.81851
0.832925 0.4632 0.834216
0.654764 0.826023 0.390043
1.07838 0.403175 0.0696551
0.325993 1.54253 0.403255
