1.21622 0.98317
1.73125 0.389214
0.114592 3.23012
0.185359 3.14081
0.480775 2.39874
1.2448 0.929655
0.238119 2.87738
1.23008 0.955738
1.80417 0.216269
0.196826 3.09437
0.228396 2.93227
1.27876 0.882016
1.09212 1.31024
0.247641 2.82366
1.66409 0.559523
1.84859 0.134572
1.19032 1.04138
0.530094 2.30585
0.999632 1.53023
1.16502 1.10556
0.292983 2.59968
1.20366 1.01033
1.57261 0.741222
0.274803 2.6803
1.62981 0.637819
0.706102 1.7477
0.283763 2.63868
0.725139 1.70957
0.639721 1.93976
0.256771 2.77327
0.26587 2.72502
0.320367 2.50922
0.218362 2.98753
1.15281 1.13856
1.32826 0.842356
0.978534 1.56363
1.87579 0.0964705
0.54424 2.26722
1.12929 1.20444
1.93122 0.047537
0.827726 1.62942
1.72072 0.41626
1.64185 0.61146
1.07918 1.34615
1.55319 0.766914
0.671761 1.8369
0.335036 2.47653
0.389816 2.42973
0.606666 2.05713
1.75951 0.318244
1.70324 0.461291
1.89264 0.0776144
0.744695 1.67907
1.5323 0.788989
0.356914 2.44595
1.50537 0.809274
0.207868 3.0422
1.03487 1.45858
1.65302 0.585848
1.61821 0.661859
1.0514 1.41904
0.792458 1.63784
1.60507 0.687325
1.30155 0.859668
0.65562 1.88678
1.26025 0.905815
1.06491 1.38444
0.57244 2.17808
1.01793 1.49536
0.557977 2.22554
1.14139 1.17025
1.68401 0.510311
0.0693707 3.41518
0.597837 2.08895
0.768556 1.65311
0.688142 1.79123
1.9563 0.0366109
1.81567 0.19296
1.58894 0.715775
1.91373 0.0590159
0.506769 2.35834
0.0807718 3.32059
1.82811 0.169382
1.77544 0.280062
0.583316 2.14058
0.308093 2.54496
1.74913 0.343931
1.78705 0.253399
0.0950978 3.25654
1.17795 1.07198
0.628863 1.97757
1.1048 1.27436
0.16704 3.1948
1.99992 0.0292533
0.9562 1.59076
0.917888 1.61865
1.11707 1.23931
0.616874 2.02033
1.36425 0.831223
1.86138 0.115469
