0.836424 0.121684 1.72973
0.303425 0.0327636 3.80756
1.02885 0.108798 1.24609
0.244611 0.454474 2.49602
0.334471 0.333799 2.45355
1.27902 0.203976 0.256867
0.140304 1.63065 1.24051
0.954608 0.558346 0.0821788
0.144171 1.17797 2.04285
0.0333919 0.0364199 5.9584
0.135529 1.3693 1.62325
0.212123 1.25991 1.29221
0.717867 0.203398 1.74322
0.877584 0.7602 0.0325279
0.136763 0.757433 2.46682
0.234602 0.94188 1.86071
0.611074 0.363516 1.4826
1.3748 0.190799 0.0809568
0.647909 0.416003 1.25811
0.53364 0.130801 2.44122
0.269157 0.267476 3.01025
0.516687 0.515609 1.40111
0.381059 0.0329088 3.63414
0.123839 2.46001 0.31231
0.381606 0.1428 2.95405
0.557947 0.916879 0.777353
0.640205 1.02084 0.0877445
1.4545 0.09362 0.407379
0.296334 1.52162 0.829392
0.723714 0.724922 0.472514
0.591222 0.305627 1.85883
0.038254 1.38507 2.4423
0.123185 2.59389 0.123033
0.309982 0.841216 1.57366
0.479891 0.474472 1.74322
0.386899 1.57864 0.100239
0.211504 1.95557 0.479907
1.43604 0.139221 0.14004
0.754085 0.596547 0.806067
0.327073 1.69513 0.17781
1.32682 0.104702 0.826086
0.881747 0.614908 0.140368
1.29302 0.153604 0.537968
0.700345 0.880968 0.138281
0.2194 1.76621 0.872845
0.43533 0.437438 2.16683
1.16675 0.414206 0.0326722
0.191354 0.0328769 4.64085
0.820219 0.676862 0.185499
0.350541 1.48524 0.491424
0.263837 1.96006 0.107439
0.344264 0.629924 2.04285
1.81872 0.0327132 0.228334
0.460872 1.21732 0.457993
1.09461 0.365118 0.184487
0.607502 0.961385 0.330256
0.454595 0.136705 2.58995
0.429227 1.38276 0.231724
0.285166 1.04255 1.29221
0.510432 1.41652 0.0326681
1.51693 0.159772 0.0326829
1.70238 0.0326844 0.634393
0.935514 0.511743 0.240539
0.214489 1.12959 1.49687
0.0325174 0.0325174 6.03252
0.657897 0.848116 0.407144
0.865759 0.184036 1.29008
0.632685 1.17002 0.032521
0.445426 0.693075 1.28851
0.163919 0.16953 3.65067
1.02326 0.455239 0.130066
1.22084 0.297751 0.0809568
0.355415 0.930233 1.24609
1.11888 0.184716 1.04014
0.286646 2.07481 0.03252
0.276102 1.73538 0.436635
0.553123 1.1891 0.0902874
0.133475 2.22802 0.700538
1.99444 0.0327136 0.032714
1.1622 0.225796 0.607524
0.731681 0.267797 1.36856
0.196227 2.22378 0.114632
0.477508 1.10176 0.700957
1.58792 0.0880967 0.0872623
0.545837 1.13315 0.202207
0.0468394 3.40929 0.0468396
0.788854 0.0328428 2.44122
1.28235 0.0326424 1.29283
0.391642 0.659754 1.60442
1.19926 0.248663 0.308872
0.876894 0.447897 0.795885
0.373125 1.29018 0.869341
0.52563 0.855238 1.1065
0.953206 0.410412 0.584824
1.00807 0.317858 0.790225
0.784677 0.783002 0.0853558
1.06363 0.328754 0.462573
0.822518 0.558432 0.592359
0.15295 0.519898 2.92275
0.673054 0.762482 0.624094
