1.35578 1.50423
2.09663 0.377076
1.02754 1.88886
0.523353 2.91356
1.98821 0.606963
0.571651 2.74179
0.547706 2.81218
1.82652 0.975087
0.485768 3.11442
0.930017 2.04786
1.51738 1.13581
2.04668 0.469228
0.490431 3.08807
2.06642 0.429482
1.50259 1.15596
0.586748 2.71228
1.08036 1.8745
0.606966 2.68844
0.537465 2.85211
0.812859 2.44065
1.41325 1.34532
1.46238 1.22738
0.895976 2.15075
1.17035 1.86065
2.13661 0.325431
2.00447 0.566337
1.25643 1.75488
0.556456 2.78148
2.03095 0.503701
1.36729 1.47135
2.07596 0.411737
1.92814 0.76056
2.02128 0.526027
1.61912 1.07595
1.74497 1.05866
1.22086 1.81347
1.23861 1.78692
2.10845 0.359668
0.512772 2.96581
1.95319 0.695394
0.964731 1.96611
1.77105 1.04112
0.725118 2.64647
1.5351 1.116
2.15493 0.308622
1.85418 0.927154
1.43609 1.28631
1.79306 1.01975
1.97994 0.62795
1.31671 1.61326
0.502337 3.02102
1.44682 1.26119
0.88504 2.18769
0.87353 2.22788
1.30299 1.64916
0.633214 2.67603
1.28981 1.68195
1.55707 1.09763
1.88846 0.854535
1.9184 0.784933
1.58417 1.08391
1.81047 0.99831
1.37834 1.43986
1.05282 1.87818
1.3436 1.53886
1.00452 1.9075
1.89935 0.830776
2.05565 0.450651
0.82493 2.39967
2.18033 0.291735
0.787065 2.52042
1.87803 0.878732
0.799812 2.48255
1.48708 1.18066
1.33122 1.5736
1.90883 0.8069
1.94508 0.717572
2.20459 0.281764
1.84048 0.95212
1.27309 1.72043
1.20042 1.83756
0.764498 2.57819
0.853308 2.30036
0.836002 2.36074
0.915613 2.08885
0.94711 2.00472
0.863396 2.26403
1.47385 1.20568
0.906093 2.11808
1.42443 1.31507
0.983475 1.93407
1.39032 1.40612
2.1216 0.342469
0.745168 2.61788
1.96334 0.670567
2.08575 0.394631
1.86603 0.902718
0.846292 2.32567
1.40145 1.37543
0.777277 2.54703
