0.732367 0.33771 1.24375
1.19697 0.222148 0.472573
1.06311 0.248491 0.915764
0.537271 0.132138 2.43832
0.540889 1.21603 0.0890786
1.02337 0.452555 0.136024
0.0390885 3.76016 0.117597
0.166672 0.156415 3.66313
0.631153 1.15707 0.0327219
0.329463 0.713809 1.85243
0.227563 1.06975 1.54472
0.262846 1.96746 0.103572
0.310999 0.848857 1.54472
0.361328 1.83158 0.0325179
1.45318 0.0943184 0.405373
0.483686 1.26227 0.213083
0.204717 2.18675 0.114476
0.0684624 3.23817 0.0328455
0.0401201 0.710544 3.62551
0.149768 0.804252 2.43304
0.24864 0.455085 2.48356
0.450986 0.688397 1.28203
1.32418 0.032914 1.2438
0.215782 1.94101 0.473549
1.32845 0.104384 0.822487
0.341224 0.336451 2.44408
0.956548 0.555211 0.0833587
0.239803 0.93267 1.84409
0.855787 0.47297 0.790802
0.364241 1.35407 0.757308
1.81878 0.0327545 0.223217
1.19475 0.174419 0.814323
0.726313 0.721009 0.472582
0.917577 0.496625 0.370458
1.51437 0.161127 0.0326818
1.70575 0.0327393 0.611344
0.41485 1.31821 0.48326
1.18218 0.399597 0.0326783
0.295869 1.57477 0.691806
0.134167 2.52437 0.127213
0.330807 1.68468 0.176198
0.314423 1.31924 1.13414
0.627697 0.400286 1.31785
0.219871 1.24249 1.28443
0.130791 2.3722 0.40624
0.790885 0.0331122 2.43791
0.157037 0.524383 2.86364
1.01654 0.380534 0.421716
0.391731 0.652303 1.62927
0.825789 0.723594 0.0847365
0.133307 1.46516 1.43511
0.722154 0.262627 1.41818
1.12284 0.27926 0.460843
0.839162 0.121237 1.72015
0.379727 0.145595 2.94636
0.0670901 3.11578 0.0605162
0.364976 0.926492 1.23948
0.241371 2.22693 0.0326722
1.09452 0.3631 0.19132
0.520128 0.512588 1.39554
0.796563 0.66147 0.325433
0.985095 0.110278 1.29106
0.884656 0.612461 0.137708
0.617105 0.966345 0.268814
0.139266 1.63703 1.24013
0.925855 0.339676 1.03568
0.510789 1.11946 0.423409
0.420197 0.517644 1.95248
0.447594 1.09494 0.915764
0.446852 1.42582 0.0958046
0.667918 0.83147 0.407099
0.75961 0.786493 0.138848
0.290476 1.03738 1.28305
0.678299 0.215225 1.88135
0.577069 1.06699 0.209484
1.24389 0.279795 0.0809932
0.701851 0.913676 0.0863988
1.47018 0.13915 0.0807589
1.34561 0.152681 0.329719
0.761573 0.589183 0.79534
1.37997 0.187802 0.0807589
1.23972 0.247048 0.183045
1.9915 0.0327774 0.0327127
0.227644 1.73177 0.881046
0.353242 0.242462 2.5859
0.0496465 0.0431404 5.19103
0.063869 0.0331032 5.19103
0.13851 2.19553 0.712795
0.564717 0.909721 0.759385
0.833899 0.567015 0.495108
0.578615 0.544552 1.23744
0.273925 1.75328 0.410835
0.270436 0.258807 3.04707
0.524267 0.323304 2.145
0.366135 1.56223 0.208203
0.873065 0.184504 1.27748
1.44384 0.0327428 1.22869
1.58951 0.0874771 0.0875306
0.562015 0.377967 1.67334
0.145452 1.27914 1.74973
