0.268433 1.94377 0.107139
0.533633 1.13207 0.260702
0.0406263 2.15529 1.4248
0.342488 0.333165 2.44495
0.378589 1.51307 0.235899
0.50577 0.972709 0.91566
0.0401967 2.04283 1.64453
0.0396257 1.89334 1.99999
0.0403651 2.08693 1.54981
0.167309 0.162127 3.65345
0.31325 0.0327133 3.76679
0.93851 0.507565 0.242941
0.128706 1.4559 1.49493
0.146783 1.19845 1.95957
0.632035 0.99646 0.144224
0.0426448 2.68371 1.17821
0.331642 1.68296 0.174892
0.157363 0.510737 2.91286
0.121336 2.83668 0.0325496
0.826316 0.723971 0.0833125
1.27376 0.162534 0.552276
0.759223 0.59238 0.795173
0.465388 1.12889 0.698807
0.560626 0.38004 1.67186
0.0411031 2.28011 1.28077
0.715957 0.891715 0.0845992
0.615887 1.19281 0.0326002
1.02425 0.453741 0.131119
1.05728 0.526736 0.0326596
0.290456 1.03636 1.2841
0.844503 0.474411 0.840952
0.222823 1.13751 1.42289
0.310633 0.831531 1.59804
0.165362 0.0330356 4.77069
0.0397909 1.9366 1.8969
1.02252 0.107588 1.25247
0.653346 0.032958 2.76915
0.274056 2.11188 0.0325501
1.46539 0.141498 0.0807561
1.27675 0.0327046 1.29697
0.0392325 1.79041 2.2164
1.00961 0.316424 0.790526
0.953517 0.407887 0.595709
0.490071 1.27949 0.154781
1.24362 0.279746 0.0814752
1.43472 0.0960326 0.460782
0.415165 1.31882 0.479281
0.388676 0.15074 2.85098
1.73248 0.0728741 0.0327007
0.239541 0.933497 1.84376
0.237388 0.468762 2.49653
0.44558 1.42926 0.0955087
0.726381 0.720966 0.472364
0.520413 0.512778 1.39394
1.19146 0.254656 0.307643
0.137773 1.60855 1.25217
1.66711 0.0327585 0.757516
1.37199 0.251548 0.03261
0.384675 0.700784 1.51683
0.571431 0.920553 0.680467
0.130739 2.42182 0.307916
0.757689 0.767509 0.184502
0.140755 2.13762 0.818555
0.0496957 0.0430802 5.19103
0.0456266 3.4643 0.0389116
0.212341 1.95909 0.46332
0.351635 1.4838 0.486965
0.456689 0.130783 2.61058
0.228231 1.72878 0.882961
0.772385 0.919315 0.0325271
0.397292 1.70393 0.0327251
0.381051 0.881301 1.24268
0.0395074 0.0617891 5.19103
0.739661 0.265418 1.35262
0.435396 0.677731 1.34009
0.29752 1.53288 0.790526
0.524368 0.323084 2.14541
0.462156 0.54438 1.57732
0.139114 0.690651 2.54298
0.8382 0.121886 1.71941
0.204104 2.19151 0.112304
1.12811 0.235402 0.704407
1.81477 0.0327856 0.230309
0.273531 0.272721 2.94726
0.0400062 1.99297 1.76062
0.821994 0.553728 0.615431
0.808506 0.0326434 2.436
1.09524 0.363316 0.188432
1.55604 0.0893545 0.135642
0.88417 0.612068 0.139823
0.346735 0.629224 2.02843
0.5375 0.132113 2.43822
1.99004 0.032812 0.0327126
0.602947 0.742159 1.05981
1.30891 0.20047 0.183027
0.623424 0.424986 1.2841
0.668272 0.830958 0.406862
0.283395 1.7164 0.423325
0.679234 0.215347 1.87552
0.869722 0.183258 1.28528
