0.122167 0.126835 4.64307
0.0696478 1.91001 1.19268
0.363812 0.289774 2.39008
0.444833 0.148648 2.829
0.658464 0.391172 1.30523
0.680839 0.340641 1.62515
0.506089 0.562615 1.80831
0.000603639 2.0558 5.8458
0.79438 0.232582 1.51814
0.92883 0.148594 1.22791
0.377542 0.808015 1.62718
0.00465505 1.41194 2.6868
0.569808 0.520341 1.22582
0.290346 1.01298 1.54116
0.000855878 2.2754 5.147
0.163825 1.46999 1.1927
0.984713 0.0957776 1.52493
0.0708781 1.83922 1.39858
0.763057 0.288558 1.21838
1.01728 0.000558126 5.54176
1.18848 0.000462045 4.44192
0.227818 1.1942 1.45179
0.30601 1.03996 1.19271
0.246348 1.12353 1.60137
1.08784 0.0478103 1.52491
0.196649 0.591445 2.39008
0.705462 0.3497 1.21856
0.625145 0.0529363 2.39008
0.247172 0.412075 2.89513
0.21474 0.510311 2.53993
0.421846 0.703421 1.85371
0.155353 1.39117 1.9142
0.0798768 1.74732 1.72148
0.21215 1.27646 1.24515
0.411142 0.764585 1.36582
0.141762 0.722972 2.40404
0.259436 0.45446 2.39163
0.326056 0.325996 2.44255
0.00994477 0.00993694 5.99923
0.584709 0.0649869 2.45536
0.50029 0.125942 2.4422
0.000704439 2.54816 1.97084
0.633027 0.434163 1.22731
0.91076 0.124816 1.99876
0.492445 0.641809 1.22685
0.177705 0.547163 3.05261
0.000733367 2.6982 1.19285
0.618401 0.411892 1.69423
0.321637 0.968085 1.28635
0.760652 0.255087 1.69887
0.385421 0.240893 2.47091
0.0897746 0.814492 2.98797
0.445242 0.191825 2.39008
0.0754682 0.972582 2.39026
0.653929 0.421916 1.19268
0.834126 0.193137 1.63297
0.396798 0.835702 1.19272
0.557575 0.496034 1.64358
0.190738 0.0891903 3.70558
0.454913 0.679351 1.41694
0.364209 0.858278 1.38289
0.902381 0.176543 1.19268
0.591477 0.476809 1.30498
0.723965 0.321441 1.26446
0.286418 0.364542 2.63836
0.964587 0.118995 1.30557
0.0884013 1.66997 2.06132
0.139239 1.49132 1.52607
0.103632 0.194635 4.03781
0.340252 0.250049 3.15061
0.0923985 0.276357 3.5858
1.04959 0.0780689 1.22791
0.485754 0.616892 1.50185
1.15841 0.0388914 1.1926
0.265674 1.09805 1.36393
0.358966 0.894509 1.2342
0.000884924 2.3506 4.2066
0.879968 0.172157 1.3532
1.23289 0.000459686 3.32269
1.03749 0.0906571 1.19264
0.536273 0.58652 1.19272
0.0810763 0.889251 2.61005
0.726666 0.291578 1.62533
1.36779 0.000492949 1.19272
1.02119 0.0641566 2.01501
0.123494 1.60195 1.25137
1.27483 0.000482488 2.30308
0.536197 0.0767 2.85985
0.538279 0.539123 1.45231
0.179348 1.36243 1.36391
0.000715719 2.61153 1.46887
0.154308 0.646193 2.61113
0.256707 1.17083 1.19273
0.214429 0.0850666 3.58526
0.83696 0.220372 1.21838
0.445272 0.723438 1.22825
0.331914 0.909294 1.57734
0.809695 0.253731 1.19265
0.000688028 2.47058 2.84155
1.31935 0.000495213 1.52195
