0.0629302 3.58005
0.00429212 3.89512
0.0712839 3.45503
1.36939 0.830832
0.35239 2.56405
0.0873182 3.26811
0.0438414 3.8653
0.0585031 3.64972
0.0671652 3.5151
0.0793086 3.35045
0.0490473 3.79429
0.0914338 3.23599
0.345113 2.63274
0.0832979 3.30628
0.814872 1.62348
0.0539175 3.72125
1.34197 0.99192
0.78314 1.81727
0.348727 2.59745
0.770561 1.93919
1.34886 0.939722
0.0956843 3.21035
0.304402 3.15866
1.36551 0.845917
0.306476 3.12827
0.790961 1.75377
0.743152 2.27549
1.30534 1.38567
0.800486 1.68989
0.803579 1.67251
0.748942 2.19765
0.775943 1.88418
1.32077 1.19758
0.310519 3.06997
1.35147 0.921958
0.391262 2.39
0.0753131 3.39996
0.312481 3.04175
0.768078 1.96592
0.751384 2.16577
0.826269 1.59745
0.100143 3.19193
0.316335 2.98733
1.35925 0.875767
0.780774 1.83839
0.000591204 3.94284
0.82103 1.60645
0.368535 2.45023
0.378805 2.40812
0.32739 2.83814
0.320083 2.93526
1.30926 1.33511
0.810748 1.63874
0.373097 2.4286
1.35644 0.8913
0.385201 2.39428
1.30116 1.44146
0.73796 2.34778
0.338016 2.70907
0.308504 3.09883
1.34653 0.956509
1.33778 1.02722
1.30326 1.41326
1.32356 1.16686
0.787435 1.78117
0.793607 1.73443
1.374 0.816313
0.76254 2.02848
1.38016 0.802745
1.36228 0.860512
0.330956 2.79305
1.2944 1.5356
0.356168 2.53239
1.33499 1.05267
1.3883 0.795095
0.764923 2.00108
0.334495 2.75002
1.32736 1.12671
1.29222 1.56701
0.754647 2.12416
0.364176 2.47542
0.323769 2.88554
1.29911 1.46955
0.107444 3.18055
0.341564 2.66983
0.760212 2.05593
1.29696 1.49946
1.33169 1.08343
0.796549 1.71442
0.807042 1.65506
0.757018 2.09466
1.31757 1.23406
1.31529 1.26102
0.74055 2.31144
0.778506 1.85946
0.360062 2.50294
1.31155 1.30645
0.832987 1.59329
0.745683 2.24108
0.773588 1.90774
