0.0778218 3.36897
0.00748117 3.89831
0.0726756 3.43628
0.0616561 3.60088
0.0522631 3.74746
0.0488932 3.79737
0.362256 2.48809
0.0555435 3.69694
0.0906135 3.24225
0.0452137 3.84855
0.0586872 3.64761
0.0752601 3.40142
0.0829132 3.31096
0.817678 1.61504
0.0673295 3.51353
0.0645492 3.55586
0.09604 3.20884
0.0854513 3.28559
0.0803723 3.33866
0.795771 1.71984
0.0700418 3.47357
0.309471 3.0855
0.00408254 3.93493
0.323595 2.88848
0.776456 1.87965
0.0933022 3.22407
0.365126 2.46981
0.749663 2.18884
0.812458 1.63224
0.35497 2.5425
0.746127 2.23573
0.370438 2.44083
0.336126 2.73136
0.307251 3.1177
0.334397 2.75176
0.772045 1.92414
0.806059 1.66005
0.317804 2.96732
0.34891 2.59601
0.325461 2.86381
0.764491 2.00657
0.36033 2.50136
0.372679 2.43052
0.744203 2.2618
0.782267 1.82543
0.088015 3.26266
0.33956 2.69227
0.337853 2.71147
0.357591 2.52161
0.327292 2.84004
0.381 2.40244
0.785006 1.80157
0.751393 2.16619
0.747891 2.21219
0.313738 3.02436
0.755041 2.11985
0.832157 1.5934
0.753095 2.14446
0.311621 3.05454
0.367231 2.45756
0.0988253 3.19673
0.3217 2.91392
0.792665 1.74147
0.31977 2.94019
0.3291 2.8169
0.353126 2.55801
0.821134 1.60638
0.304978 3.15085
0.736565 2.36826
0.77937 1.85183
0.762936 2.02446
0.343805 2.64664
0.825838 1.59811
0.332649 2.77281
0.391302 2.39004
0.758337 2.07919
0.386709 2.39249
0.767547 1.97226
0.742085 2.29097
0.101982 3.18707
0.804224 1.66934
0.814955 1.62342
0.107497 3.1806
0.376079 2.41712
0.341252 2.67371
0.774415 1.89979
0.756512 2.10154
0.800697 1.68895
0.761117 2.04579
0.346348 2.62083
0.330886 2.7945
0.315803 2.99526
0.808629 1.64802
0.740526 2.31335
0.738166 2.34543
0.350679 2.5805
0.78667 1.78774
0.798591 1.70169
0.789631 1.76414
0.770137 1.94423
