0.0960272 2.77627 0.000115441
0.380659 1.60003 0.298489
0.819816 0.745816 0.14667
0.129396 0.665287 3.17773
0.891229 0.654153 0.0856908
1.14747 0.37219 0.0511772
0.740334 0.870162 0.115633
1.44945 0.133353 0.374109
0.518889 1.29475 0.060281
0.482515 1.36022 0.165549
1.32908 0.231948 0.000237997
0.837831 0.228492 1.19246
0.139749 0.137562 3.92701
1.93319 0.000364597 0.383734
1.07734 0.451454 0.000254672
1.97869 0.0003447 0.000244958
1.41741 0.166883 0.0512044
0.506015 0.589795 1.43095
0.000803169 0.000729894 5.86424
0.412346 1.54886 0.060281
1.03204 0.482969 0.104429
0.859608 0.701624 0.0504546
0.673552 0.979538 0.150721
0.725363 0.311021 1.34502
0.185951 1.39042 1.19246
1.62075 0.0627953 0.181187
0.321921 1.77311 0.292396
0.624658 0.41584 1.48777
0.711017 0.927125 0.0554165
1.31236 0.000285697 1.69584
0.264364 1.14856 1.19248
1.67504 0.0532948 0.000191262
1.36629 0.000379151 1.19498
0.101885 1.72799 1.19504
0.796109 0.795293 0.0487047
0.480276 0.669047 1.2009
0.000601684 0.61452 4.36312
0.781297 0.262983 1.26649
0.216946 1.19053 1.8082
0.942796 0.593047 0.0511772
0.917187 0.1589 1.21478
1.28388 0.241017 0.304786
0.167676 2.39739 0.000112587
0.322957 0.322196 2.48729
0.000600378 3.8124 0.422394
0.46963 1.40729 0.0603984
1.56304 0.0748555 0.589284
0.543492 0.103956 2.38997
0.35969 0.240062 2.88474
0.423882 0.742162 1.34502
0.40705 0.813976 1.19247
1.05805 0.0792104 1.1933
0.986926 0.090821 1.62928
0.217231 0.542629 2.3902
0.000607425 1.60691 2.39447
0.478598 0.112007 2.98811
0.198105 1.28167 1.48148
1.00001 0.524988 0.0511772
0.21193 2.10668 0.77143
0.102508 2.67132 0.307557
0.603065 1.12114 0.0602809
0.000613086 3.90463 0.00041331
0.364431 1.67565 0.0717437
0.229871 0.456143 2.75268
0.423474 0.207038 2.40456
0.102579 0.254465 3.58501
0.762738 0.829547 0.163643
0.294226 1.00065 1.55193
0.255912 0.38244 3.19882
0.445283 1.43667 0.292263
1.1705 0.343219 0.164739
1.3443 0.196271 0.36889
0.239443 2.08094 0.0806161
0.580986 0.489477 1.31626
1.10842 0.411473 0.0374822
1.23005 0.308466 0.000241546
0.551543 1.22487 0.0602809
0.554669 0.557634 1.19247
0.000590676 2.69836 1.19409
0.268408 1.92653 0.446877
0.00054755 2.61379 1.49266
0.534055 0.532798 1.5972
0.221513 0.0775671 3.58501
0.96021 0.549897 0.292464
0.000669479 0.735428 3.59116
0.643344 1.04563 0.0550927
1.2734 0.266701 0.0374822
0.308139 1.84389 0.072503
0.120519 1.52848 1.92497
0.837425 0.184863 1.76096
0.340528 0.933431 1.23871
0.115731 2.54665 0.796641
0.108491 1.62914 1.47414
0.685426 0.380037 1.19438
1.23514 0.00027601 3.39264
0.186236 2.25668 0.276768
0.114087 0.824642 2.38997
0.578137 1.15363 0.178899
0.121301 0.729091 2.76654
1.52165 0.116249 0.000205408
