0.0875183 3.26638
0.328326 2.82609
0.00429418 3.89513
0.0594347 3.63526
0.313855 3.022
0.30467 3.15451
1.33792 1.02602
0.741596 2.29705
0.0931997 3.22433
1.95177 0.286324
0.0532936 3.73086
0.319732 2.94003
1.99368 0.0122736
0.345395 2.62982
0.0709395 3.46006
0.336817 2.72273
0.751733 2.16144
0.316809 2.98044
0.0764566 3.38523
1.96534 0.16192
0.0652774 3.54379
0.333983 2.75608
1.99976 0.000472558
0.791785 1.74762
0.325484 2.86281
0.31085 3.06493
0.33115 2.79056
0.363891 2.47711
0.374923 2.42114
0.357398 2.5228
1.93222 0.519426
0.307799 3.10894
0.342503 2.65972
0.824493 1.59995
1.94215 0.39346
1.29309 1.55449
0.360586 2.49918
1.38952 0.794956
1.30885 1.34021
1.93512 0.480953
0.832992 1.5933
1.91615 0.752563
1.32944 1.10544
0.0467695 3.82652
0.756024 2.1071
0.0819685 3.32031
0.107442 3.18054
1.91883 0.711371
1.9286 0.568743
0.391256 2.38999
0.73864 2.33834
1.98761 0.0312229
0.339649 2.69067
0.787007 1.78466
1.29705 1.49812
1.30491 1.39128
1.30119 1.44104
1.98262 0.0522091
0.351268 2.57387
1.94693 0.33836
0.322616 2.90085
0.748876 2.19864
0.812054 1.6336
0.367372 2.45647
1.95694 0.235116
1.35595 0.894112
0.760296 2.05501
0.818363 1.61597
0.767334 1.97417
0.797269 1.70976
0.777684 1.86734
0.354286 2.5477
1.96898 0.134203
0.771767 1.92657
1.34738 0.950308
1.34252 0.987941
0.00073072 3.94111
1.97844 0.073597
1.97475 0.095237
1.31304 1.2882
1.93746 0.451056
1.37421 0.815724
1.33363 1.06485
0.744502 2.25714
1.36743 0.838124
1.37969 0.803523
1.962 0.189501
1.92352 0.641396
1.35232 0.916447
1.32538 1.14729
1.32118 1.19295
1.362 0.86177
0.78228 1.82492
0.383911 2.39628
0.807323 1.65376
0.099153 3.19526
0.802809 1.67679
0.763182 2.0211
1.31669 1.24438
0.348305 2.60128
