0.45485 0.192372 2.58037
0.406393 0.278098 2.40935
0.568274 0.0999957 2.6487
0.045948 1.28494 2.45444
0.278985 0.475283 2.43186
0.131675 0.192714 4.88011
0.367533 0.259138 3.23999
0.621688 0.0709679 2.58522
0.59654 0.0902631 2.50059
0.435126 0.228475 2.44824
0.121141 0.36512 4.14733
0.148769 0.770868 2.57642
0.392837 0.243195 2.8913
0.713729 0.0538472 2.41763
0.0453997 1.24935 2.62767
0.563326 0.0888145 3.14644
0.36769 0.293736 2.62004
0.135754 0.766772 2.9361
0.0920297 0.93014 2.87077
0.137665 0.835552 2.43901
0.201524 0.649036 2.42973
0.172277 0.23026 3.99023
0.68763 0.047063 2.8529
0.257784 0.516999 2.43184
0.121373 0.863158 2.63433
0.164172 0.754979 2.43698
0.170091 0.667766 2.89618
0.55461 0.117994 2.50057
0.0836317 0.0833133 5.92793
0.311993 0.355118 2.93566
0.153013 0.696508 3.21648
0.723199 0.0458107 2.54469
0.0506597 1.27578 2.41437
0.436546 0.20555 2.68707
0.398873 0.287637 2.40959
0.250063 0.129221 4.0445
0.12312 0.375524 3.96183
0.216344 0.591692 2.47175
0.320874 0.394103 2.42866
0.222566 0.518853 3.06986
0.105293 0.945806 2.43649
0.209802 0.208499 3.74406
0.258747 0.471706 2.81111
0.581242 0.108396 2.42903
0.600469 0.0758794 2.74611
0.516921 0.124554 3.03429
0.0468319 1.13375 3.56863
0.346421 0.300523 2.97017
0.358228 0.3234 2.48665
0.226555 0.546383 2.61545
0.233307 0.563692 2.43305
0.242509 0.517947 2.56872
0.416518 0.230857 2.6442
0.22013 0.131195 4.75949
0.314757 0.379689 2.57413
0.529006 0.0988972 3.47753
0.484004 0.19008 2.40923
0.492025 0.169304 2.47058
0.410114 0.255084 2.47115
0.0844104 1.04169 2.44416
0.048413 1.12345 3.56556
0.377089 0.301493 2.44962
0.129593 0.802914 2.78347
0.191602 0.627121 2.69796
0.0980619 0.88342 3.08974
0.113675 0.906259 2.51188
0.486451 0.119079 4.02152
0.300664 0.404522 2.56228
0.2655 0.431951 3.10685
0.11267 0.791662 3.54349
0.0460259 1.21801 2.81082
0.650435 0.0674151 2.43107
0.157875 0.328346 3.6468
0.491476 0.154944 2.64755
0.506225 0.138494 2.78054
0.474043 0.170605 2.64751
0.526457 0.150169 2.42313
0.1703 0.711568 2.50366
0.21344 0.545025 2.99243
0.205896 0.236245 3.64622
0.350415 0.347935 2.42947
0.292918 0.434185 2.50924
0.246099 0.492318 2.78428
0.322566 0.321632 3.23874
0.455209 0.220225 2.40894
0.204455 0.585146 2.88391
0.228458 0.167088 3.93468
0.391134 0.267821 2.5591
0.185265 0.690936 2.43632
0.33833 0.338532 2.62137
0.261414 0.149662 3.65275
0.750183 0.0450782 2.41966
0.163948 0.279789 3.81839
0.0878065 0.976351 2.68963
0.285269 0.400938 2.91526
0.331605 0.35878 2.52684
0.450435 0.179713 2.87221
0.474283 0.199826 2.40882
0.419591 0.203433 3.04096
0.272561 0.461543 2.58056
