0.0868529 3.31576
0.065625 3.60825
0.0840004 3.34538
0.0895169 3.28778
0.0811584 3.37943
0.0386467 3.92947
0.0613075 3.67109
0.0721589 3.50308
0.0783059 3.41653
0.745537 2.25149
0.758764 2.08103
0.318458 2.96672
0.0752615 3.45803
0.793848 1.73791
0.0690397 3.55015
0.320494 2.93848
0.0923719 3.26266
0.76036 2.0617
0.347957 2.61098
0.304968 3.15969
0.826484 1.59862
0.10393 3.19628
0.0951392 3.24135
0.0583335 3.71903
0.342719 2.6644
0.0374797 3.93218
0.307373 3.1246
0.36536 2.47217
0.1009 3.20792
0.813415 1.63123
0.763617 2.02331
0.769468 1.95773
0.360528 2.50443
0.10701 3.18848
0.766532 1.99007
0.740676 2.31843
0.753765 2.14324
0.38079 2.40482
0.75703 2.10233
0.311986 3.05805
0.738989 2.34209
0.776736 1.88267
0.309715 3.09074
0.391837 2.39057
0.805248 1.66739
0.785319 1.80411
0.78665 1.7929
0.322506 2.91131
0.765018 2.00724
0.791495 1.75464
0.755436 2.12236
0.789625 1.76895
0.762037 2.04175
0.768027 1.97342
0.328303 2.83458
0.369672 2.44793
0.0980604 3.22238
0.81921 1.61286
0.750376 2.18703
0.372983 2.43212
0.367431 2.46005
0.781047 1.8418
0.33384 2.76558
0.386543 2.39384
0.809132 1.64871
0.811547 1.63846
0.773897 1.91109
0.737044 2.36999
0.772446 1.92607
0.355019 2.54718
0.335651 2.74413
0.330161 2.81112
0.324481 2.88482
0.770986 1.94143
0.362429 2.4911
0.742843 2.28833
0.332021 2.78775
0.346212 2.62822
0.778202 1.86849
0.377276 2.41556
0.357267 2.52898
0.344473 2.64591
0.326405 2.85933
0.815826 1.62286
0.832673 1.59395
0.111327 3.18443
0.798656 1.70519
0.314193 3.02657
0.337445 2.72317
0.7476 2.22373
0.340961 2.68342
0.801904 1.68563
0.350582 2.5861
0.316341 2.9963
0.35235 2.57013
0.783143 1.82293
0.75211 2.16449
0.339202 2.70296
0.795552 1.72555
0.822728 1.60478
