0.234 0.427896 3.09938
0.211174 0.482867 2.95513
0.318819 0.295912 2.94944
0.718201 0.0372873 2.40639
0.0623852 0.427267 3.60356
0.675983 0.0522606 2.40587
0.298299 0.380479 2.41184
0.199829 0.561058 2.47165
0.150603 0.698009 2.41845
0.452091 0.186241 2.39101
0.569828 0.0839624 2.48418
0.279239 0.411787 2.41343
0.0466615 0.109513 4.79566
0.25406 0.430536 2.58596
0.436939 0.180033 2.50097
0.291628 0.353163 2.73358
0.265364 0.401507 2.67983
0.0104562 1.47748 2.39474
0.337837 0.253902 3.17545
0.351268 0.301268 2.41
0.42476 0.17521 2.74851
0.520482 0.119036 2.40495
0.188079 0.0964575 3.75538
0.225277 0.466782 2.79585
0.0868307 0.907023 2.57725
0.237032 0.491791 2.41425
0.531714 0.082114 3.15187
0.362554 0.278742 2.43544
0.35523 0.233944 3.12008
0.0129929 1.2215 4.01256
0.261383 0.445222 2.41179
0.49699 0.107493 2.82775
0.0113782 1.32923 3.05536
0.13744 0.672163 2.88634
0.352189 0.26465 2.66924
0.406605 0.203829 2.62986
0.267079 0.379525 2.90687
0.118649 0.200212 3.73502
0.485905 0.123936 2.68242
0.0481769 0.0484322 6.00425
0.153518 0.608945 3.10399
0.0756567 0.298399 4.01161
0.329374 0.321018 2.47019
0.277031 0.348481 3.14505
0.0116911 1.25142 3.87499
0.0670864 0.932205 3.12726
0.104814 0.7752 2.95453
0.472658 0.145382 2.50145
0.113486 0.243549 3.58895
0.61428 0.0382279 3.87447
0.495705 0.138282 2.41028
0.241053 0.467853 2.49192
0.0517194 1.07187 2.54223
0.155164 0.105236 4.30562
0.318923 0.347025 2.41173
0.0810266 0.249963 4.21827
0.376614 0.236094 2.63383
0.115768 0.777667 2.56147
0.388388 0.237865 2.46908
0.106418 0.849747 2.41656
0.18816 0.601621 2.41347
0.296672 0.323144 3.02461
0.20672 0.51362 2.67832
0.0807506 0.971913 2.42513
0.285992 0.37372 2.58198
0.387216 0.226274 2.62986
0.221589 0.506678 2.4939
0.164281 0.141212 3.62781
0.17132 0.584597 2.87333
0.636972 0.0611426 2.46199
0.0554479 1.02584 2.68971
0.563906 0.0716508 2.84014
0.0134313 1.43158 2.39472
0.400216 0.244367 2.39077
0.0490382 1.11751 2.42101
0.130405 0.760915 2.41755
0.138703 0.71296 2.50772
0.151918 0.650771 2.67379
0.120271 0.700142 3.20825
0.191118 0.521352 3.04005
0.13209 0.16001 3.97623
0.340743 0.283065 2.63384
0.171029 0.636572 2.44339
0.521253 0.0963936 2.68242
0.447507 0.146705 2.89246
0.458548 0.126542 3.13513
0.218746 0.543579 2.39085
0.30926 0.336155 2.58198
0.456425 0.168084 2.45324
0.0695944 0.351353 3.58912
0.603589 0.0666646 2.64953
0.419247 0.209152 2.43073
0.125211 0.729133 2.6928
0.185438 0.562529 2.73425
0.222225 0.088831 3.59106
0.0608479 0.986428 2.88602
0.0105691 1.39153 2.66585
0.0948283 0.83723 2.69755
0.519977 0.108145 2.50561
0.589113 0.0814017 2.4104
