0.0690506 3.49663
0.075007 3.41261
0.0283768 3.91921
0.0721331 3.45206
0.0859709 3.28589
0.0778354 3.37611
0.0887336 3.26132
0.0970476 3.20686
0.0805581 3.34343
0.0832993 3.31318
0.103233 3.18591
0.0641043 3.57765
0.0943137 3.22184
0.386079 2.39423
0.786417 1.79489
0.382381 2.4007
0.0914795 3.24005
0.0662708 3.53845
0.767507 1.97901
0.751456 2.17281
0.100102 3.19453
0.79767 1.71141
0.363116 2.48585
0.806118 1.66292
0.815722 1.62313
0.371472 2.43851
0.749729 2.19512
0.320691 2.93418
0.753126 2.15107
0.761523 2.04751
0.355695 2.54067
0.314519 3.02033
0.312347 3.05109
0.763383 2.02572
0.353921 2.55563
0.759795 2.06836
0.818414 1.61497
0.361186 2.49891
0.784049 1.81474
0.318668 2.96204
0.77045 1.94683
0.740212 2.32469
0.747358 2.22682
0.790586 1.76127
0.754794 2.12987
0.742094 2.2985
0.74549 2.25186
0.307837 3.11613
0.322688 2.90724
0.346083 2.62842
0.357498 2.52628
0.743993 2.27236
0.77344 1.91545
0.826374 1.59861
0.344351 2.64623
0.776351 1.88637
0.787828 1.78298
0.811036 1.6404
0.832623 1.59394
0.330228 2.8088
0.352163 2.57093
0.771907 1.93143
0.335633 2.74303
0.769029 1.9623
0.32652 2.85646
0.793593 1.73903
0.377679 2.41357
0.795255 1.72736
0.0267031 3.92626
0.737852 2.35795
0.342614 2.66435
0.324598 2.88157
0.801226 1.68937
0.7577 2.09362
0.337394 2.72232
0.821742 1.60672
0.374137 2.42674
0.808635 1.65081
0.779844 1.85278
0.803362 1.67725
0.391742 2.39048
0.333847 2.76419
0.305477 3.15066
0.310133 3.08324
0.350411 2.58681
0.359333 2.51235
0.107984 3.18109
0.340888 2.68314
0.813246 1.63173
0.332064 2.78606
0.78209 1.8322
0.777849 1.87176
0.347802 2.61142
0.339151 2.70243
0.369232 2.44957
0.367122 2.4612
0.328392 2.83209
0.766022 1.99566
0.316635 2.99051
0.365085 2.47329
