0.0265564 3.91739
0.054953 3.72165
0.0765937 3.39566
0.0738457 3.43234
0.0708784 3.47385
0.0584568 3.66468
0.0902243 3.25069
0.0617001 3.61362
0.0648972 3.5637
0.0929748 3.23093
0.0874936 3.27348
0.79376 1.73838
0.0956436 3.21491
0.0986937 3.2004
0.0847812 3.29906
0.306311 3.13967
0.0679561 3.51699
0.079347 3.35891
0.0512814 3.77556
0.101715 3.19006
0.0473779 3.83241
0.796835 1.71723
0.0819975 3.32833
0.360802 2.50236
0.742479 2.29408
0.344879 2.6416
0.786402 1.79537
0.325205 2.87475
0.356211 2.53726
0.798402 1.70701
0.815714 1.62335
0.805164 1.66801
0.790576 1.76198
0.310863 3.07369
0.366646 2.4645
0.0249932 3.92372
0.773562 1.91502
0.787851 1.78346
0.764474 2.01395
0.323288 2.90026
0.319328 2.95415
0.358898 2.51629
0.751419 2.17404
0.313101 3.04161
0.354434 2.55193
0.759624 2.07112
0.784948 1.80755
0.339691 2.69728
0.761524 2.0484
0.351861 2.57518
0.381392 2.40332
0.826503 1.59857
0.308596 3.10644
0.749674 2.19686
0.327093 2.85003
0.772201 1.92913
0.748026 2.21868
0.321353 2.9264
0.809049 1.6493
0.807243 1.65782
0.813298 1.63186
0.34315 2.65976
0.368736 2.45281
0.832794 1.59398
0.767478 1.97986
0.315134 3.01274
0.337928 2.71727
0.756388 2.11082
0.800662 1.69355
0.341409 2.67834
0.330827 2.80242
0.347446 2.61581
0.334398 2.7587
0.821858 1.6066
0.108144 3.18125
0.371253 2.44003
0.336175 2.7376
0.776423 1.8861
0.740306 2.32419
0.332599 2.78096
0.780653 1.84586
0.317309 2.98217
0.328964 2.82596
0.758147 2.08909
0.754795 2.13082
0.753107 2.15229
0.81849 1.61493
0.782813 1.82642
0.744057 2.27228
0.803395 1.6775
0.738153 2.3545
0.778108 1.86971
0.746183 2.2434
0.363532 2.48375
0.770497 1.94714
0.350048 2.59095
0.377104 2.41593
0.386335 2.39411
0.391839 2.39058
0.374518 2.42561
