0.0821257 0.0913888 4.81365
0.462697 0.154917 2.50611
0.184461 0.553966 2.82479
0.0613255 1.04586 2.42819
0.0247672 1.20953 3.66374
0.721684 0.00819066 2.82305
0.667455 0.0317487 2.41412
0.407697 0.199816 2.63796
0.666349 0.00839531 3.91512
0.259058 0.42106 2.56569
0.619146 0.053305 2.41103
0.503116 0.133016 2.40562
0.298335 0.323575 2.95418
0.170794 0.626648 2.50792
0.0991448 0.835377 2.57363
0.426276 0.191609 2.50504
0.198396 0.530908 2.73215
0.166803 0.655339 2.41675
0.119696 0.797447 2.41582
0.596924 0.0439128 2.85318
0.22525 0.0975036 3.59688
0.2816 0.3482 3.00527
0.0970863 0.223853 4.3153
0.39116 0.229023 2.52923
0.270612 0.439868 2.39095
0.476017 0.121127 2.86231
0.242903 0.493326 2.39119
0.0844274 0.843589 3.06946
0.529008 0.0642434 3.48201
0.450382 0.150029 2.75345
0.298033 0.355979 2.56069
0.536115 0.0888716 2.58411
0.32518 0.309659 2.60906
0.379578 0.251888 2.45712
0.563414 0.0530986 3.15287
0.379322 0.210765 3.03176
0.107485 0.781727 2.76119
0.573869 0.0652325 2.61926
0.186267 0.118077 3.77268
0.167099 0.576115 3.09898
0.0257938 1.19939 3.65033
0.416296 0.216148 2.41112
0.374461 0.277459 2.39091
0.125317 0.74862 2.5525
0.22311 0.519435 2.41431
0.637689 0.0354332 2.57821
0.224991 0.456853 2.90554
0.763747 0.0100614 2.39359
0.536947 0.0779806 2.84466
0.400566 0.243779 2.39096
0.248136 0.457633 2.46318
0.0244945 1.40321 2.40292
0.221607 0.0734746 3.88086
0.144634 0.615468 3.40804
0.147396 0.703247 2.45059
0.445151 0.18156 2.4319
0.138017 0.181615 3.81392
0.409574 0.175458 3.06047
0.313323 0.296413 3.04741
0.308192 0.364155 2.40887
0.372409 0.239897 2.65889
0.174936 0.158626 3.59751
0.0274502 0.971365 5.81651
0.0764177 0.904261 2.96364
0.335962 0.267514 2.97444
0.0321224 1.31467 2.40198
0.205114 0.558614 2.41671
0.0678244 0.969461 2.64284
0.192004 0.583599 2.4466
0.580881 0.0748971 2.41102
0.653909 0.00975788 4.01267
0.778076 0.0081729 2.39392
0.550807 0.10043 2.3911
0.155418 0.620735 2.91196
0.358817 0.259171 2.63811
0.204829 0.494408 3.04148
0.246913 0.401284 3.09406
0.27572 0.416826 2.41225
0.276092 0.379688 2.6802
0.355688 0.229141 3.22148
0.238775 0.436968 2.81822
0.234884 0.464842 2.60074
0.499416 0.0944827 3.10788
0.132243 0.222585 3.60495
0.181505 0.086236 4.50311
0.0904382 0.90012 2.42384
0.521206 0.105196 2.51381
0.0550381 0.0548753 6.0066
0.138146 0.690652 2.68342
0.336384 0.320325 2.413
0.152981 0.138754 4.09231
0.511872 0.118322 2.44979
0.0243288 1.21762 3.63113
0.0883217 0.278612 3.92356
0.319977 0.331028 2.48909
0.0841258 0.350549 3.59924
0.119874 0.72059 2.96121
0.345881 0.2943 2.47094
0.47542 0.140107 2.59046
0.476706 0.162488 2.39104
