0.06651 3.66569
0.0794707 3.44474
0.0880905 3.33365
0.073525 3.55598
0.0909226 3.30395
0.10224 3.21749
0.0993253 3.23432
0.0632958 3.71601
0.0432399 3.93407
0.0964541 3.25514
0.0937073 3.27734
0.0702359 3.60706
0.0852337 3.3666
0.0763065 3.48653
0.392467 2.3912
0.0823751 3.40235
0.108334 3.19428
0.757238 2.09907
0.755696 2.1183
0.766691 1.98761
0.105228 3.20407
0.323177 2.91183
0.365221 2.47759
0.758817 2.07966
0.309123 3.10949
0.809096 1.64859
0.805526 1.66564
0.778675 1.86354
0.1141 3.1872
0.822559 1.6049
0.35047 2.59371
0.31804 2.98236
0.306718 3.14441
0.769666 1.95505
0.342533 2.67368
0.781161 1.84032
0.8003 1.69468
0.325152 2.88532
0.741194 2.31043
0.775357 1.89593
0.313684 3.04377
0.748874 2.20619
0.32707 2.85981
0.789598 1.76867
0.319086 2.96773
0.801943 1.68506
0.791043 1.75765
0.336349 2.74389
0.0417944 3.93917
0.373955 2.43128
0.344326 2.65449
0.771128 1.93938
0.826372 1.59854
0.752321 2.16108
0.363263 2.4904
0.762954 2.03047
0.764348 2.01425
0.819238 1.61263
0.777012 1.87947
0.32115 2.93928
0.311446 3.07593
0.329006 2.835
0.339027 2.71266
0.332747 2.78792
0.815814 1.62269
0.746446 2.23859
0.794711 1.73091
0.811245 1.63942
0.315885 3.01254
0.75402 2.13933
0.786715 1.79191
0.832621 1.5939
0.813434 1.63094
0.369349 2.45353
0.760682 2.05734
0.347855 2.61911
0.743112 2.28397
0.76818 1.97118
0.783995 1.81505
0.352279 2.57753
0.340822 2.69242
0.387735 2.39381
0.378279 2.41471
0.330871 2.81103
0.792961 1.74345
0.361331 2.50378
0.346047 2.6367
0.359479 2.51751
0.3716 2.44229
0.797153 1.7145
0.382132 2.40367
0.737254 2.36587
0.357606 2.53176
0.36727 2.46532
0.744984 2.25842
0.739268 2.33746
0.33457 2.76514
0.750613 2.18326
0.772548 1.92455
0.35488 2.55412
