0.086403 0.0881747 4.81492
0.244813 0.123937 3.61981
0.180557 0.157442 4.10265
0.169397 0.580661 2.90778
0.365302 0.234808 2.91489
0.372425 0.273536 2.4053
0.490983 0.147759 2.40551
0.569322 0.0601506 2.81333
0.326043 0.326778 2.45357
0.717741 0.0306673 2.40124
0.748232 0.0256307 2.4205
0.361519 0.258916 2.62108
0.189685 0.610884 2.39098
0.108995 0.826806 2.42054
0.147178 0.624409 3.11067
0.547719 0.0878438 2.50093
0.283363 0.405239 2.41177
0.209829 0.105488 4.53904
0.304574 0.318713 2.91454
0.10497 0.439521 3.63655
0.235353 0.471915 2.53639
0.0502675 1.06912 5.56028
0.570525 0.0852975 2.40954
0.218219 0.528084 2.4241
0.433643 0.168717 2.72703
0.338591 0.269585 2.91454
0.115514 0.287121 3.97076
0.190536 0.514322 3.12884
0.117823 0.767649 2.55687
0.132441 0.685077 2.87175
0.516508 0.0923047 2.85287
0.269295 0.442165 2.39113
0.27282 0.358408 3.12337
0.0506763 1.28432 3.00831
0.183822 0.566904 2.68143
0.200473 0.178094 3.61981
0.303592 0.350121 2.54888
0.545998 0.0663427 3.04816
0.131786 0.772513 2.39122
0.601537 0.051542 2.5854
0.515573 0.077425 3.39697
0.268021 0.390194 2.73153
0.0906129 0.867812 2.53637
0.312279 0.370131 2.39151
0.153414 0.646693 2.66326
0.512647 0.113678 2.50101
0.156964 0.24092 3.62957
0.457456 0.162092 2.49704
0.123209 0.728902 2.72114
0.416864 0.218241 2.41015
0.24915 0.4687 2.41266
0.213293 0.474374 2.99893
0.444813 0.187962 2.40651
0.0975458 0.786176 3.17442
0.199451 0.542658 2.56963
0.465722 0.147332 2.58011
0.64722 0.0262946 3.47631
0.245315 0.444854 2.61188
0.0851523 0.900016 2.48332
0.38274 0.253928 2.43294
0.168758 0.621236 2.54448
0.212113 0.136919 3.78403
0.285803 0.37628 2.57096
0.601488 0.0667365 2.40968
0.109642 0.313539 3.8518
0.225144 0.443025 3.09356
0.485727 0.127259 2.62145
0.209673 0.505571 2.70413
0.249022 0.424058 2.76619
0.340373 0.315989 2.41088
0.250719 0.0936096 3.89586
0.487725 0.105401 3.06651
0.206111 0.556532 2.41387
0.349362 0.292194 2.46781
0.262219 0.419812 2.53546
0.379516 0.213516 2.98451
0.427503 0.192551 2.49704
0.0497552 1.22349 3.63763
0.566758 0.0732802 2.53271
0.469123 0.171212 2.39176
0.13892 0.71412 2.47999
0.0859488 0.957601 2.42892
0.0758117 1.1843 2.42469
0.232666 0.501825 2.41266
0.414245 0.175105 2.98725
0.256037 0.38776 3.04498
0.121334 0.252182 4.20028
0.323864 0.30067 2.75372
0.532531 0.106277 2.4295
0.395017 0.226647 2.51951
0.0942767 0.815063 2.85407
0.0508468 1.32536 2.63409
0.165688 0.196878 3.83417
0.163416 0.560098 3.40995
0.468303 0.130541 2.82861
0.407154 0.204049 2.61802
0.0597267 0.0538605 5.90278
0.110683 0.71192 3.41944
0.624873 0.0488242 2.43528
0.165225 0.674012 2.39093
