0.438853 0.221006 2.50968
0.321315 0.377205 2.46861
0.254824 0.419796 3.34578
0.354537 0.314829 2.53702
0.0869427 0.148242 4.8354
0.594503 0.123469 2.42581
0.498276 0.165955 2.69524
0.313502 0.342687 2.99797
0.0801329 0.0820666 5.96522
0.404151 0.268502 2.42581
0.642494 0.0992692 2.42626
0.104357 0.536267 3.68111
0.376535 0.293422 2.47889
0.0569006 1.21509 2.41247
0.192088 0.565404 3.15317
0.101775 0.876854 3.05777
0.116964 0.792064 3.45114
0.283942 0.413397 2.67011
0.165724 0.617533 3.41283
0.137375 0.755376 2.90528
0.223296 0.184131 3.63558
0.205986 0.154067 4.44627
0.25096 0.149227 3.73753
0.23576 0.543711 2.42854
0.427763 0.240256 2.44412
0.112561 0.929571 2.43376
0.185866 0.646913 2.4871
0.153095 0.678105 3.06722
0.339643 0.344254 2.47948
0.260836 0.476203 2.49479
0.297252 0.367777 3.058
0.644417 0.0867558 2.64377
0.582433 0.110708 2.72818
0.143869 0.783042 2.52904
0.266228 0.439032 2.74348
0.334467 0.327052 2.71775
0.200849 0.591645 2.61097
0.0525787 1.07448 3.46061
0.278589 0.459978 2.42403
0.128717 0.807555 2.68578
0.516906 0.176953 2.42564
0.0522355 1.19337 2.55194
0.190968 0.665671 2.40732
0.216575 0.521363 2.99735
0.473077 0.17884 2.63052
0.438065 0.190973 3.00901
0.234762 0.488677 2.8753
0.0886856 1.01949 2.43818
0.554407 0.132108 2.60994
0.356278 0.284232 2.88604
0.21063 0.556818 2.71795
0.398427 0.228057 3.06388
0.516103 0.145064 2.82114
0.4083 0.247082 2.53132
0.247964 0.472851 2.78673
0.547843 0.119892 3.05235
0.484621 0.184509 2.46519
0.251789 0.524039 2.40732
0.310242 0.407005 2.42703
0.394757 0.26352 2.53124
0.570032 0.141095 2.42581
0.240911 0.502217 2.59423
0.537553 0.147813 2.51639
0.351897 0.34929 2.40741
0.116835 0.886022 2.50435
0.0917996 0.95729 2.67136
0.0517576 1.17147 2.71113
0.138794 0.830502 2.43512
0.185932 0.61663 2.718
0.22084 0.56728 2.47397
0.485474 0.160044 3.06134
0.43819 0.207771 2.66521
0.457138 0.196682 2.55297
0.0955808 0.92261 2.84646
0.181097 0.210503 3.81839
0.118053 0.360566 3.93984
0.367647 0.326935 2.40763
0.162475 0.24449 3.79103
0.0542333 1.06312 3.46236
0.207444 0.608511 2.43056
0.516122 0.132877 3.40853
0.0844116 0.0844011 5.92557
0.301721 0.398897 2.56235
0.170959 0.642702 2.88368
0.210358 0.186505 3.68162
0.609985 0.103605 2.48655
0.332776 0.295562 3.28038
0.158593 0.694797 2.6734
0.116217 0.327545 4.53859
0.163917 0.755052 2.43459
0.324739 0.354708 2.60401
0.424525 0.206763 2.97944
0.156529 0.292741 3.63398
0.29301 0.426854 2.47218
0.527605 0.163787 2.44536
0.385078 0.247849 2.86693
0.0801396 0.0830685 5.94776
0.0802114 0.0815786 5.97993
0.458086 0.218048 2.41678
0.167917 0.695312 2.49218
