0.629483 0.416914 1.40155
0.406971 0.814074 1.19245
1.53415 0.110143 0.000225607
0.00038497 2.71462 1.19288
0.838481 0.185822 1.73222
0.380555 1.5999 0.301983
0.486886 1.34647 0.19476
0.833516 0.228669 1.19631
0.588642 0.4856 1.2667
0.183363 2.26913 0.273268
0.933012 0.155737 1.19329
0.000520838 3.81987 0.413665
1.04528 0.476772 0.0375301
0.673095 0.978834 0.151529
0.871801 0.687379 0.0375301
0.508673 0.589219 1.40176
1.23549 0.000245073 3.39151
0.72823 0.865596 0.383813
0.981273 0.531392 0.204935
0.101927 1.73449 1.19245
0.726173 0.310141 1.34529
1.93249 0.000359574 0.387704
1.2066 0.328383 0.00015323
0.440109 0.660401 2.01214
1.01536 0.507616 0.0507579
0.109385 1.61817 1.52414
0.234576 0.0655635 3.58501
0.201306 2.16176 0.599633
1.29974 0.000406327 1.92929
0.794863 0.794698 0.0513738
0.115946 2.54487 0.798856
0.317314 1.79011 0.237777
1.44017 0.16005 0.000150469
0.478563 0.11194 2.99351
0.00051784 1.61233 2.39217
0.271883 1.9145 0.451266
1.11434 0.393305 0.163584
1.57626 0.0717928 0.483707
0.138249 0.140882 3.93972
0.095779 2.77712 0.000331268
0.000704818 0.000701197 5.87034
0.185133 1.38581 1.19586
1.3947 0.174716 0.16443
0.358895 0.236992 2.9345
0.543377 0.10401 2.38996
0.781316 0.262985 1.2667
0.468172 1.41002 0.0601808
0.551389 1.22484 0.0602982
0.987954 0.0909183 1.60764
0.108475 0.241843 3.58501
0.71079 0.926932 0.0569494
0.486352 0.67055 1.19369
0.556929 0.554206 1.19245
0.436097 1.4583 0.276722
0.000566138 0.74672 3.58513
0.124957 0.70873 2.81447
1.22424 0.291181 0.22688
0.000509279 3.9135 0.000455846
0.418799 0.209903 2.41268
0.518624 1.29496 0.0602983
0.217058 1.19194 1.81016
1.28903 0.237228 0.304846
0.957032 0.57785 0.0375301
0.364282 0.855195 1.40147
0.323015 0.322309 2.48632
0.217944 0.54274 2.39002
0.616541 1.09496 0.0601808
0.686408 0.382109 1.19246
1.27233 0.266016 0.0507578
0.911162 0.624918 0.115442
0.17143 2.37975 0.000327584
0.264798 1.14727 1.19246
0.000349643 2.62353 1.51255
0.113982 0.824918 2.38995
0.423956 0.741985 1.34529
1.0594 0.0796237 1.19246
1.6626 0.0574739 0.000149825
0.411194 1.55147 0.0601713
0.762093 0.835915 0.11544
0.228577 0.458496 2.74801
1.97864 0.000330881 0.000225428
1.46511 0.127317 0.304846
0.271242 1.08447 1.34529
0.19799 1.28216 1.48272
1.10468 0.420569 0.0287195
1.36876 0.000257968 1.19761
0.817574 0.750295 0.135945
0.255675 0.383298 3.1837
0.119594 1.53724 1.88965
0.355126 1.70365 0.0648082
0.340514 0.933573 1.23897
0.296921 1.88236 0.0601808
0.242669 2.06889 0.0602982
0.648527 1.03633 0.0555706
0.103332 2.66698 0.291398
0.307024 0.953753 1.72954
1.35425 0.214371 0.000225608
0.579466 1.15215 0.1653
1.04845 0.447208 0.366028
1.16205 0.360564 0.0375301
