0.0832304 3.30688
0.0792431 3.35099
0.0671013 3.51595
0.0628725 3.5808
0.0489802 3.79513
0.00428667 3.89512
0.308482 3.09926
0.0437887 3.86588
0.058465 3.65005
0.0712204 3.45565
0.310484 3.07031
0.0752546 3.4006
0.0956128 3.21063
1.33573 1.04557
1.30748 1.35795
0.813397 1.6295
0.770375 1.94126
1.30365 1.40804
0.794551 1.72793
0.0872575 3.26855
0.107418 3.18054
0.798163 1.70409
0.824698 1.59964
0.000513761 3.94635
0.0538489 3.72221
0.786631 1.78776
1.32149 1.18952
0.0913682 3.2363
0.776098 1.88276
1.30971 1.32948
0.781632 1.83076
0.753048 2.14459
0.33448 2.75025
0.372499 2.43111
0.368538 2.45024
0.778595 1.85876
0.744828 2.25283
0.338007 2.70922
1.29268 1.56036
1.29697 1.4993
1.29484 1.52944
0.345094 2.63296
0.767272 1.97491
0.809476 1.6441
0.31245 3.04213
0.364132 2.47567
0.352366 2.56428
1.37989 0.803231
1.38829 0.7951
1.34653 0.95652
1.36227 0.860514
0.323746 2.88595
0.832871 1.5933
0.10008 3.19209
0.7421 2.29016
1.31557 1.25761
0.330939 2.79335
0.738864 2.33523
0.748948 2.19779
0.381751 2.40056
0.327365 2.83856
1.32355 1.16689
0.746405 2.23168
0.784121 1.80884
0.360023 2.50325
0.304381 3.15888
0.306448 3.12878
1.34251 0.987569
1.35447 0.902948
0.802593 1.67793
0.316307 2.9876
1.36557 0.845677
0.789217 1.76709
0.791902 1.74678
1.37367 0.817242
1.33336 1.06782
0.772797 1.91596
1.3399 1.009
1.32555 1.14552
0.756236 2.10449
0.391265 2.39
0.320062 2.9356
0.750598 2.17613
0.356133 2.53276
0.376126 2.41677
0.341544 2.67008
1.29911 1.46966
0.764144 2.01006
1.31257 1.29383
0.818352 1.61305
1.36925 0.831365
0.761014 2.04652
0.348692 2.59769
1.351 0.925113
1.31757 1.23409
0.758641 2.07495
1.30118 1.44128
1.32955 1.1045
0.805978 1.66026
1.35937 0.875094
