0.155396 1.39215 1.88483
0.0729215 1.81793 1.45723
0.149725 0.658652 2.61355
1.03013 0.000644842 5.70015
0.316042 0.993037 1.23419
0.0805899 0.88796 2.62658
1.37458 0.000564212 1.19282
0.324662 0.324569 2.45644
0.293766 0.997651 1.59896
0.620465 0.41313 1.63192
0.247403 0.412447 2.88749
0.00356027 1.44116 2.65256
0.519936 0.122472 2.39011
0.164088 1.4705 1.19272
0.527354 0.575565 1.27238
0.00094038 2.69561 1.19285
0.936046 0.130325 1.40223
0.0938811 0.791977 3.05509
0.211225 1.30728 1.19273
0.390075 0.77984 1.68039
0.660508 0.388232 1.30531
1.04308 0.0585191 1.83156
0.249883 1.16427 1.23998
0.00103755 2.4248 3.30639
0.602589 0.488791 1.19267
0.682942 0.338148 1.62513
0.831534 0.20781 1.39378
0.311912 0.936564 1.80491
0.382143 0.258812 2.39874
0.219071 1.23275 1.35589
1.04868 0.0783847 1.22788
0.507988 0.571399 1.68079
0.489749 0.644071 1.2309
0.282784 0.371918 2.61325
0.00105971 2.35236 4.26759
0.00097279 2.51705 2.22639
0.262423 1.10114 1.40003
0.63096 0.432782 1.2554
0.417426 0.168453 2.99797
0.458843 0.660027 1.54111
0.903246 0.158391 1.30957
0.728828 0.289261 1.62513
0.773705 0.259171 1.39377
0.439806 0.709831 1.37341
0.469669 0.137004 2.62706
0.13678 1.50451 1.48546
0.698164 0.368857 1.19268
0.606009 0.063341 2.39011
0.177796 0.546751 3.05123
0.0797774 1.74466 1.74719
0.758478 0.291239 1.22782
0.450159 0.731201 1.19271
0.965372 0.103375 1.63539
0.186889 0.0933121 3.7073
0.555508 0.556172 1.1927
0.352992 0.261 2.68317
0.592248 0.462612 1.43686
0.567292 0.507354 1.33401
0.0887357 1.66772 2.0606
0.000972572 2.0081 5.60778
1.1425 0.0446013 1.19272
1.08789 0.0478986 1.52474
1.02979 0.0950609 1.19267
0.871766 0.175253 1.40585
0.21024 0.524215 2.51564
0.178891 1.36342 1.36394
0.383763 0.820069 1.366
0.35908 0.858294 1.49404
0.823744 0.24114 1.1926
0.491447 0.60447 1.53584
0.0038619 0.00386178 6.0024
0.0757504 0.973309 2.3902
0.534083 0.534722 1.57436
0.198886 1.27522 1.54134
0.984329 0.112966 1.22782
0.0926659 0.27652 3.58541
0.725555 0.320028 1.2646
0.407812 0.203883 2.56601
0.000932846 2.59104 1.56969
0.446156 0.187477 2.39276
0.534164 0.0768116 2.84912
0.103936 0.200151 3.91433
0.0731446 1.89207 1.19277
1.29631 0.000609693 1.93862
1.01701 0.00305221 5.78466
1.25529 0.000664395 2.81399
0.352566 0.908457 1.23419
0.123678 1.6008 1.25166
1.20874 0.000694805 3.98919
0.415333 0.777928 1.23419
0.194554 0.596537 2.39011
1.32886 0.000590395 1.45616
0.0681426 1.88798 1.24757
0.260117 0.457144 2.39013
0.893519 0.183622 1.19271
0.234781 1.16821 1.48546
0.288162 1.08547 1.1927
0.215608 0.0838406 3.58524
0.0372687 0.0536102 4.77132
0.136003 0.754434 2.39011
