0.06714 3.51572
0.00430519 3.89514
0.0956526 3.21049
0.0872927 3.26837
0.0538889 3.72192
0.826843 1.59678
0.0712547 3.45537
0.0490194 3.79491
0.0792829 3.35068
0.345107 2.63279
0.058488 3.64988
0.0752855 3.40039
0.083266 3.30667
0.0914016 3.23617
1.33778 1.02723
0.742098 2.29009
0.043827 3.86552
0.310498 3.07017
0.316321 2.98744
1.29269 1.56029
0.312472 3.04198
1.35355 0.908611
0.775987 1.88386
1.38828 0.7951
1.29489 1.52872
1.37373 0.817086
0.767303 1.97451
0.810763 1.6387
0.334483 2.75017
1.33363 1.06491
1.30616 1.37494
1.34375 0.977735
0.75622 2.10462
0.320079 2.93542
0.348692 2.59758
0.772804 1.91582
0.802741 1.67709
0.8151 1.62275
0.0629069 3.58065
1.34886 0.93973
0.796478 1.71491
0.360034 2.50314
0.352376 2.56403
0.764924 2.00115
0.753 2.14509
0.780893 1.83738
0.323746 2.88574
0.783275 1.81618
0.368504 2.45035
1.36924 0.831383
0.737042 2.36085
0.107447 3.18055
1.36552 0.845944
0.799456 1.69609
0.306453 3.12861
0.77042 1.94077
1.31758 1.23407
1.30927 1.33506
0.381747 2.40055
0.74899 2.1971
1.30327 1.41317
0.750599 2.17605
0.375918 2.4175
0.304383 3.15883
1.3012 1.44091
1.32555 1.14553
1.34635 0.957901
0.746401 2.23152
0.739682 2.32366
1.33991 1.00899
1.32957 1.1043
1.31205 1.3003
0.341552 2.66997
1.29911 1.46957
1.32157 1.18873
1.31957 1.21112
0.330954 2.79323
0.100119 3.19202
0.391255 2.38999
0.778382 1.86069
1.36227 0.860515
1.356 0.893892
1.31409 1.27535
0.832992 1.59329
1.29698 1.49916
0.338017 2.70908
0.356143 2.5326
1.38008 0.802888
0.000555324 3.94514
0.792818 1.74017
1.35931 0.875431
0.78657 1.7885
0.807147 1.6546
0.759495 2.06463
0.761923 2.03578
0.820133 1.60852
0.327373 2.83838
0.308492 3.09906
0.790086 1.76037
0.364153 2.47552
