0.961746 0.120283 1.30364
0.0069171 1.35467 3.03375
0.5866 0.0646707 2.44755
1.13134 0.00041538 5.62493
1.08625 0.0487012 1.52343
0.00990779 2.55472 1.19758
0.111268 0.199818 4.07429
0.215981 1.26486 1.24509
0.475061 0.134469 2.59504
0.0955533 0.79549 2.95957
0.273364 1.12383 1.19275
0.182214 1.3521 1.36265
0.834497 0.22076 1.22773
0.0809633 0.948364 2.3904
0.154661 0.647328 2.59754
0.648821 0.428028 1.1927
0.203112 0.576416 2.39011
0.00615942 1.40612 2.61202
0.805229 0.217376 1.63068
1.00834 0.107045 1.19274
0.510564 0.126499 2.39443
0.288032 1.06317 1.23391
0.577809 0.508921 1.22825
1.04417 0.0583308 1.82918
0.846289 0.188386 1.53293
0.388239 0.764 1.91273
0.350102 0.269265 2.62957
0.197592 0.479632 3.39315
0.380285 0.218157 2.81222
0.537795 0.532811 1.53359
0.424935 0.699079 1.83874
0.197865 0.0962178 3.75222
0.0418835 0.0815054 4.78386
0.420706 0.165152 2.98122
0.78181 0.28044 1.19275
0.723691 0.322405 1.26448
0.0839473 1.73599 1.62912
0.127491 1.58694 1.25125
0.894257 0.182585 1.19274
0.460692 0.668121 1.41537
0.00898769 0.866288 5.50732
0.252312 1.15961 1.23391
0.261718 0.449607 2.39259
0.328282 0.321357 2.44364
0.250938 0.408316 2.85488
0.174857 1.43034 1.19269
0.241835 0.0755082 3.5937
0.619626 0.408773 1.70144
0.930345 0.147284 1.22773
1.04976 0.0777442 1.22773
0.289709 0.36145 2.60326
0.317607 0.989522 1.23391
0.231021 1.19586 1.36265
0.388713 0.252808 2.39339
0.61838 0.0565311 2.39011
0.320048 0.943884 1.50096
0.555649 0.489403 1.80023
0.361049 0.85387 1.49207
0.43765 0.186114 2.43352
1.23234 0.000585458 3.31512
0.414305 0.757605 1.37228
0.147748 0.714126 2.39259
0.454209 0.724109 1.19274
0.00740047 1.27082 3.92225
0.0736866 1.85335 1.25525
0.880305 0.169036 1.40134
0.492146 0.639886 1.23191
0.488787 0.613529 1.49207
0.983526 0.0967278 1.52342
0.682637 0.338724 1.62297
0.181179 0.540501 3.03127
0.393775 0.821132 1.23392
0.0928652 1.64806 2.05083
0.0778094 1.86469 1.19283
0.729096 0.289232 1.62299
0.596809 0.470937 1.29639
1.32546 0.000430797 1.48708
0.141257 1.48917 1.48283
0.346894 0.942427 1.19274
1.1554 0.0398122 1.19272
1.27719 0.000465458 2.29097
0.776147 0.253599 1.44397
0.21667 0.507969 2.52478
0.0860653 0.866574 2.63366
0.00663599 2.65748 1.19761
0.296184 0.992695 1.59713
0.256608 1.08862 1.69369
0.100715 0.284091 3.595
0.913059 0.123906 1.9959
1.04924 0.000614355 5.89178
0.664003 0.385222 1.29571
1.19068 0.000490738 4.41624
0.522043 0.568168 1.40095
0.693829 0.36603 1.22125
0.011268 0.0109487 5.94477
1.37103 0.000455096 1.19277
0.354606 0.895826 1.27013
0.53869 0.582477 1.19272
0.539233 0.0767744 2.76192
0.159462 1.37913 1.87453
