0.0791731 3.35203
0.0583879 3.65142
0.0831692 3.30763
0.0670508 3.51742
0.0912921 3.23689
0.00432735 3.89516
0.0628082 3.58243
1.29437 1.53614
1.354 0.905813
0.0751899 3.40169
0.048906 3.79649
0.758777 2.07326
0.75058 2.17627
0.0955414 3.21105
0.769675 1.94869
0.087179 3.2694
0.31243 3.04258
0.0537879 3.72361
0.0711578 3.45692
0.0437308 3.86721
1.29696 1.49955
0.378718 2.4084
0.306421 3.12929
0.337983 2.70956
1.30117 1.44139
0.793685 1.73392
0.787414 1.78135
1.38833 0.79509
0.74811 2.20871
0.316284 2.98797
0.781611 1.83088
0.761494 2.04081
0.824739 1.59957
1.33779 1.02724
0.000422874 3.95339
1.32421 1.15981
1.30492 1.39129
1.32156 1.18877
1.32977 1.10231
0.785003 1.80131
0.348665 2.59799
0.345061 2.63335
0.764188 2.00955
0.767259 1.97498
0.754634 2.1244
0.304352 3.1595
0.3851 2.39444
1.36922 0.831474
1.37367 0.817261
0.360004 2.50346
1.34869 0.940962
0.323716 2.88635
0.814187 1.62582
1.37984 0.80329
0.805808 1.66107
0.809382 1.6445
0.0999988 3.1924
0.368456 2.45071
0.801156 1.68602
1.33991 1.00901
1.34551 0.964165
0.820011 1.60881
0.352326 2.56461
0.742235 2.28817
1.36059 0.868803
1.31957 1.21116
1.33365 1.06471
0.364102 2.47588
0.107431 3.18054
1.32755 1.12471
1.34206 0.991154
1.31295 1.28928
1.36552 0.845907
0.334452 2.75065
1.2991 1.46971
0.320036 2.93602
0.327336 2.83895
0.744833 2.25265
0.775198 1.89161
1.31088 1.31484
1.31757 1.23411
0.356096 2.53304
0.310453 3.07082
0.832992 1.59329
0.330902 2.79384
0.737945 2.34807
0.372071 2.43303
0.772769 1.91618
0.37584 2.41781
1.30731 1.36015
0.34151 2.6705
0.740511 2.31206
0.39127 2.39001
1.35151 0.921779
0.778218 1.86228
0.797137 1.7106
1.31563 1.25698
0.790698 1.75571
1.35722 0.886826
0.30845 3.09973
