0.381288 0.846263 1.23418
0.292911 1.00072 1.60118
0.4338 0.761861 1.1927
0.531854 0.07673 2.89006
0.207309 0.566709 2.39009
0.0811029 0.883652 2.64876
0.3237 0.320466 2.4931
0.177753 0.547013 3.05271
0.0957614 0.286017 3.5942
1.09201 0.0479159 1.4671
0.258177 0.451077 2.40003
0.445376 0.72342 1.22855
0.816265 0.219541 1.43749
1.12534 0.000608867 5.68618
0.34583 0.944787 1.19267
0.538257 0.538984 1.44565
0.000997408 0.000812399 5.88196
0.219056 1.23351 1.35463
0.0753172 1.79204 1.54463
1.15388 0.0403105 1.19271
0.975829 0.0986846 1.58636
0.60065 0.464598 1.30534
1.37 0.000420331 1.19265
0.000736766 2.36319 4.28314
0.721963 0.296443 1.62537
0.928427 0.14894 1.22793
0.108403 1.70424 1.19277
0.0376925 0.0775961 4.77976
0.447447 0.666607 1.70876
0.137045 1.50372 1.48554
0.00079293 2.70412 1.19283
0.149397 0.669964 2.5391
0.489105 0.608508 1.53569
0.568454 0.505679 1.33398
0.617704 0.411217 1.70639
0.190534 0.0956679 3.79422
0.0729253 1.89119 1.19282
0.317437 0.950464 1.50303
0.000776836 2.61448 1.48051
1.04267 0.0588381 1.83197
0.409717 0.755102 1.50365
0.729274 0.32329 1.21851
0.262519 1.10217 1.39628
0.142408 0.734998 2.39008
0.0754058 0.974185 2.39008
0.206286 0.51506 2.65685
0.158189 0.169505 3.59114
0.398301 0.797627 1.30667
0.121146 1.61311 1.25152
0.000766498 2.53929 2.10577
0.648509 0.41831 1.21536
0.823779 0.24107 1.19272
0.108692 0.193791 4.13062
0.514289 0.125361 2.39096
0.530839 0.580484 1.22072
0.834635 0.192604 1.63298
0.000726625 2.29116 5.10638
0.870818 0.17623 1.40244
0.352211 0.263123 2.66736
0.582271 0.517978 1.19269
0.249865 1.16493 1.23823
1.23313 0.000614027 3.23509
0.513441 0.561388 1.65213
0.155211 1.39205 1.88887
0.585812 0.0647838 2.46414
1.04004 0.0818973 1.23624
0.0933321 0.795392 3.04057
0.879706 0.185914 1.21869
1.27558 0.000521279 2.30028
0.49829 0.632727 1.21981
0.684224 0.3369 1.62537
0.663526 0.384701 1.3053
0.622526 0.0542919 2.39008
1.3218 0.000461059 1.51609
0.76379 0.286318 1.22793
1.1003 0.0613281 1.19268
0.311216 0.36773 2.39008
0.417821 0.167512 2.99752
0.163834 1.46948 1.19273
0.69701 0.36996 1.19265
0.358356 0.85872 1.49355
0.406978 0.20439 2.56553
0.759522 0.253068 1.76148
0.215068 1.2937 1.19271
0.245148 0.414276 2.90899
0.000964619 2.44792 3.05112
0.286704 0.364895 2.62574
0.176041 1.3727 1.36721
0.283522 1.07421 1.23418
0.943229 0.125889 1.40244
0.983199 0.11394 1.22784
0.383966 0.255794 2.39919
0.792991 0.2485 1.3053
1.18885 0.00050819 4.45285
0.0885942 1.66889 2.06037
0.469285 0.138031 2.6154
0.315147 1.0166 1.19273
0.231711 0.0798301 3.59114
0.233915 1.16596 1.54092
0.189892 1.30353 1.54103
