0.959337 2.08556
1.77434 0.480479
1.72295 0.580955
0.686432 2.63111
1.30058 1.4033
0.726482 2.55131
0.0857617 3.8355
0.277231 3.44963
1.47967 1.04492
1.56852 0.868231
0.0630626 3.88055
0.899003 2.20695
0.816663 2.37128
1.18845 1.62796
1.78749 0.456067
1.49419 1.01702
1.61143 0.783462
1.90558 0.25578
0.51708 2.97225
2.08821 0.0987092
0.151894 3.70347
1.86664 0.308851
0.590867 2.8242
1.04678 1.91103
0.0176639 3.97315
1.55425 0.896765
1.69873 0.629139
1.33427 1.33587
0.499025 3.00878
0.620606 2.76415
1.43283 1.13857
1.65659 0.69318
0.115444 3.77581
0.474847 3.05551
0.662468 2.68062
0.13013 3.74633
0.795445 2.41363
1.16859 1.66773
1.00382 1.99665
1.24422 1.51602
0.257107 3.49218
0.343304 3.317
1.41673 1.17064
0.705249 2.59337
0.297413 3.40926
0.45527 3.0944
1.73592 0.554839
2.05112 0.131333
1.31731 1.3698
0.638 2.72931
1.22624 1.55199
0.936198 2.13223
1.40054 1.20303
1.68591 0.654738
0.545247 2.91278
1.58322 0.838877
1.44833 1.1075
0.841405 2.32211
0.36284 3.27815
0.187556 3.62972
1.10932 1.78622
0.568299 2.86664
1.59689 0.812217
0.208578 3.5877
0.981682 2.04102
0.0403481 3.92779
1.08881 1.82728
1.36769 1.26887
1.38446 1.23547
0.865533 2.27315
0.166399 3.67289
2.0097 0.19454
1.74936 0.528769
1.81478 0.410654
1.26226 1.4799
0.42619 3.15467
1.53982 0.925663
1.20745 1.58967
1.14946 1.70594
0.77294 2.4598
0.749053 2.50733
1.46434 1.07556
1.2811 1.44216
1.84837 0.343532
1.5252 0.955034
0.391994 3.22109
0.323316 3.35833
1.51039 0.984661
0.914766 2.17482
1.06733 1.87019
0.40742 3.19011
1.35177 1.30075
0.875837 2.2526
1.6378 0.730645
2.03013 0.160698
0.22954 3.54583
1.12953 1.74578
1.83442 0.372555
1.94076 0.20971
1.02536 1.95396
