0.882178 1.7751 0.714205
1.94258 1.35707 1.16609
1.13345 1.83185 0.347432
2.56641 1.00002 2.30054
1.93964 1.53009 0.470154
0.75558 1.51621 1.47272
2.84886 1.0748 0.929249
1.515 1.58835 0.760348
1.83731 1.58131 0.418794
0.539202 1.08029 2.77196
0.263763 0.521922 4.44208
0.592258 1.18802 2.45551
1.49781 1.50154 1.07979
0.253189 0.500908 4.50591
1.74213 1.47497 0.929141
0.155062 0.306394 5.08973
1.98533 1.5072 0.493173
0.961896 1.93765 0.23461
0.0279196 0.0492771 5.87816
0.927998 1.86901 0.438903
2.3366 1.25071 1.05829
0.399227 0.791681 3.62925
2.58162 1.06535 1.67514
2.65583 1.17204 0.828143
0.0162126 0.0237006 5.9636
0.768561 1.54249 1.39486
2.07943 1.45733 0.551696
2.56899 1.1559 1.11199
0.191677 0.379371 4.87043
0.387149 0.767622 3.70164
1.10238 1.76187 0.570225
0.819112 1.64689 1.09329
1.94938 1.13061 2.35975
2.4563 1.0738 1.90621
0.979685 1.99091 0.134031
0.904511 1.82084 0.58005
0.471028 0.934555 3.19947
0.607278 1.21751 2.36608
2.96039 1.00003 1.11859
0.443002 0.878847 3.36703
1.30451 1.65903 0.720148
2.21948 1.22704 1.38776
0.344514 0.681978 3.96039
0.103976 0.203094 5.40413
0.0121607 0.0156581 5.98765
0.0204607 0.0322361 5.93797
2.32478 1.33758 0.662519
0.136696 0.268453 5.20606
0.317805 0.628543 4.12141
0.656666 1.31763 2.06813
0.217865 0.431429 4.71373
0.575201 1.1535 2.55793
0.27565 0.54508 4.37327
0.0136099 0.0185365 5.97903
0.496622 0.985664 3.04567
0.334874 0.662539 4.01884
0.947655 1.91024 0.321111
1.30816 1.81588 0.241672
0.566405 1.12391 2.63
0.803269 1.61575 1.1895
2.44015 1.27987 0.720358
0.204431 0.403815 4.79823
0.375708 0.743414 3.7756
1.60271 1.24475 2.04261
2.41549 1.00104 2.73832
0.519019 1.03996 2.8929
0.509241 1.02016 2.952
2.19337 1.4033 0.596763
0.708067 1.42081 1.75865
0.622758 1.24929 2.27203
1.73059 1.63468 0.365398
2.02271 1.40961 0.830346
1.49906 1.7504 0.249743
0.637033 1.27815 2.18624
0.681523 1.36717 1.91787
1.91088 1.28102 1.5576
0.427023 0.847019 3.46276
1.66201 1.2726 1.86177
1.22168 1.48768 1.33798
1.08128 1.95 0.139534
0.737035 1.4789 1.58422
0.71935 1.4434 1.69066
0.459182 0.911111 3.26993
0.413404 0.818646 3.54896
1.24745 1.58546 0.998467
0.694518 1.3935 1.84004
0.234398 0.463511 4.61845
0.785779 1.57686 1.29109
1.42663 1.43203 1.39335
1.44819 1.68993 0.491995
0.121868 0.239217 5.2943
0.353939 0.700509 3.90439
1.63755 1.68117 0.318971
0.840849 1.69104 0.962653
0.477613 0.947315 3.16124
1.26138 1.38932 1.66043
0.171394 0.338929 4.99189
0.288401 0.570227 4.29681
0.302446 0.597863 4.21362
0.865129 1.74014 0.816696
