2.65386 1.00001 2.03832
0.132045 0.259639 5.23243
1.22417 1.77358 0.440242
2.96809 1.00002 1.09562
0.318203 0.631246 4.11182
0.722526 1.44911 1.6706
0.965615 1.94738 0.213124
2.22277 1.3857 0.623938
0.218498 0.433604 4.70615
0.711238 1.42651 1.73857
0.519422 1.04132 2.89252
1.99424 1.38848 0.959908
1.25138 1.59119 0.977217
2.50938 1.00001 2.47175
0.335401 0.665432 4.00894
1.6669 1.27565 1.84304
2.56119 1.06968 1.69248
0.389537 0.773628 3.68293
2.29738 1.24044 1.18156
0.118309 0.232224 5.31534
0.827388 1.66153 1.04164
0.843998 1.69496 0.941698
0.428274 0.85079 3.45072
2.3685 1.3157 0.684492
1.54262 1.54668 0.87727
1.47787 1.47993 1.17542
0.356341 0.706318 3.88618
0.684419 1.37276 1.90012
0.480322 0.954605 3.13856
0.0300375 0.0549643 5.85553
2.07407 1.3523 1.00345
1.81471 1.42412 1.04605
0.203039 0.404758 4.79658
0.400327 0.795106 3.61824
0.628936 1.24611 2.26253
0.254105 0.503138 4.49739
0.498214 0.98975 3.03308
0.758825 1.52223 1.45261
0.264919 0.524318 4.43381
0.445295 0.884612 3.34909
0.931151 1.87022 0.417204
1.30955 1.66417 0.69979
0.568262 1.12905 2.61424
1.60703 1.24811 2.02319
0.661244 1.33393 2.05392
0.868356 1.74413 0.795244
0.472334 0.938595 3.18672
1.4432 1.77839 0.221646
0.192403 0.381512 4.86262
1.23173 1.49147 1.31888
0.0139861 0.0163742 5.99727
2.05212 1.16873 1.97922
1.82458 1.58585 0.418929
1.69089 1.65451 0.345582
2.36257 1.1901 1.33611
0.276409 0.547482 4.36374
1.56312 1.71838 0.281739
0.806499 1.6195 1.16733
2.42112 1.00157 2.7141
0.597529 1.18469 2.44733
0.582201 1.15582 2.53392
0.0152253 0.018794 5.98998
0.542426 1.08779 2.75508
0.951307 1.91841 0.299443
1.2665 1.83715 0.218213
1.95499 1.13255 2.33976
0.41502 0.821796 3.53944
0.235545 0.465795 4.61014
0.697559 1.39904 1.82083
0.640802 1.26901 2.19364
1.43241 1.43696 1.37058
0.171943 0.340722 4.98506
0.885333 1.77745 0.692512
1.26784 1.39407 1.63944
0.771857 1.54843 1.3748
2.8103 1.0914 0.926226
0.998293 2.01684 0.111491
2.40925 1.29533 0.70482
2.63418 1.1821 0.821508
0.156471 0.308454 5.08487
1.91565 1.28391 1.53765
0.346577 0.687549 3.94196
1.93835 1.52777 0.480631
2.54649 1.22235 0.795946
2.1592 1.42039 0.57966
0.28919 0.572863 4.28732
0.302767 0.600489 4.20417
0.0225303 0.0333749 5.94687
0.376328 0.746514 3.76486
0.105221 0.204826 5.40355
0.907733 1.82351 0.558357
1.59928 1.60995 0.600112
0.740239 1.48493 1.56439
0.615578 1.21892 2.34445
0.513434 1.01948 2.94386
0.788725 1.5829 1.27339
1.47133 1.76432 0.235711
0.018111 0.0245877 5.97296
0.460503 0.914919 3.25794
0.143115 0.281757 5.16507
