1.60384 0.792405
0.0860991 3.82789
1.57275 0.854564
0.0241171 3.95186
0.0476704 3.90475
1.61697 0.766109
1.21 1.58009
0.422464 3.15518
0.826852 2.34635
1.32425 1.35159
1.66053 0.679033
1.81778 0.364513
0.627141 2.74582
0.161365 3.67737
0.509932 2.9802
1.26562 1.46883
1.28721 1.42562
1.76632 0.46747
0.973043 2.05396
0.26193 3.47624
1.98399 0.0321511
1.10705 1.78593
0.452663 3.09471
1.93129 0.137486
0.303418 3.39327
0.671939 2.6562
1.39534 1.20939
0.370607 3.25887
0.0632329 3.87363
0.901269 2.19751
1.04156 1.91691
0.116714 3.76667
0.35059 3.2989
0.585478 2.82911
1.41261 1.17488
1.96355 0.0730274
1.99997 0.00051764
1.74837 0.503315
1.34349 1.31306
0.726138 2.54776
1.12824 1.74355
0.707298 2.5855
1.85197 0.29615
0.212605 3.57489
1.91562 0.168822
0.996235 2.00757
1.37911 1.24187
1.84062 0.320301
1.87524 0.249587
1.2297 1.54064
0.876589 2.24689
1.44624 1.10757
1.01921 1.96163
1.58766 0.824773
1.18999 1.62006
0.692113 2.61584
1.24884 1.5024
1.06373 1.87259
1.52679 0.946495
1.89692 0.206823
1.4295 1.14108
0.000665937 3.99877
0.649106 2.70213
0.74701 2.50605
0.925567 2.14891
1.64559 0.708887
1.08432 1.83144
1.16971 1.66065
1.36089 1.27827
0.139218 3.72166
0.605332 2.78943
0.853824 2.29275
1.54097 0.918109
1.7376 0.524882
1.71941 0.561278
1.94215 0.115772
0.770522 2.45906
0.535552 2.92894
1.63138 0.737331
0.239859 3.52039
1.68726 0.625558
1.14913 1.7018
1.78948 0.421124
1.55534 0.889375
1.51109 0.977906
0.282834 3.43445
1.46277 1.07455
1.70485 0.590368
0.479683 3.04071
0.949491 2.10107
1.80383 0.392393
0.391411 3.21723
1.30586 1.38835
0.800103 2.39983
1.49519 1.00971
0.323781 3.35248
0.558603 2.88288
1.47883 1.04243
0.197604 3.60488
0.175833 3.64842
