0.880879 1.76236 0.715157
2.5846 1.2077 0.792302
0.166642 0.333114 5.00125
2.33232 1.24501 1.09525
0.230658 0.461061 4.6173
1.49778 1.50551 1.06556
2.99663 1.00001 1.01006
1.32676 1.68879 0.608202
1.90518 1.27616 1.58829
0.499507 0.99865 3.00427
1.91119 1.5445 0.455626
0.428178 0.856189 3.43191
0.647545 1.29532 2.11518
0.998531 2.00487 0.0114456
0.352693 0.705163 3.88497
0.704539 1.40939 1.77348
1.66361 1.52265 0.838115
2.34974 1.19215 1.34844
0.0972207 0.194282 5.41788
1.50993 1.37581 1.5444
1.61973 1.29489 1.79592
0.665719 1.33178 2.00637
2.63333 1.06 1.58633
0.921455 1.84348 0.47158
0.399791 0.79932 3.60245
1.32518 1.83741 0.162599
0.898426 1.79748 0.609849
1.5719 1.59671 0.674279
0.838553 1.67739 0.968973
2.59734 1 2.20798
0.00497808 0.00936457 5.9743
1.80419 1.353 1.35417
0.444011 0.887815 3.33712
0.249874 0.499543 4.50197
0.260894 0.521606 4.43595
2.07521 1.12229 2.25073
0.413411 0.826651 3.52059
2.01682 1.49159 0.508409
0.718783 1.43781 1.68765
0.00178879 0.00291613 5.99389
0.111471 0.222766 5.33233
1.2396 1.88019 0.119818
0.614549 1.22929 2.31314
0.343101 0.686038 3.94243
2.43085 1.01328 2.53511
2.72685 1.13658 0.863423
0.731935 1.46495 1.60987
0.214324 0.428419 4.71528
0.798664 1.59773 1.20842
0.299741 0.599275 4.20271
0.130717 0.261286 5.21674
0.000707718 0.000819968 5.99992
1.23813 1.51313 1.24194
2.08498 1.2863 1.29488
2.15876 1.42062 0.579398
0.544851 1.08968 2.73163
2.50035 1.24983 0.750173
0.570543 1.14125 2.57721
0.473191 0.946143 3.16213
0.00934795 0.0181111 5.94807
1.44586 1.45051 1.31135
0.599189 1.19851 2.40556
2.79535 1.10232 0.897677
0.965945 1.93266 0.204656
1.59077 1.70461 0.295389
0.85569 1.71208 0.866403
0.272461 0.544718 4.36638
0.689722 1.37967 1.86204
0.150131 0.300037 5.10047
1.68544 1.65728 0.342723
0.980987 1.96287 0.11442
0.315622 0.631024 4.10748
0.37492 0.749156 3.75425
0.748935 1.49796 1.50699
0.285596 0.570916 4.28781
0.199978 0.399857 4.80116
0.945836 1.89252 0.32539
0.187525 0.374916 4.8759
2.77026 1.0379 1.38878
0.479498 0.958945 3.12399
2.47334 1.08195 1.80566
0.513937 1.02772 2.91723
0.46115 0.921819 3.23482
1.42049 1.78975 0.210248
0.386744 0.7734 3.68052
1.26976 1.61386 0.890829
1.91829 1.21102 1.90889
2.34687 1.32656 0.673436
2.15702 1.18811 1.70575
0.333096 0.66596 4.00255
0.584278 1.16832 2.49555
0.528198 1.05604 2.83208
0.0170391 0.0334562 5.90217
2.21566 1.39217 0.607829
0.630592 1.26122 2.21734
2.01475 1.36089 1.05089
1.81818 1.59091 0.409093
0.816728 1.63378 1.09993
0.781418 1.56257 1.31279
1.51985 1.74007 0.259928
