0.113535 0.211647 5.40467
0.448769 0.89971 3.31987
0.379721 0.751735 3.75031
0.338983 0.670799 3.99376
0.418529 0.828125 3.52078
0.291749 0.57833 4.27156
2.85679 1.07136 0.929933
1.50875 1.74507 0.258509
2.14211 1.42891 0.571208
1.50558 1.50852 1.04771
1.75363 1.47977 0.897286
0.394317 0.781468 3.66026
0.628834 1.26134 2.23484
2.23496 1.30078 0.988249
0.360401 0.722099 3.85225
2.81682 1.09142 0.909475
0.0282978 0.0396112 5.94822
0.808555 1.62305 1.1544
0.27908 0.552996 4.34792
0.725242 1.455 1.65485
1.31265 1.66703 0.688206
1.81213 1.59377 0.406641
0.32184 0.63693 4.09559
1.67021 1.27811 1.82861
2.54998 1.00002 2.34987
0.569632 1.13091 2.60883
1.27367 1.39595 1.62924
0.2676 0.53036 4.41592
2.89389 1.02882 1.10885
0.933034 1.8756 0.406696
0.846054 1.69838 0.928749
2.75607 1.00003 1.73157
1.71017 1.63978 0.372558
1.18831 1.82764 0.314193
0.662638 1.32888 2.0314
0.306242 0.606047 4.18847
0.909674 1.82837 0.547245
0.237525 0.470846 4.59551
0.987961 2.02348 0.105229
0.152599 0.300544 5.1101
0.175209 0.346735 4.96856
0.463392 0.919878 3.2434
0.870308 1.74734 0.782977
0.351359 0.69574 3.91861
0.0365665 0.0613164 5.86069
2.61065 1.19462 0.805613
0.0239168 0.0309592 5.97392
0.130767 0.248024 5.2939
1.42511 1.78741 0.21266
1.60646 1.61075 0.589625
0.431217 0.855848 3.43595
0.8873 1.78146 0.680721
0.195518 0.387135 4.84708
2.54091 1.07734 1.68428
1.91517 1.28667 1.52494
2.33449 1.33191 0.671099
0.147279 0.277364 5.20482
0.742843 1.4904 1.54904
1.67289 1.66345 0.336793
2.34319 1.2547 1.02607
0.517067 1.02683 2.92171
1.94851 1.13542 2.32823
0.206702 0.411438 4.77908
0.700371 1.40503 1.8045
1.10728 1.7732 0.534151
1.95413 1.36341 1.12293
2.47612 1.16033 1.28408
2.39324 1.30336 0.696735
0.687298 1.37877 1.88313
2.18386 1.1895 1.66259
0.829335 1.66446 1.02912
1.10488 1.93146 0.102347
0.0197715 0.0228134 5.99814
0.545937 1.09516 2.7348
0.774262 1.55354 1.36016
0.404171 0.801105 3.60126
0.50084 0.994551 3.01877
0.219605 0.437585 4.70115
0.713898 1.43223 1.72313
1.25512 1.59347 0.967105
0.790955 1.5871 1.25974
0.58022 1.16396 2.52824
0.52324 1.04951 2.87151
1.9186 1.53594 0.47701
2.23455 1.38268 0.617481
1.57628 1.71171 0.288627
1.2354 1.49429 1.30703
0.0212541 0.0258099 5.98936
1.43507 1.44 1.35724
2.42745 1.00053 2.71003
0.967277 1.94855 0.202176
0.952748 1.9153 0.287995
0.256785 0.508822 4.48068
0.616984 1.22277 2.33292
1.61006 1.25014 2.01112
0.598372 1.20009 2.41799
0.641634 1.28705 2.15784
0.475199 0.943396 3.17265
2.90853 1.00005 1.27407
0.485177 0.962367 3.11594
