0.707527 1.41815 1.76496
0.904933 1.83395 0.584911
2.20037 1.39978 0.600326
2.32871 1.33518 0.666489
1.66366 1.27146 1.86558
0.412132 0.817067 3.55306
0.73622 1.47761 1.58961
0.508344 1.01901 2.95897
1.22464 1.48622 1.34108
2.46327 1.15587 1.33697
0.203542 0.401973 4.80232
0.263088 0.520516 4.4459
0.027289 0.0503959 5.86542
0.928241 1.88203 0.444076
2.72227 1.12047 0.96872
0.102879 0.201623 5.40829
1.26578 1.38758 1.66439
1.98245 1.50384 0.510133
0.564515 1.11896 2.64546
0.386029 0.764981 3.70997
0.890071 1.78918 0.66544
0.426431 0.845534 3.46747
0.53857 1.07978 2.77734
2.56388 1.00001 2.30827
0.441992 0.876433 3.37448
0.693598 1.39192 1.84601
0.591733 1.18872 2.4631
0.154399 0.304646 5.09572
2.00883 1.41281 0.836734
0.333596 0.66072 4.02355
0.470419 0.932862 3.20493
2.39914 1.29355 0.73221
0.0189563 0.0303938 5.93883
1.50715 1.74638 0.253701
0.316728 0.626802 4.12592
1.42832 1.43341 1.38697
0.962265 1.95696 0.240407
0.767914 1.54203 1.39975
2.55774 1.06741 1.71782
2.56902 1.20858 0.820678
0.191339 0.377771 4.87523
2.23534 1.22276 1.38823
2.41624 1.00119 2.73397
1.94485 1.35664 1.16496
2.33354 1.25031 1.06586
0.170885 0.337216 4.99751
1.91051 1.27984 1.56377
1.49722 1.50045 1.08423
0.881264 1.77164 0.718629
1.75274 1.47589 0.913853
1.26997 1.66789 0.720928
1.94015 1.52881 0.474274
0.135752 0.266886 5.2113
1.7381 1.63089 0.369251
0.579686 1.14823 2.55726
1.64335 1.67818 0.322149
0.233435 0.461526 4.62295
0.398784 0.790432 3.63354
1.103 1.7604 0.574047
0.718579 1.44216 1.69573
1.1329 1.83745 0.352493
0.0147834 0.021891 5.96486
0.839753 1.68633 0.967168
0.0117831 0.0160442 5.98192
0.496063 0.984143 3.05079
2.87386 1.00848 1.3134
0.802108 1.61073 1.19382
0.343268 0.679833 3.96614
1.3345 1.72787 0.480851
1.51428 1.58722 0.764906
0.754554 1.51503 1.47995
0.287195 0.568463 4.30165
0.0186467 0.0335884 5.91357
1.28808 1.82161 0.243568
2.95839 1.00002 1.12472
0.252478 0.499199 4.50986
0.863959 1.73508 0.821554
1.84484 1.57754 0.422565
0.784625 1.57557 1.29904
0.374596 0.741749 3.78012
0.352958 0.698929 3.90881
0.120954 0.237495 5.30005
0.0106324 0.0137428 5.98877
0.622336 1.2504 2.2788
0.301142 0.596127 4.21789
0.274576 0.543205 4.37737
0.477779 0.947402 3.16117
0.656273 1.31879 2.07452
0.458595 0.909249 3.27595
1.6018 1.24393 2.04728
0.516176 1.03525 2.9137
0.606801 1.21811 2.37366
1.24606 1.58428 1.00327
0.948247 1.92832 0.325505
1.10013 2.00935 0.138167
0.217487 0.42978 4.71887
0.823173 1.65332 1.06725
0.635302 1.27586 2.19919
0.678611 1.36176 1.93612
1.94512 1.12979 2.37036
