1.61598 0.768409
0.853685 2.29299
0.235064 3.5303
0.577626 2.84508
1.9107 0.18018
0.0647244 3.87092
0.0877757 3.82481
1.14815 1.70407
1.6737 0.652969
0.388496 3.22336
0.974406 2.05169
1.87234 0.255806
0.125398 3.74957
1.21054 1.5793
0.213719 3.57293
1.65984 0.680736
0.693082 2.61421
0.192039 3.61633
1.81613 0.368116
1.01977 1.96081
0.877396 2.24555
1.76282 0.474756
1.41291 1.17456
1.1703 1.65981
1.79662 0.407182
0.147727 3.70497
0.170165 3.66009
0.547492 2.90541
1.36136 1.27783
1.44659 1.10719
1.18856 1.62324
0.996953 2.00645
1.12802 1.74455
0.800987 2.3984
1.3084 1.38362
0.103036 3.7943
1.34393 1.31252
1.70096 0.598449
1.32469 1.35099
0.338432 3.32346
0.0256197 3.94943
1.47821 1.04395
1.08497 1.8305
1.72772 0.545325
0.270655 3.45905
0.636346 2.72766
1.71436 0.571674
1.96355 0.0734741
1.64605 0.708272
0.606801 2.78673
1.37884 1.24271
0.950244 2.09985
0.827199 2.34695
1.2493 1.50175
0.423973 3.15245
0.0491705 3.90233
1.74068 0.519034
1.57296 0.854447
1.8859 0.228689
0.720712 2.55889
0.40443 3.19151
1.77905 0.442293
1.99981 0.00101896
1.4955 1.00939
0.775987 2.44837
0.3584 3.2836
0.471069 3.05836
1.52551 0.949341
0.249538 3.50134
1.04226 1.91588
0.297757 3.40485
0.90238 2.19656
0.318241 3.36393
0.00219326 3.99628
1.10658 1.78722
1.54039 0.919657
0.486667 3.02701
1.2891 1.42224
1.94215 0.116187
0.51687 2.96674
1.42987 1.14066
1.27014 1.46012
1.63158 0.737242
0.749492 2.50139
0.449008 3.10232
1.60262 0.795131
1.98383 0.0329264
1.50967 0.981096
1.68744 0.62557
0.659377 2.68156
1.92357 0.153409
1.23025 1.53991
1.06439 1.87159
1.39573 1.2089
1.85199 0.296414
1.55788 0.884678
0.926554 2.14722
1.58788 0.824605
1.8402 0.319989
1.46311 1.07417
