0.734547 2.53175
1.17392 1.6533
1.99737 0.105315
0.464 3.07313
0.0298976 3.94224
0.00706896 3.98793
0.157563 3.68611
0.542489 2.91604
1.752 0.497924
1.88084 0.239798
0.682646 2.63583
1.30558 1.38983
1.89803 0.206133
1.27201 1.45697
0.855256 2.29051
0.0455563 3.91097
1.0499 1.90116
1.4567 1.0876
0.984614 2.03176
1.77615 0.448829
0.128326 3.74449
1.68824 0.624666
1.21292 1.57527
2.04313 0.0833515
0.512544 2.97599
1.0918 1.81762
0.0684642 3.86485
1.83483 0.331446
1.25073 1.49961
1.789 0.423074
1.42529 1.15048
1.63568 0.729813
0.961053 2.07894
0.200361 3.60043
1.28755 1.42593
1.86969 0.262238
1.70119 0.598676
1.39223 1.21663
1.34177 1.31752
1.73827 0.524569
1.5346 0.932022
0.893375 2.21425
1.67504 0.650969
1.00621 1.98861
1.66091 0.679378
0.816835 2.36754
1.64907 0.703001
1.85746 0.286244
1.5494 0.902269
1.60802 0.785039
0.627057 2.74704
1.32389 1.35326
0.179241 3.64268
1.62089 0.759294
0.482526 3.0361
0.0835477 3.83411
0.270113 3.46085
0.655888 2.68928
0.875736 2.25043
1.5948 0.811496
1.0704 1.86037
1.57856 0.844108
1.51871 0.963901
0.572075 2.85686
0.323869 3.35328
0.841796 2.31741
1.44099 1.11904
0.433529 3.13395
1.23194 1.5372
1.35826 1.28451
0.791342 2.41813
0.221735 3.55764
1.9516 0.132659
0.297313 3.40644
0.370046 3.26106
1.81173 0.37761
0.408051 3.18491
0.106125 3.78891
0.765517 2.46981
0.937942 2.12514
1.19353 1.61406
1.56405 0.873029
1.92399 0.169133
1.15347 1.69411
1.40865 1.18378
0.914512 2.17216
2.06079 0.064336
0.389141 3.22278
0.343848 3.31333
1.02816 1.9447
1.37607 1.24897
1.5023 0.996632
1.48872 1.02356
1.47332 1.05446
1.71408 0.572992
1.13334 1.73441
1.11232 1.77649
0.712551 2.57572
0.249604 3.5019
0.600377 2.80026
