1.16863 1.66286
1.80379 0.392527
0.0471448 3.90582
0.972902 2.0543
0.615578 2.76894
1.01929 1.96152
1.82814 0.343831
1.87673 0.246688
1.12813 1.74384
1.37784 1.24441
0.47087 3.05834
0.0237765 3.95255
1.3083 1.38437
0.688408 2.62327
1.54222 0.915675
0.663801 2.67251
0.569777 2.86056
0.212191 3.57573
0.94936 2.10136
0.14638 3.70736
1.08539 1.82931
0.101335 3.79746
1.98449 0.0311518
1.22957 1.54097
0.825899 2.34829
1.93062 0.138936
0.233567 3.53298
1.76627 0.467562
0.0784759 3.84316
1.44612 1.10785
0.515523 2.96903
1.96353 0.0730926
0.747851 2.50439
1.21025 1.5796
0.36314 3.27451
1.06361 1.87288
1.71418 0.571751
0.123651 3.75281
0.402707 3.19469
0.727126 2.54584
1.67416 0.651784
0.161161 3.67778
1.75238 0.495369
1.04147 1.91718
1.10602 1.78805
1.26784 1.46449
1.84013 0.319856
0.587374 2.8254
0.996111 2.00787
1.77981 0.440501
1.52445 0.951195
0.635194 2.72982
1.63131 0.737469
0.546177 2.90774
1.39536 1.20936
1.24781 1.50448
0.268668 3.46278
1.29143 1.41847
1.65988 0.68034
0.387079 3.22596
1.34245 1.31561
0.901113 2.19786
0.486215 3.02766
0.316665 3.368
0.42232 3.15549
1.50937 0.981316
1.41246 1.17518
0.773621 2.45287
1.36021 1.27967
0.336733 3.32663
1.18992 1.62027
0.190104 3.61991
1.72743 0.545248
1.58766 0.824787
0.452488 3.09517
1.90918 0.181727
0.799967 2.40016
1.89746 0.205783
2.00003 0.000633873
1.49392 1.01224
1.55751 0.885057
1.64573 0.708642
0.28942 3.42126
1.57265 0.854849
1.60233 0.795458
0.708292 2.58353
1.149 1.70211
0.925458 2.14921
1.47899 1.04211
1.32418 1.35174
0.000335941 3.99943
0.24767 3.50479
0.851346 2.29737
0.876376 2.24734
1.46268 1.07474
1.42941 1.1413
1.86388 0.273118
1.9402 0.119785
1.70075 0.598592
1.61766 0.764786
