0.374688 0.749143 3.75278
1.90575 1.54712 0.452875
0.529255 1.05918 2.82675
0.342642 0.685187 3.94484
1.68506 1.65747 0.342528
1.52589 1.37468 1.53591
0.704763 1.40975 1.77176
1.50888 1.52639 0.981064
2.72638 1.13681 0.863191
0.816775 1.63376 1.09955
2.36038 1.18308 1.38023
0.272659 0.545083 4.36518
0.386729 0.773283 3.68042
1.8773 1.44367 0.887593
0.130637 0.261056 5.21743
0.230765 0.461336 4.61626
0.150198 0.300149 5.10011
0.299837 0.599476 4.20181
0.399648 0.799017 3.60313
1.99662 1.19728 1.8866
0.315614 0.630991 4.10725
1.2572 1.61758 0.888653
0.614485 1.22911 2.3134
0.962673 1.92592 0.224205
0.41341 0.826533 3.52057
2.15838 1.42081 0.579192
1.62942 1.30276 1.75229
0.838489 1.6772 0.969249
0.880795 1.76183 0.715392
0.71879 1.43776 1.68751
2.16367 1.18699 1.70166
0.584385 1.1689 2.49403
0.798658 1.59758 1.20832
1.59037 1.70481 0.295193
0.0970247 0.193969 5.41852
0.691145 1.38248 1.85343
0.166791 0.333411 5.00008
1.59101 1.45342 1.17033
0.000815964 0.00140196 5.99672
0.333111 0.665986 4.00225
0.018123 0.0359611 5.89326
0.428148 0.856002 3.43215
0.285573 0.570977 4.28737
0.200025 0.399917 4.80062
2.01639 1.49181 0.508193
2.99658 1 1.01025
0.443972 0.887687 3.33709
0.630634 1.26141 2.21651
2.7895 1.10525 0.894749
0.00230907 0.00438218 5.9878
0.187581 0.37498 4.87537
0.980969 1.9623 0.114327
2.06777 1.1236 2.25226
2.61758 1.19121 0.80879
0.214303 0.428411 4.71505
0.898428 1.7971 0.609579
1.87127 1.1942 2.05706
2.76867 1.04023 1.37606
0.473121 0.945931 3.16234
1.41993 1.79004 0.209966
1.81759 1.5912 0.408795
0.111307 0.222559 5.33278
0.249931 0.499714 4.50117
0.59913 1.19839 2.40554
2.49994 1.25003 0.749969
0.731874 1.46394 1.60903
0.998465 2.00282 0.0111975
2.47765 1.08172 1.79769
1.90935 1.27336 1.59683
0.479288 0.958049 3.12606
0.260813 0.521421 4.43599
0.352645 0.70515 3.88475
1.51937 1.74031 0.259696
1.80161 1.35173 1.36264
2.59688 1 2.20937
0.748765 1.49771 1.50766
1.566 1.56585 0.786848
1.98166 1.37427 1.03838
0.665652 1.33152 2.00647
2.2155 1.39225 0.607751
0.781286 1.56277 1.31251
0.00940111 0.0185691 5.94524
0.945656 1.89157 0.326192
1.32642 1.68726 0.613236
0.647377 1.29491 2.11607
2.34772 1.32614 0.673859
0.855665 1.71174 0.866321
2.41854 1.00877 2.62452
1.35211 1.82394 0.176057
0.570533 1.14118 2.57713
0.461058 0.921809 3.23471
1.23826 1.51315 1.24177
1.23659 1.8817 0.118299
0.544706 1.08952 2.7321
0.00499383 0.00975479 5.97167
0.499478 0.99857 3.00445
0.921426 1.84318 0.471623
2.33128 1.24482 1.09812
2.08857 1.28563 1.29283
0.513804 1.02773 2.91763
