0.566625 2.87425
0.717556 2.5744
0.132815 3.74793
0.927833 2.1523
0.176242 3.66058
0.0581365 3.89696
1.60066 0.803292
1.54404 0.916826
1.2849 1.43412
1.30463 1.39483
1.57258 0.859479
1.93479 0.213537
0.246116 3.51854
1.705 0.598167
1.72126 0.568968
1.11174 1.78018
0.0808451 3.85268
0.353366 3.30425
0.490412 3.0272
1.52843 0.947898
1.77066 0.469606
0.739326 2.52919
1.32062 1.36258
1.80018 0.413294
0.443226 3.12266
1.90662 0.22928
1.37243 1.2596
0.204692 3.60431
1.51433 0.975986
0.949503 2.10569
0.103185 3.80763
1.7842 0.445313
1.19244 1.61908
1.38862 1.22723
1.17225 1.65904
0.0428482 3.92761
1.8886 0.256903
1.8439 0.341991
1.22977 1.54443
1.6289 0.746855
0.154647 3.70378
0.986017 2.03173
1.49924 1.00606
1.82346 0.378061
1.66925 0.669151
1.02866 1.94645
0.333731 3.34358
1.48209 1.04037
0.37955 3.25716
1.15242 1.69878
1.05014 1.9035
1.58763 0.829631
0.893242 2.22161
0.469305 3.06957
0.79989 2.40771
0.671415 2.66525
1.74526 0.520321
0.398708 3.21883
1.42111 1.16216
2.05416 0.122024
2.07963 0.0891249
0.910952 2.1869
0.266874 3.47696
0.0200725 3.97308
0.417584 3.18107
1.33859 1.32652
0.964062 2.07643
1.43625 1.13188
0.760363 2.48735
0.294178 3.42573
0.822438 2.36471
1.0922 1.81934
0.225648 3.56114
0.869856 2.26825
1.46798 1.06846
1.13293 1.73773
0.595274 2.81692
0.616166 2.77632
0.313893 3.38331
0.645997 2.71597
0.850201 2.30755
1.8614 0.309829
0.519678 2.9683
1.35488 1.29413
1.61472 0.77521
2.04131 0.147201
1.24794 1.50781
1.00696 1.98986
2.00843 0.184838
1.07075 1.86227
1.6823 0.643176
1.45177 1.10108
0.693441 2.62581
0.785237 2.43729
0.540708 2.92624
1.21122 1.58153
1.40483 1.19479
1.26533 1.47333
1.5584 0.888112
1.64241 0.719882
