0.529565 1.03974 2.8866
0.405933 0.794351 3.62823
1.91565 1.51625 0.554968
0.970626 1.96738 0.186926
0.382048 0.746701 3.77224
0.717584 1.44782 1.71292
2.75465 1.04749 1.36153
1.62795 1.27456 1.88186
1.3132 1.72106 0.520749
0.203896 0.387818 4.87223
2.35236 1.2946 0.813175
0.615007 1.24758 2.35125
2.36778 1.30614 0.730488
0.286934 0.552078 4.3696
1.65929 1.6654 0.34613
1.79557 1.59932 0.407972
0.819702 1.65314 1.09441
0.297367 0.572458 4.30714
0.464409 0.911699 3.27258
0.753213 1.52033 1.49802
0.36856 0.719589 3.85468
0.921719 1.86646 0.482329
0.363196 0.697871 3.93027
1.97509 1.14528 2.23043
1.93194 1.52889 0.485214
1.25897 1.38217 1.68808
2.47321 1.17177 1.22299
0.545009 1.07037 2.79403
0.169599 0.317317 5.0918
0.0267191 0.0371086 5.95345
0.706645 1.42583 1.77927
0.0227411 0.0292103 5.9771
0.642483 1.22651 2.39512
0.898782 1.81972 0.621161
0.150369 0.280005 5.20647
2.16065 1.40503 0.641826
0.799271 1.6119 1.21788
0.13123 0.243006 5.31927
2.28233 1.34847 0.687405
0.515371 1.01245 2.96853
2.30071 1.24097 1.17295
2.54511 1.06831 1.74149
2.35961 1.01874 2.65612
0.7838 1.59288 1.32473
0.229292 0.439743 4.71158
0.734983 1.48307 1.60779
1.2656 1.60824 0.912003
0.326559 0.629421 4.13499
0.393603 0.769751 3.70319
0.877569 1.78165 0.753028
0.273479 0.525618 4.4493
0.765945 1.54639 1.42135
0.641147 1.30199 2.19378
0.0394284 0.0622837 5.87756
0.41471 0.811689 3.57583
0.0237732 0.0311753 5.97134
2.56145 1.17997 0.991628
1.50433 1.57969 0.800325
0.501696 0.984957 3.05163
1.14459 1.85217 0.283849
0.215656 0.412507 4.7939
0.594864 1.20624 2.47314
1.00753 2.00486 0.183065
0.347934 0.667949 4.02063
0.940903 1.90486 0.365918
0.658209 1.33708 2.09012
1.48777 1.4941 1.11583
0.449078 0.878764 3.37335
0.681475 1.38549 1.95003
1.89641 1.2784 1.58824
0.485228 0.953092 3.14768
0.860005 1.7353 0.852187
2.638 1.03494 1.76952
1.53717 1.72277 0.296
0.476049 0.934645 3.20335
2.70744 1.1004 1.1277
0.693501 1.39927 1.85923
0.0311114 0.0457741 5.92768
0.433413 0.848581 3.46441
2.52373 1.02421 2.16932
1.21914 1.45146 1.46365
0.245615 0.471881 4.61444
2.70474 1.04353 1.52399
0.587931 1.19204 2.51526
0.572004 1.16901 2.66647
0.186031 0.34937 4.9941
0.835966 1.68606 0.996222
0.624942 1.26801 2.29072
1.10188 1.75593 0.610817
1.24051 1.57556 1.03542
1.9626 1.19817 1.93082
1.97544 1.38058 1.01981
2.40002 1.26077 0.89034
0.313556 0.604179 4.21118
2.76557 1.06394 1.21826
0.263806 0.507421 4.50651
0.117866 0.215458 5.40729
1.75814 1.1083 2.70163
1.72786 1.54402 0.68795
0.954539 1.93225 0.283254
