2.32985 1.32925 0.69152
1.65677 1.66438 0.352839
2.3639 1.2891 0.818587
2.2997 1.24138 1.1726
1.7185 1.63844 0.367117
0.189998 0.367374 4.92165
2.19364 1.39206 0.644195
1.50327 1.57819 0.806527
0.954236 1.94365 0.290675
0.297383 0.576131 4.29202
0.346294 0.667521 4.01988
0.692462 1.39549 1.86243
0.498922 0.983828 3.05347
1.25897 1.38111 1.69202
0.241958 0.471068 4.60566
1.86328 1.56523 0.443002
1.96775 1.50238 0.536384
2.00305 1.17639 2.00324
0.171881 0.331672 5.03118
0.89776 1.81713 0.626961
0.430356 0.847942 3.46337
0.326027 0.631657 4.1245
1.26473 1.60671 0.9175
1.01975 1.96539 0.191771
0.624492 1.26675 2.29285
1.21943 1.44985 1.46872
2.72191 1.0367 1.52992
1.48729 1.4926 1.12138
0.528434 1.04079 2.88258
1.2399 1.57402 1.04078
0.676789 1.37986 1.98578
1.9742 1.37956 1.02591
1.24422 1.48045 1.34843
0.117197 0.215661 5.40401
0.0406808 0.0632678 5.88193
0.597854 1.1164 2.67317
0.404308 0.793552 3.62883
2.65695 1.1384 1.01666
2.51228 1.02688 2.17386
0.362623 0.70053 3.91824
0.542049 1.09435 2.78171
0.705828 1.42255 1.78175
0.46207 0.910708 3.27392
0.284726 0.551223 4.36747
0.340761 0.682787 3.99537
0.513607 1.0128 2.96618
0.392751 0.770871 3.69715
0.270922 0.52832 4.43307
0.0322204 0.0464947 5.93206
1.36528 1.77837 0.299068
0.79869 1.61193 1.22258
0.226138 0.439406 4.70285
0.819323 1.65434 1.09851
2.56224 1.14235 1.20796
0.658767 1.34246 2.09522
0.481793 0.949921 3.15567
1.79614 1.59741 0.413998
1.31184 1.71937 0.527233
0.366854 0.717609 3.8595
0.446872 0.880591 3.36471
1.58786 1.70367 0.301668
0.165108 0.304204 5.14161
0.0279389 0.0379731 5.95769
2.43843 1.24643 0.889178
2.54444 1.06773 1.74745
0.63358 1.20867 2.38021
0.835379 1.68684 1.00145
2.82835 1.04185 1.2025
0.76558 1.54502 1.42284
1.0949 1.74825 0.620574
1.14429 1.85088 0.291103
2.39134 1.01302 2.64459
0.875745 1.76911 0.757873
0.782632 1.58676 1.32769
0.0253616 0.0326906 5.97322
1.72595 1.54302 0.693842
0.639584 1.29764 2.20126
1.89522 1.27755 1.59371
0.940652 1.91639 0.373388
0.200428 0.388318 4.85874
1.11596 1.91095 0.189987
0.208001 0.412499 4.79247
0.380443 0.745912 3.77303
0.0239296 0.0299021 5.98164
2.48333 1.01603 2.36166
0.859135 1.73557 0.858358
0.147467 0.270173 5.24565
0.594663 1.20562 2.47398
1.97588 1.14457 2.2342
0.71688 1.44485 1.71489
0.651876 1.24405 2.2722
0.417537 0.819498 3.55066
0.734095 1.47982 1.61115
0.310913 0.602689 4.21204
0.473583 0.933598 3.20489
0.920761 1.86483 0.488299
0.260733 0.507673 4.49554
1.63013 1.27116 1.89596
0.131044 0.242901 5.32052
0.586234 1.18838 2.52536
