0.0334189 3.9431
1.50568 0.989799
1.88234 0.23744
0.789706 2.42346
1.9027 0.19659
1.83579 0.329726
1.60847 0.784344
0.182524 3.63604
1.00844 1.98416
0.823771 2.35385
0.917642 2.16592
1.68967 0.62198
0.942053 2.11712
1.36032 1.28071
0.602309 2.79674
1.71548 0.570358
1.19601 1.60921
0.14599 3.7096
0.0795057 3.84368
1.11544 1.77031
0.203713 3.5938
1.0947 1.81182
0.986897 2.02737
0.010577 3.99241
1.1739 1.65344
1.27246 1.45635
0.805073 2.39124
0.871608 2.25815
1.87007 0.261787
0.109488 3.78371
1.39412 1.21301
0.768175 2.46513
0.964511 2.07215
1.77744 0.446342
0.678149 2.64493
1.64993 0.701427
0.423943 3.15349
0.327083 3.34692
0.0567786 3.89657
1.58004 0.841086
0.238922 3.52324
0.720716 2.56289
0.574903 2.85144
0.630888 2.73954
1.07273 1.85565
1.52115 0.958909
1.62349 0.754268
1.42704 1.14713
1.05199 1.89705
2.05916 0.0623611
0.160778 3.68
0.287125 3.42682
0.124303 3.7542
0.656569 2.68818
2.00248 0.10082
1.44284 1.11554
1.32062 1.36012
0.84495 2.31338
1.66324 0.67481
1.13521 1.73082
0.467294 3.06769
0.404814 3.19153
0.450394 3.10044
1.55118 0.898941
1.28951 1.42226
0.346853 3.30747
1.76404 0.473173
1.15488 1.69146
0.544638 2.91203
0.30708 3.38692
1.23393 1.53338
0.266514 3.46804
1.30764 1.386
1.67653 0.648253
0.896048 2.20908
1.78969 0.421919
1.84768 0.306436
1.25272 1.49584
0.388001 3.22526
1.74061 0.520083
1.475 1.05121
1.48949 1.02223
0.702497 2.59634
0.366227 3.26871
1.56538 0.870429
0.218 3.5651
1.3775 1.24623
1.03051 1.9401
1.94843 0.117876
1.59637 0.808459
0.51528 2.97074
1.21491 1.57151
1.81304 0.375228
1.45815 1.08491
1.53521 0.93077
1.33766 1.32603
0.741904 2.51745
1.91801 0.166815
0.484663 3.03197
1.41058 1.18004
