1.98475 0.492994
1.93007 1.04849
1.82289 1.64568
1.28684 3.06206
0.831368 3.63804
1.66263 2.2232
1.74479 1.95519
0.251716 3.96819
1.0682 3.38169
1.73244 1.99865
1.97279 0.657532
1.59407 2.41573
1.00022 3.46384
0.000702645 4
1.26549 3.09743
0.98294 3.48358
1.1096 3.32793
1.24384 3.13233
1.94617 0.921768
1.86781 1.4301
1.68669 2.1495
1.91763 1.13614
1.57389 2.46809
0.876687 3.59523
1.12593 3.30593
1.71421 2.06057
1.92408 1.09164
0.315773 3.94983
1.99367 0.318522
1.81015 1.70101
1.47178 2.7084
1.45385 2.74686
1.65021 2.25992
1.84675 1.53562
1.67517 2.18521
0.424658 3.90879
1.48342 2.68289
1.42253 2.81169
1.69873 2.11121
0.849761 3.621
0.930783 3.54043
1.83542 1.58902
1.51654 2.60777
1.75534 1.91716
1.08486 3.3604
1.39094 2.87423
0.563806 3.83777
1.6355 2.3023
1.9604 0.792076
1.95084 0.881381
1.87688 1.38175
0.388221 3.92392
0.748901 3.70938
0.591124 3.82129
1.02599 3.43357
1.22773 3.15765
0.804402 3.66221
1.04303 3.41296
1.93581 1.0053
1.8959 1.27365
1.16997 3.24417
1.44098 2.77386
1.61891 2.34871
0.721562 3.7306
0.470911 3.88754
1.88578 1.33243
0.627926 3.79774
1.91083 1.18105
0.656534 3.77834
1.85758 1.48243
1.21244 3.18118
0.903544 3.56853
0.148044 3.98903
0.684472 3.75846
0.956755 3.51262
2 0.000242146
1.35708 2.93826
1.7815 1.81796
1.90213 1.23598
1.37202 2.91037
0.192136 3.9815
1.30539 3.03049
0.774472 3.68792
1.76605 1.8773
1.40893 2.83896
1.79611 1.75955
1.14226 3.28343
1.1896 3.21549
0.514209 3.86553
1.56062 2.50227
1.5445 2.54127
1.50134 2.6427
1.98054 0.556578
1.99123 0.374093
1.99713 0.21439
1.52967 2.5769
1.96627 0.731555
1.33051 2.98675
0.351739 3.93765
1.6074 2.38015
