0.981043 3.32617 1.56376
0.457507 2.707 4.19864
1.28621 0.628226 4.497
1.22851 3.15492 0.146101
1.41479 2.48603 2.01982
0.252224 2.52114 4.59703
1.76246 1.38079 1.93744
0.414288 3.5935 2.3239
0.239828 3.15805 3.6163
1.26787 2.75482 2.11119
1.8836 0.0749981 2.01393
1.48937 2.66788 0.146101
1.92601 1.07797 0.000263759
0.6749 0.43154 5.61085
1.18364 1.41676 4.3445
1.0917 2.85697 2.62842
1.84549 0.925046 1.84989
0.199565 3.75419 1.98247
1.3687 1.8215 3.42853
1.81942 1.66076 0.0396669
0.432627 0.210183 5.84945
1.96711 0.00018295 1.08366
1.49011 1.66094 3.14173
1.60937 1.00218 3.2295
1.64014 2.28892 0.0346532
0.210619 3.49761 2.8418
1.15918 2.55127 3.04329
0.00101293 4 0.000425771
1.15014 2.3147 3.47085
1.70127 0.941725 2.82106
1.20411 1.93527 3.81108
0.769973 3.69164 0.0284986
0.195734 2.22773 4.94863
0.481517 1.20194 5.5374
1.95669 0.828536 0.000322558
1.44444 0.617376 4.04533
1.56223 2.49743 0.0346532
1.23355 0.18415 4.71474
1.51839 0.160177 3.89832
1.14347 3.26591 0.483188
0.246958 1.96712 5.17152
1.62143 1.61078 2.54968
1.06168 0.16504 5.0788
1.07135 3.3763 0.146101
0.741341 1.72897 4.93359
0.964169 2.16954 4.1283
1.5961 1.38849 2.95912
0.241674 2.88456 4.09302
0.701799 1.19005 5.32737
0.783134 3.52911 1.56762
0.633153 3.78951 0.284837
0.977596 1.70811 4.56443
1.72529 2.0231 0.0346532
0.583368 3.68874 1.52378
1.41237 2.82179 0.397679
1.68405 1.68557 2.02071
1.33831 2.97089 0.146101
1.82975 0.0746729 2.43469
0.891386 3.11548 2.64761
1.50658 1.27764 3.44949
0.736348 2.23216 4.46507
0.829558 3.36659 2.07489
0.433153 3.90506 0.000401228
0.190912 1.71587 5.39257
0.971426 2.66148 3.40135
1.46804 1.88893 2.92844
1.04506 3.12557 2.04693
1.13749 0.853067 4.77202
1.93565 0.000394663 1.51371
0.666777 3.33235 2.64837
1.36687 1.36268 3.8739
0.435483 3.25289 3.2381
0.000987212 3.89844 1.34347
1.88944 1.00205 1.26924
1.76908 0.0704386 2.79677
0.94534 1.17521 4.98492
1.97783 0.593952 0.000263759
1.27941 2.55578 2.56341
1.85935 1.4733 0.0396669
2 0.000186009 0.000263759
0.882163 0.055662 5.38416
0.70599 3.04886 3.26807
1.38045 0.145528 4.33606
0.358043 3.84747 1.24071
1.34356 2.24045 2.90851
1.16639 3.08139 1.54871
0.708384 2.8768 3.59429
1.48207 2.09912 2.51336
1.58754 2.17705 1.62896
0.932654 3.5384 0.0284986
1.62572 0.171383 3.48531
0.000961733 0.00047831 6
1.77404 1.84698 0.00058889
1.74795 1.74954 1.2708
1.70305 1.31085 2.4557
0.959168 2.40991 3.82789
1.80712 0.785621 2.28528
1.90348 1.22733 0.0396669
0.232579 0.926431 5.795
1.68974 0.0672796 3.20823
