1.74984 1.93706
1.42293 2.81104
1.19155 3.21261
1.30262 3.03525
0.857705 3.6135
0.379926 3.92717
1.50101 2.64346
1.93011 1.04819
1.96968 0.693818
1.1264 3.30528
1.63114 2.31462
1.25043 3.12181
1.26618 3.09631
1.80999 1.70167
1.54457 2.54111
1.90215 1.23582
1.39101 2.87408
1.877 1.38114
0.731112 3.72316
1.00906 3.45358
0.105432 3.99444
1.79622 1.7591
1.85766 1.48205
1.58289 2.44496
1.05183 3.40215
1.36612 2.92147
0.921258 3.55037
1.83524 1.58982
0.877149 3.59478
1.6589 2.23432
1.11 3.32741
1.28749 3.06096
0.508587 3.86851
0.253973 3.96762
1.82347 1.64314
0.822908 3.64572
1.99713 0.214309
0.767929 3.69339
1.99251 0.345873
1.52991 2.57635
1.89426 1.28339
0.424754 3.90875
0.895227 3.57691
0.334363 3.9437
1.76618 1.87682
0.289605 3.95784
1.5176 2.60529
0.96593 3.50256
1.06775 3.38226
0.647977 3.78424
1.20622 3.19063
1.73517 1.98916
1.02648 3.43298
1.90972 1.1882
1.92398 1.09235
0.703558 3.74433
1.32314 2.99954
1.557 2.51058
1.9869 0.457075
1.84682 1.53526
1.9163 1.14508
1.61499 2.3595
1.44125 2.7733
1.96333 0.762479
1.95522 0.841675
1.70682 2.08495
0.675392 3.76502
1.40922 2.83838
1.14371 3.28142
0.536606 3.85334
0.581936 3.82693
0.471329 3.88734
1.9756 0.622925
1.17214 3.24104
1.34143 2.96685
0.610616 3.80901
1.88586 1.33197
1.66855 2.20539
1.45944 2.73498
1.22813 3.15703
0.192486 3.98143
1.48369 2.6823
1.98056 0.556406
1.9412 0.962784
1.57093 2.47562
2 0.000222383
1.93584 1.00501
1.69514 2.12273
1.86788 1.42971
1.68321 2.16036
0.937194 3.53365
1.59658 2.40908
1.72293 2.03127
0.00126662 4
1.6459 2.27245
0.795648 3.66985
1.9462 0.921499
1.08527 3.35987
1.78091 1.82028
0.983316 3.48315
