0.0497374 2.93631 4.07603
0.0221885 3.25532 3.48599
0.0601581 2.44862 4.7441
1.98027 0.0862943 0.830869
1.43693 2.43278 2.0283
1.84209 1.52984 0.453978
1.26055 0.0855236 4.65646
1.28311 2.55447 2.55294
0.876803 0.14847 5.38937
0.401407 2.74294 4.19818
1.59717 1.93406 2.15629
1.33082 2.98549 0.147074
0.62434 1.50319 5.23679
0.456729 3.89339 0.128248
1.50063 1.90455 2.75432
0.511843 2.4246 4.5197
0.860408 3.58664 0.62718
1.52913 1.41617 3.24399
0.416061 3.59405 2.32365
1.63438 2.30534 0.0353182
1.37624 1.73203 3.50257
1.81331 0.0723676 2.53042
1.12501 3.31378 0.289352
0.94841 1.18491 4.9753
1.68079 2.16776 0.0353182
1.16156 2.71114 2.70571
0.0222107 3.17006 3.65851
0.97408 2.66199 3.39367
1.54964 2.49587 0.622761
1.91326 1.16815 0.0406646
1.64393 2.00349 1.62663
1.8061 1.13807 1.93076
0.137166 3.48212 2.92388
0.319281 3.93766 0.448507
0.499813 2.24412 4.73515
1.35104 0.690541 4.30297
0.226439 0.928544 5.79643
1.78991 1.79878 0.0716605
2 0.000247581 0.000895853
1.65051 1.82182 2.0078
1.19707 1.42225 4.3072
1.74939 1.7444 1.26901
0.929267 0.625729 5.22946
1.70431 1.12012 2.65233
0.873408 2.08268 4.40194
0.152851 3.87591 1.41022
1.18545 2.11809 3.64398
1.378 2.89739 0.146581
1.94822 0.895104 0.192729
0.79475 2.03413 4.58318
1.57235 0.165847 3.70323
1.49841 2.64398 0.268249
0.817311 3.46273 1.7384
1.34308 2.33827 2.87232
0.96879 2.555 3.5875
1.60712 0.169011 3.56276
0.642095 2.90693 3.64369
0.195616 1.81055 5.32046
1.92538 0.12323 1.61677
1.05665 3.1147 2.03849
1.74601 0.324854 2.89024
1.24247 3.13316 0.156514
1.15044 3.15555 1.30324
0.00508018 0.000646788 5.99998
1.6073 1.48106 2.79788
1.95951 0.0770486 1.19557
1.36921 1.36163 3.86733
1.73199 2.0033 0.0617861
1.16532 0.0737198 4.87504
1.98951 0.407336 0.0588829
1.96507 0.743607 0.0479579
0.987647 3.34083 1.46137
1.67008 0.172513 3.29099
0.783043 3.68818 0.0243302
1.89253 0.718929 1.61307
1.74045 1.51588 1.88871
1.5141 0.352496 3.88432
0.212882 1.97569 5.17905
0.670123 3.33003 2.64726
1.92107 1.01208 0.693277
1.50306 2.31573 1.90108
1.83558 1.21899 1.52727
0.453806 0.112835 5.84271
0.220714 3.73965 2.02537
0.124085 3.38977 3.1635
0.280917 1.1528 5.68328
1.61081 0.947433 3.26407
1.87437 1.39527 0.0402631
1.441 0.362448 4.12673
1.07989 0.0811715 5.05254
0.00487567 3.99999 0.00110574
0.701341 3.25238 2.78794
1.29888 2.80231 1.77632
0.565569 3.69616 1.5468
0.936158 3.53469 0.0290227
1.59565 1.39192 2.95413
1.86692 0.0742604 2.14942
0.677153 0.351234 5.621
0.635751 3.78783 0.284779
0.663675 3.06679 3.29759
