1.57093 2.47561
1.0309 3.42768
1.73359 1.99465
1.46256 2.72832
1.13041 3.2998
1.71596 2.05472
1.11423 3.32174
1.87819 1.37461
1.29306 3.05156
1.95115 0.878684
1.62509 2.33219
1.88701 1.32543
1.15456 3.26618
1.86837 1.42715
0.385709 3.92491
1.85833 1.4787
1.99714 0.213874
1.92441 1.08928
1.58515 2.4391
0.987964 3.47789
1.9179 1.13432
0.909085 3.5629
1.08976 3.35405
1.8364 1.58445
1.44471 2.7661
1.75125 1.93198
1.01363 3.44822
0.251363 3.96828
1.64389 2.27828
1.9783 0.587702
1.20975 3.18612
1.25424 3.11576
1.07297 3.37564
0.864087 3.60741
1.99368 0.317634
0.431357 3.90586
1.97375 0.648049
0.93554 3.5354
1.52006 2.59956
1.55257 2.52152
1.19339 3.20987
0.83735 3.63254
1.90327 1.23041
1.05648 3.39637
1.59886 2.40305
1.27674 3.07892
1.23194 3.15107
1.79804 1.75164
1.60973 2.37383
1.9095 1.18966
1.40727 2.84224
1.96674 0.726561
0.207537 3.97841
1.47483 2.70177
1.33136 2.98494
0.953052 3.51664
0.0074702 3.99997
1.17036 3.24361
1.93051 1.04527
1.50424 2.63611
1.70001 2.10711
0.7641 3.69751
1.89509 1.27865
1.84766 1.53121
0.340375 3.94165
1.42621 2.80424
1.78286 1.81265
1.7675 1.87185
1.49193 2.66393
1.65912 2.23366
0.15476 3.98801
0.736543 3.71887
1.36873 2.91656
1.38746 2.88094
1.68961 2.1403
0.467103 3.8896
0.504402 3.8707
0.59629 3.81808
1.35449 2.94304
1.98284 0.522875
0.532922 3.85538
0.891096 3.58103
1.98817 0.434365
1.6767 2.18054
1.94621 0.921473
1.9595 0.800887
0.569558 3.83437
1.31139 3.02012
1.5374 2.55844
0.780899 3.68307
0.295314 3.95615
0.970598 3.49759
2 0.000450348
0.66243 3.77422
0.698305 3.74826
1.81107 1.69707
0.634865 3.79312
1.824 1.64078
0.808802 3.65833
1.93621 1.00221
