0.958419 3.511
1.42421 2.8083
1.97818 0.589211
1.87894 1.37055
1.27135 3.08783
1.63386 2.30694
0.630989 3.79571
1.6079 2.3788
1.29464 3.04888
1.03632 3.42113
0.00330604 3.99999
1.23026 3.15371
1.3344 2.97952
1.79658 1.7576
1.98943 0.410737
1.9666 0.727961
0.611346 3.80855
1.5715 2.47417
1.84706 1.53409
1.31744 3.00955
1.01929 3.44154
1.17501 3.23688
1.51358 2.61464
1.39156 2.87302
1.99829 0.165522
0.473265 3.8864
1.98136 0.5448
0.380027 3.92713
1.05329 3.40034
1.92411 1.0914
1.78202 1.81595
1.15221 3.2695
1.7666 1.87523
0.722283 3.73005
1.81034 1.70022
0.878572 3.59339
0.976093 3.49127
1.11137 3.32557
1.37232 2.9098
0.203106 3.97932
0.905639 3.56641
1.71102 2.07118
0.797123 3.66857
1.09494 3.3473
1.90231 1.23552
0.25559 3.96722
0.150628 3.98864
1.67547 2.18432
1.68804 2.14523
1.85791 1.48076
1.41021 2.83641
1.73941 1.9743
1.13613 3.29194
0.844171 3.62622
0.573175 3.83222
0.327666 3.94595
1.97285 0.656808
1.66737 2.20895
1.47294 2.70587
1.86804 1.42889
0.658721 3.77682
1.98663 0.461781
1.75029 1.93543
1.59314 2.41819
1.35873 2.93521
1.72343 2.02958
1.9413 0.96196
1.53072 2.57442
0.931885 3.53926
0.823923 3.64481
1.8929 1.29151
1.44245 2.77081
0.500943 3.8725
0.742082 3.71447
1.07856 3.36851
1.61978 2.34632
1.99383 0.318378
1.91757 1.13651
0.425859 3.90827
1.25141 3.12024
0.538168 3.85247
1.54491 2.54027
1.82331 1.64382
1.91109 1.17941
1.88673 1.32702
1.69569 2.12099
1.93482 1.01289
1.46062 2.73245
1.00215 3.46162
2 0.000358588
1.95934 0.802437
1.83585 1.58703
1.55613 2.51275
1.95096 0.880387
0.769808 3.69183
1.21375 3.17919
1.49138 2.66516
1.65418 2.24828
1.19283 3.21071
0.68669 3.75684
