1.15051 2.49429 3.17626
1.98989 0.000333743 0.602452
0.668187 3.32745 2.65892
0.453535 3.89557 0.150055
0.227937 3.37191 3.15443
0.906222 0.0921423 5.35211
1.86186 1.46054 0.0398845
1.43349 2.35582 2.24025
0.714956 2.87522 3.57784
0.919912 3.11002 2.58008
0.515458 2.3174 4.63956
1.93538 1.01221 0.0481467
1.91134 0.854425 1.21597
1.51665 2.60002 0.29613
1.62647 1.39804 2.79689
1.2495 3.12177 0.146365
1.78878 1.78574 0.166305
1.8825 0.0750015 2.02317
0.60407 1.50233 5.25917
1.34319 0.824571 4.27583
0.00324459 3.98098 0.584359
1.80586 0.980247 2.11847
1.513 1.45528 3.26074
1.43641 2.78162 0.146365
1.61226 0.167238 3.54155
0.554068 2.54427 4.32113
1.73702 1.5418 1.86982
1.16364 2.27276 3.4931
0.170829 3.90101 1.2296
0.93204 2.46049 3.8183
0.0414383 2.76761 4.33172
0.232809 0.927048 5.79615
0.971757 2.66489 3.39449
1.13981 0.7632 4.79551
0.0300933 2.98862 3.98687
0.134551 3.15421 3.67113
1.0796 0.0686625 5.05027
1.63324 2.30859 0.0349851
1.99097 0.379746 0.000518654
1.84828 0.134592 2.2834
0.772168 3.68981 0.0287052
1.83641 1.22065 1.52448
1.27975 2.76456 2.0193
1.39916 2.5992 1.7835
1.73361 0.337616 2.94889
1.49181 1.92472 2.76394
1.33934 2.96902 0.146365
1.78918 0.0713132 2.6792
1.82021 1.65552 0.121504
0.952615 1.18722 4.96602
1.33541 1.32937 3.99673
0.912514 2.19458 4.20633
1.2683 0.0794261 4.6378
1.96401 0.754725 0.0476708
1.36577 1.56477 3.70175
0.248163 1.96694 5.17115
1.72833 2.01272 0.0349397
0.931089 3.54005 0.0287869
2 0.000335438 0.000570119
0.159496 1.717 5.39804
1.16741 1.39427 4.40013
1.15135 3.2548 0.483271
1.72909 1.72423 1.55018
1.90349 1.2261 0.111378
1.44233 0.405078 4.11192
0.981887 3.3261 1.56029
0.00354239 0.000715808 5.99999
1.60754 0.99839 3.24512
1.6763 2.18191 0.0350516
1.13107 2.7611 2.70792
0.687045 3.05473 3.27965
0.204698 3.74305 2.02477
0.904879 1.93738 4.49641
1.96184 0.0943346 1.15784
0.213611 2.23265 4.93748
1.04008 3.12179 2.08243
0.584277 3.68401 1.54622
1.19962 1.96482 3.78973
1.7095 1.13803 2.60473
0.462677 0.668548 5.75052
1.69387 0.162286 3.1835
1.64319 2.00562 1.6275
0.128277 3.50972 2.8524
1.53018 2.30975 1.71608
0.842086 3.35468 2.07333
1.58298 1.97644 2.15832
1.55408 0.161143 3.76898
1.28432 2.56191 2.52728
1.57874 2.45555 0.0349851
1.93525 0.0762194 1.51008
0.676577 0.432761 5.60887
0.634505 3.7886 0.284995
0.00336441 3.99999 0.000768707
0.422993 3.59033 2.32627
1.38104 2.11561 2.96728
1.09274 3.35023 0.123853
1.65325 1.82282 1.98111
0.78302 3.53291 1.55714
0.755174 1.80604 4.8566
0.495954 1.23155 5.5129
