1.40141 2.59464 1.78241
1.82268 1.65125 0.12133
1.5339 0.182599 3.84139
1.16928 2.09685 3.71514
1.48809 2.66523 0.296073
0.716768 2.87519 3.57944
1.61598 0.97163 3.22078
0.874486 0.0841351 5.39761
1.99117 0.000391663 0.563166
1.3422 0.868598 4.25558
1.09951 3.34099 0.109768
1.93509 0.0763264 1.51183
1.64372 2.00412 1.62679
1.75909 1.40563 1.9259
1.12951 3.18559 1.298
1.26892 0.0891082 4.63614
0.428233 3.59011 2.31291
1.06813 0.0673419 5.07166
0.0349832 2.74718 4.36034
1.90412 1.22335 0.0398092
0.0261756 2.98635 3.99095
1.61975 1.40357 2.82049
1.98817 0.434368 0.000497929
0.129727 3.50956 2.85224
1.95992 0.0773057 1.18951
1.55327 2.5181 0.139149
1.77498 1.05229 2.27013
0.00487954 3.99999 0.000701782
1.93571 1.00641 0.0475892
0.00506558 0.000784669 5.99998
0.166515 1.71941 5.39441
1.86542 0.903814 1.6864
0.143839 3.15329 3.66627
0.240327 1.97098 5.17126
0.930415 2.45095 3.83744
0.206697 3.7426 2.02474
0.506001 2.43516 4.5131
1.58377 1.97438 2.15737
0.762677 2.02822 4.64064
1.96824 0.709312 0.0474909
1.84911 0.137146 2.27704
0.657378 0.160234 5.66366
1.28021 2.55962 2.5523
0.916473 0.633516 5.24764
0.850117 3.34865 2.07181
0.586072 3.68399 1.55106
0.00481058 3.98683 0.486211
0.982559 3.32558 1.55798
0.971342 2.67211 3.38501
1.67626 2.1805 0.116529
1.62814 2.32294 0.0348784
1.72884 1.72521 1.55022
1.69616 0.164804 3.16956
1.70991 1.09414 2.64736
0.453715 3.89446 0.148168
1.50756 1.29687 3.43447
0.216822 2.23994 4.93438
0.229706 3.37606 3.14453
1.04542 3.11688 2.07726
1.13706 2.74869 2.71376
1.36911 1.36195 3.86735
2 0.000479502 0.000497929
0.667311 3.3254 2.6669
1.86199 1.45991 0.0398092
1.42715 2.3729 2.23609
1.32313 2.39629 2.70627
0.913061 2.1941 4.20621
1.88364 0.0752217 2.01356
1.28213 2.73961 2.07799
0.78672 3.5268 1.56839
1.5291 2.28944 1.7828
0.954213 1.18666 4.96544
1.34015 2.96757 0.146223
0.442428 0.129351 5.84884
1.5796 1.76764 2.55245
0.744934 2.58714 4.00195
0.93445 3.53622 0.0731351
0.493297 1.2222 5.51957
1.2518 3.11808 0.146223
1.72852 2.01204 0.0348784
1.83612 1.21957 1.52755
1.49204 1.91313 2.781
0.17792 3.89837 1.23413
1.44384 0.398991 4.1085
0.232775 0.928379 5.79423
1.16632 2.28338 3.46864
1.19727 1.43119 4.30113
1.1257 0.756941 4.82763
1.41672 2.82395 0.146966
0.774851 3.68755 0.0286368
1.60729 0.16852 3.56169
0.637124 3.78899 0.286079
0.683047 3.0557 3.28594
1.79964 0.11336 2.61204
1.73533 0.322477 2.94339
1.14774 2.4864 3.19953
1.78818 1.78999 0.112937
0.625519 1.49986 5.23793
1.39094 1.88034 3.26901
0.911954 3.08652 2.66088
