1.44249 0.37081 4.11869
1.60867 0.169448 3.55598
1.37079 1.36094 3.86277
1.26249 3.1025 0.146757
1.19894 1.42861 4.29935
0.789968 2.01748 4.60712
1.16838 0.0743141 4.86855
0.968315 2.71474 3.31445
1.64284 2.00947 1.62481
0.563823 3.70015 1.52848
1.38111 2.89148 0.146303
1.67183 1.66141 2.15276
1.81949 1.6662 0.107843
0.00868822 3.99996 0.00101448
0.639095 3.7857 0.284694
0.937023 1.99426 4.3854
1.51303 2.28717 1.90741
1.26503 0.0804181 4.64573
0.232479 0.927405 5.79511
1.28794 2.54294 2.55671
1.5969 1.39003 2.94989
0.252515 2.04527 5.10609
0.452182 3.89547 0.129426
1.73804 1.07164 2.49663
0.661713 3.05786 3.32229
1.89212 0.725889 1.61035
0.323447 3.93602 0.448088
1.70561 0.604515 3.00174
0.0264818 3.25466 3.48709
1.75046 1.74094 1.26631
1.84618 1.53598 0.166563
1.55336 2.52253 0.0441331
0.933868 3.53677 0.0799745
1.63692 2.30055 0.0357945
0.00888363 0.00121952 5.99994
0.791343 3.52455 1.56005
0.0451982 2.89616 4.13874
0.50725 2.42765 4.5201
0.220999 3.73987 2.02471
0.455633 0.109168 5.84156
0.026953 3.17023 3.65798
0.786669 3.68072 0.0968865
0.248305 1.79058 5.31716
1.80671 1.13811 1.92657
2 0.000851038 0.000821097
0.38361 2.73423 4.22547
1.74645 0.16371 2.94448
0.989847 3.33706 1.46268
1.70002 2.10695 0.0351689
0.645254 2.91456 3.6249
1.49152 2.66125 0.213578
1.18893 3.2056 0.396753
1.76764 1.88414 0.0821818
1.65377 1.82188 1.97961
1.35736 0.705396 4.27853
0.420955 3.5885 2.33279
1.15754 2.71939 2.70223
1.29924 2.80136 1.775
1.66492 0.175373 3.31409
0.990875 3.47378 0.207664
0.673647 3.32678 2.64841
1.09976 3.27687 0.97707
0.628525 1.49607 5.2364
1.78485 0.318039 2.6684
0.683452 0.389068 5.60864
1.07266 3.07114 2.11068
0.89631 3.31644 2.00566
1.9477 0.0775468 1.36639
1.51789 0.353343 3.87082
1.82859 0.0946912 2.42615
1.33283 2.98072 0.146303
1.917 1.14008 0.0400597
0.493851 2.24455 4.74028
1.98066 0.181941 0.7864
0.958218 2.56989 3.5884
1.20445 2.29559 3.34065
1.44204 2.4365 1.98484
1.9222 0.167614 1.64189
0.285771 1.16167 5.67703
1.88532 1.33474 0.0400597
1.37189 1.63223 3.62416
0.94923 1.19329 4.96864
1.83696 1.21794 1.51415
0.876221 0.132849 5.39312
1.94528 0.920386 0.192313
0.171675 3.3883 3.14701
1.96561 0.737913 0.0478032
1.53407 1.38914 3.23873
1.57089 0.172928 3.70699
1.49948 1.8997 2.76518
1.86749 0.0748181 2.14495
1.60893 0.958539 3.26112
1.58453 2.43548 0.239735
0.704352 3.25036 2.7864
0.861353 3.58837 0.59777
0.161657 3.87263 1.42761
1.16806 2.09453 3.72155
1.10665 0.082631 5.00016
1.98952 0.407059 0.0586669
0.137802 3.49214 2.89802
