0.709919 3.73953
0.81932 3.64903
1.88674 1.32733
0.927575 3.54379
1.69718 2.1162
1.25466 3.11577
1.84787 1.53019
1.93627 1.00168
1.91104 1.17969
2 0.000570002
1.75722 1.91017
1.71628 2.05368
1.49261 2.66242
1.27032 3.08952
1.83637 1.58462
0.00878413 3.99996
1.90363 1.2267
1.98485 0.491341
1.97299 0.655217
1.91837 1.13113
1.40906 2.83869
1.81129 1.69616
1.5753 2.46449
1.7693 1.86505
1.66546 2.21472
1.21775 3.17307
1.99369 0.317548
1.73438 1.9919
1.51023 2.62238
0.598698 3.81657
0.386966 3.92441
1.09885 3.34217
1.62217 2.33972
0.971322 3.49659
1.04029 3.41631
0.112917 3.99362
0.52421 3.86018
1.87782 1.37667
0.478317 3.88407
0.243477 3.97025
1.1944 3.20837
1.42674 2.80334
1.95954 0.800484
0.954062 3.51555
1.95121 0.878242
1.63958 2.29125
1.86878 1.425
1.7862 1.79942
0.570896 3.83358
1.29197 3.05339
1.98068 0.554674
0.901033 3.57107
1.67705 2.17945
1.98837 0.430741
1.3257 2.99504
1.4754 2.70052
1.99714 0.213853
1.44527 2.76492
1.55853 2.50679
1.93058 1.04471
1.17128 3.24228
1.7976 1.75344
1.82479 1.63722
0.766498 3.69458
1.15539 3.26502
1.05727 3.39539
1.13197 3.29766
0.792877 3.67225
0.432296 3.90544
0.295629 3.95606
0.341556 3.94124
1.34548 2.95951
0.199915 3.97997
1.85863 1.47716
1.00628 3.45682
1.30843 3.02523
1.38871 2.87853
1.59179 2.42226
1.9245 1.0887
0.873707 3.59844
1.36838 2.91732
1.02324 3.43685
0.682171 3.76013
1.96676 0.726199
1.53294 2.56913
1.54722 2.53464
0.663582 3.77341
1.60293 2.39217
0.988925 3.4768
0.737498 3.71812
1.08234 3.36365
1.9416 0.959597
1.45931 2.73525
1.65586 2.24332
1.11511 3.32056
0.635957 3.79239
1.75153 1.93094
1.89502 1.27891
0.847158 3.62344
1.23287 3.14962
