1.24483 3.13075
1.59234 2.4203
0.289927 3.95775
1.99775 0.189619
1.15358 3.26758
0.00154958 4
1.87753 1.37823
1.35104 2.94938
1.08562 3.35943
1.73818 1.97862
2 0.00021969
1.72322 2.03028
1.06882 3.38091
1.70752 2.08268
1.95929 0.802993
1.76624 1.87659
1.642 2.28372
1.49019 2.66783
1.62491 2.3322
0.105735 3.99441
1.05197 3.40198
1.86792 1.42952
0.236691 3.97189
1.0094 3.45318
1.99468 0.291472
1.67984 2.17084
1.17439 3.23779
0.685047 3.75804
0.562893 3.83831
1.02651 3.43294
0.379644 3.92727
0.91316 3.55873
0.589539 3.82227
1.6077 2.37934
0.525887 3.85925
1.32421 2.99856
0.41522 3.91285
1.66711 2.20974
1.28787 3.06032
1.54324 2.54433
0.966179 3.50228
0.33395 3.94384
1.8007 1.74066
1.74991 1.93681
1.39056 2.87495
1.92402 1.09203
0.489745 3.87822
0.777516 3.68536
1.37204 2.91032
1.93013 1.04804
1.85769 1.48185
1.82304 1.64503
1.83529 1.5896
1.91089 1.18069
0.831722 3.63771
0.859732 3.61157
0.750015 3.70809
1.55711 2.5103
1.46048 2.73276
1.96675 0.726364
0.805036 3.66165
1.4767 2.69767
1.97818 0.589196
1.69541 2.12187
0.192764 3.98138
1.13458 3.29407
1.91745 1.13733
1.88588 1.33186
1.903 1.23062
1.79171 1.7774
1.84683 1.53521
1.44144 2.77291
0.721956 3.7303
0.45252 3.89627
1.77844 1.82991
1.97282 0.657232
0.629597 3.79663
0.939713 3.53097
1.2738 3.08379
1.51252 2.61708
1.98275 0.524186
0.65716 3.7779
1.41092 2.835
1.94622 0.921368
1.19173 3.21234
1.57074 2.47611
1.2138 3.17911
1.81005 1.70142
1.65437 2.24772
0.88492 3.58715
1.309 3.02425
0.99194 3.47336
1.42845 2.79966
1.53003 2.57605
1.98661 0.462045
1.95127 0.877591
1.11019 3.32714
1.93586 1.00487
1.89427 1.28337
1.99124 0.373911
