0.970263 3.49776
1.82579 1.63278
0.935276 3.53568
1.03887 3.41804
1.23899 3.14
0.881942 3.59009
1.93122 1.03998
1.85991 1.4707
1.95991 0.79684
1.56701 2.48554
1.43161 2.7932
1.813 1.68881
1.58517 2.43904
1.12171 3.31165
1.79248 1.77457
1.94227 0.955304
1.92518 1.08382
0.764418 3.6963
1.62511 2.33155
1.20088 3.19867
1.33266 2.98262
1.44985 2.7553
1.6706 2.19917
1.98681 0.458714
1.83785 1.57773
1.61119 2.36988
1.53573 2.56245
1.86969 1.42022
0.26206 3.96551
1.4128 2.83125
1.46728 2.71814
1.68052 2.16872
2 0.000817291
1.55233 2.52211
1.08074 3.36571
1.76984 1.86298
1.91874 1.12861
0.122689 3.99259
1.16182 3.25587
1.31194 3.01914
1.87874 1.37162
1.98085 0.552245
1.52471 2.58864
1.36518 2.92423
1.26052 3.10553
0.579905 3.82816
1.75326 1.92465
1.65209 2.255
1.09736 3.34413
0.791711 3.67325
1.99374 0.31618
1.96586 0.735885
0.441836 3.90118
0.908688 3.56331
1.69984 2.10765
1.6003 2.3992
1.17767 3.23324
1.98998 0.399834
1.22367 3.16395
1.95165 0.874212
0.818863 3.64941
1.14597 3.27826
1.05608 3.39687
1.78356 1.80988
1.35073 2.94993
1.28301 3.06847
0.855132 3.61594
1.02186 3.43849
1.50825 2.62692
1.90362 1.22676
0.0184798 3.99983
1.89592 1.27357
1.90947 1.18983
0.306066 3.95288
1.38036 2.89455
1.64128 2.28587
0.626211 3.79887
0.51528 3.86496
1.88779 1.32098
0.486169 3.88002
1.97597 0.618195
0.396123 3.9208
0.952791 3.51692
0.209471 3.978
1.99646 0.238006
1.93686 0.997181
1.71877 2.04531
1.84921 1.5237
0.99621 3.46847
0.350463 3.93811
1.47958 2.69135
0.699816 3.74714
1.97037 0.686445
1.73674 1.98367
0.543077 3.84971
1.39553 2.86531
0.736883 3.7186
1.80327 1.73
1.49643 2.65382
0.672369 3.76718
