1.51751 1.45249 3.24461
0.00299286 3.98375 0.540233
1.2515 2.7141 2.31423
0.815092 3.45694 1.78491
1.35322 1.56804 3.7399
1.883 0.131001 2.01255
1.16422 1.39216 4.40915
0.00306237 0.000758453 5.99999
1.93502 0.0765907 1.51845
0.630518 1.5024 5.22976
1.44137 0.393737 4.11743
1.73501 0.32258 2.9451
0.222603 3.3768 3.14607
1.85021 0.108138 2.27251
0.141812 3.1639 3.64699
1.9682 0.709755 0.047556
0.918327 2.46156 3.84743
0.462213 0.669091 5.75065
0.00300506 4 0.000739191
0.0461847 2.49136 4.6933
0.915304 0.643883 5.24889
0.450225 3.89609 0.14749
1.7584 1.40334 1.93422
0.204581 1.77318 5.35194
1.93404 1.0185 0.0395922
1.90351 1.22623 0.0808818
2 0.000219561 0.000496865
1.26713 0.126587 4.63824
0.767034 2.04394 4.61828
1.48969 2.11456 2.47175
1.58787 2.17646 1.62785
1.29647 2.40388 2.80908
0.421805 3.59214 2.31644
1.42599 2.45542 2.03349
1.60678 0.169106 3.56371
1.86085 1.46567 0.0395891
0.678849 0.447308 5.60493
1.86259 0.920442 1.69908
1.62011 1.4139 2.81122
1.34634 0.80243 4.27206
0.969959 1.21692 4.92113
0.210494 3.74171 2.02491
1.4709 1.87869 2.93031
1.83601 1.22053 1.51978
0.143266 3.5089 2.8502
1.17589 0.933415 4.64749
1.96181 0.0966309 1.15796
1.57733 2.45861 0.0961477
1.41543 2.8243 0.146358
0.493249 2.24481 4.74114
1.55529 0.163696 3.76429
1.49528 2.6526 0.213797
0.686707 3.19413 2.96655
0.360873 3.84896 1.22285
0.971071 2.66245 3.40055
1.05462 3.10004 2.08973
0.0264218 3.00633 3.95707
0.634009 3.78893 0.285047
1.68669 0.170005 3.21431
1.08426 3.36103 0.0572973
1.639 2.2922 0.034822
0.71945 2.87973 3.56734
0.226806 0.925139 5.79753
1.36471 2.06729 3.1313
1.22957 3.15327 0.146358
0.557199 2.5381 4.32567
0.771893 3.69004 0.028537
1.33921 2.96927 0.146358
0.931957 3.53776 0.150527
1.82032 1.65329 0.166467
1.20594 3.00524 1.60968
1.77849 1.01272 2.28589
0.167956 3.86434 1.46864
0.915495 2.19855 4.19926
1.60363 1.78757 2.38122
1.80513 0.0718593 2.58109
0.00360265 0.000647192 5.99999
0.476129 2.71566 4.16871
1.98927 0.413849 0.000590928
1.13129 2.76076 2.70789
1.2756 2.56431 2.56129
0.668665 3.33109 2.64758
0.247247 1.97358 5.16585
0.90113 3.17559 2.44985
1.20164 1.93282 3.83021
1.4744 0.829426 3.86219
1.61607 1.0063 3.201
1.16466 2.28585 3.46924
1.70945 2.02882 0.666104
0.497294 1.23843 5.50667
1.72879 1.72902 1.54119
0.580177 3.6851 1.55421
1.7598 1.90157 0.0351881
1.99107 0.000224937 0.566223
1.33509 1.32917 3.99784
1.08241 0.0970613 5.04401
1.70573 1.10683 2.65669
1.69626 2.1217 0.0354597
0.981491 3.32523 1.56572
1.15249 3.25836 0.397152
