1.94131 0.961868
1.73307 1.99645
1.71489 2.05832
1.35296 2.94584
1.87531 1.39028
1.15208 3.26968
0.984699 3.48159
1.46087 2.73193
1.47286 2.70605
1.65955 2.23239
1.93591 1.00447
1.09492 3.34733
1.48991 2.66845
1.96678 0.725967
1.55597 2.51314
1.98523 0.485271
1.57191 2.47313
1.03628 3.42118
0.723931 3.72877
1.67547 2.1843
1.99642 0.239257
1.76867 1.8674
0.751223 3.70711
1.93024 1.0472
1.4427 2.77027
0.860783 3.61057
1.68762 2.14842
1.85793 1.48069
1.53343 2.56795
1.17249 3.24053
1.99367 0.318089
1.64266 2.2818
1.24975 3.1229
1.98986 0.402304
0.806069 3.66074
0.29107 3.95741
0.491707 3.87723
1.82332 1.64376
1.95262 0.865542
0.251116 3.96835
1.97822 0.588717
1.75938 1.90219
0.107397 3.99423
1.26797 3.09338
1.23197 3.15104
1.62589 2.32949
1.81036 1.70012
2 0.000227373
1.00196 3.46183
0.42699 3.90778
0.336273 3.94305
1.07002 3.37939
1.37235 2.90975
1.88618 1.33014
0.941173 3.52942
0.658678 3.77685
1.28819 3.05977
1.9106 1.18253
1.19152 3.21273
1.83564 1.588
0.00323498 3.99999
0.833858 3.63584
0.381343 3.92662
1.32971 2.98789
1.40978 2.83726
0.453766 3.89584
1.91759 1.13641
1.01917 3.44168
1.13568 3.29255
1.7503 1.93539
0.631013 3.7961
1.8948 1.28021
1.42416 2.8084
1.79692 1.75621
1.39197 2.87222
1.51874 2.60264
0.611292 3.80858
1.11947 3.31468
0.915297 3.55653
1.58684 2.43488
1.50245 2.64018
1.86813 1.4284
1.78203 1.81589
0.967481 3.50085
1.21242 3.18122
1.95885 0.80723
0.88771 3.58439
1.70187 2.10176
1.31157 3.0198
1.90062 1.2452
0.565663 3.83668
1.60774 2.37921
0.519149 3.86289
0.778262 3.68473
0.688272 3.75568
1.97286 0.656701
1.84719 1.53349
1.05313 3.40054
0.194437 3.98105
1.92432 1.08997
