0.979485 3.32741 1.56659
0.846151 3.33653 2.12458
1.48966 0.725641 3.85271
1.72863 1.72562 1.55163
0.901756 2.45662 3.88798
1.55308 2.51856 0.139496
1.93449 1.01486 0.0473339
1.52031 1.44764 3.23776
1.48663 2.67198 0.213357
1.16638 1.37969 4.41407
0.123556 3.16605 3.65121
0.677729 0.420297 5.6097
0.206342 3.74269 2.0247
1.25089 3.11955 0.145969
1.40093 2.59562 1.78262
1.01142 3.45077 0.0288402
0.72234 2.88998 3.54409
1.92594 0.75764 1.15118
0.669906 3.33033 2.64689
1.8619 1.46034 0.0395958
1.98717 0.000369125 0.678903
1.78322 1.01491 2.25027
0.252339 2.2437 4.91256
1.43859 2.35414 2.22221
1.07939 0.0876227 5.0506
1.33984 2.96814 0.145982
0.634938 3.78833 0.284598
0.583942 3.68552 1.53934
0.178592 3.89759 1.23807
0.00420861 3.99999 0.000455367
1.26801 0.140283 4.63519
1.88392 0.0753874 2.01363
1.69418 0.16595 3.18585
0.755603 1.80687 4.85447
1.98862 0.426103 0.000252493
1.27796 2.76766 2.02436
0.224311 3.37614 3.14663
1.7918 1.78534 0.123794
0.507915 1.26047 5.48666
0.788296 3.52477 1.56667
1.73519 0.322242 2.94423
0.911305 2.18641 4.21543
1.04761 3.11323 2.08437
1.6071 0.169219 3.56238
1.59822 1.80196 2.38862
1.79528 0.071603 2.64217
1.86298 0.919872 1.69586
0.463984 0.668799 5.74944
1.36877 1.36425 3.86661
1.4419 0.377851 4.1191
0.762931 2.12441 4.54156
0.00418004 3.97284 0.697916
0.971839 2.66335 3.39699
0.844778 3.16729 2.65516
0.250132 2.79737 4.22339
1.60966 0.976785 3.24565
1.4934 1.91188 2.77549
0.455328 3.8937 0.148433
1.34342 0.873989 4.24717
0.953458 1.18523 4.96686
1.14721 2.48636 3.20418
0.674982 3.05711 3.29716
1.16351 2.2932 3.46178
0.426129 3.58683 2.33012
1.41578 2.82361 0.145969
1.40008 1.76145 3.37517
1.62746 2.32487 0.0346618
1.96207 0.0772676 1.15726
1.96812 0.70938 0.0815678
0.504852 2.48246 4.45424
0.233149 0.928056 5.7957
1.13799 0.769468 4.79974
1.55493 0.163726 3.76555
0.891177 1.96276 4.49269
0.00434362 0.000674826 5.99999
1.85075 1.22965 1.33059
1.16828 2.09222 3.72411
2 0.000355063 0.000252493
1.67521 2.17957 0.239664
1.13858 2.74256 2.72196
0.156307 1.71689 5.39886
0.249118 1.97055 5.16765
1.93425 0.0761723 1.52149
1.82129 1.65209 0.0701438
1.17343 1.61143 4.22161
1.28192 2.55481 2.55428
0.890743 0.11411 5.37288
0.360445 2.94051 3.924
1.58798 2.17641 1.62696
1.9038 1.22538 0.0395958
1.75991 1.40163 1.9299
0.929637 3.54156 0.0551049
1.8491 0.0923289 2.28216
1.71346 1.06548 2.64995
1.61069 1.40803 2.86192
1.15251 3.25844 0.396736
1.36245 2.28744 2.78141
0.772481 3.68954 0.0284656
0.195442 3.50189 2.83972
1.7285 2.0121 0.0346618
