0.769635 3.69059 0.151564
1.38116 0.194249 4.32973
0.238752 3.14767 3.64365
1.36754 1.36309 3.87142
1.15136 2.31615 3.46398
0.890341 3.11089 2.66479
2 0.00019842 0.000254
1.50849 1.50341 3.23027
0.738151 1.73112 4.93492
0.433589 0.204216 5.84929
1.60817 1.00138 3.2354
1.62067 1.61399 2.54945
1.19819 1.92854 3.83544
1.91137 0.0751847 1.7627
0.00166329 4 0.00044323
1.48404 2.1283 2.46956
1.70556 2.08894 0.0346634
1.15165 3.25553 0.482201
0.949866 2.60142 3.55714
1.70288 1.31098 2.45657
0.980006 3.32689 1.56617
0.93455 3.53829 0.0293852
0.967401 2.17947 4.11811
0.0335846 2.7074 4.42279
0.482728 1.20311 5.53588
1.27948 2.57558 2.51818
1.2002 0.000154435 4.79954
1.13675 0.884283 4.76251
1.75272 0.069842 2.88802
0.727561 2.23992 4.47322
0.00164067 3.9456 0.986148
1.90857 1.19518 0.0472882
0.722054 2.84948 3.61093
1.82402 1.63695 0.166157
1.47915 1.24496 3.58073
1.18332 1.41835 4.34412
0.196296 3.38035 3.15326
0.889283 0.0559512 5.3736
1.21006 2.95433 1.78429
1.69053 0.0673812 3.20459
1.43049 2.44772 2.02624
1.4706 1.87493 2.93709
0.970161 1.6916 4.59246
1.44472 0.615444 4.04509
0.785328 3.53199 1.54332
1.97282 0.000195724 0.985811
1.06227 0.114857 5.0808
0.601565 3.61896 1.80972
0.674024 0.449474 5.60891
1.59466 1.39127 2.97129
1.71391 1.71566 1.71454
1.50439 2.63777 0.215356
1.07283 3.37442 0.145921
0.916952 2.93871 3.00946
0.382103 3.79265 1.52366
1.77413 1.36599 1.87163
1.04402 3.1167 2.08183
0.685289 3.1952 2.9669
1.14414 2.51073 3.16782
1.45465 2.74345 0.145921
0.444039 3.90017 0.000416569
0.632843 3.78972 0.284738
0.959857 2.39506 3.85049
0.234693 2.22266 4.93927
1.64227 2.00816 1.62882
0.842499 3.36018 2.0512
0.951098 1.18419 4.97178
1.63646 2.29944 0.0346788
1.34461 2.23919 2.90635
0.218271 2.46505 4.67965
0.157157 1.71818 5.39778
0.00184696 0.000573244 6
1.86871 1.42511 0.0395699
0.245976 1.96684 5.17218
1.58286 1.97596 2.1601
0.229531 0.926235 5.79617
0.00170932 3.86452 1.54886
1.93383 1.02039 0.000163235
0.206219 3.6868 2.24745
0.146351 2.98354 3.97226
1.80796 0.0720433 2.56314
1.60189 0.168013 3.58356
1.85666 0.617662 2.02901
1.51751 0.159166 3.90094
1.96966 0.694138 0.000254
1.53048 2.28376 1.78431
1.84831 0.12714 2.28512
1.36898 1.83417 3.4021
1.8519 1.23181 1.31147
1.57903 2.45481 0.0346788
1.29228 0.642979 4.47678
1.3213 2.82974 1.50845
1.94965 0.000193425 1.33781
0.434467 3.49504 2.61088
1.13993 2.73439 2.73533
1.76111 1.89561 0.0395699
1.33844 2.97067 0.145921
0.702665 1.20531 5.32688
0.506776 2.53697 4.3834
1.23062 3.15165 0.145921
