1.79753 1.75373
1.36647 2.9208
1.83195 1.60493
1.99255 0.344873
1.44456 2.7664
1.3069 3.02788
1.66671 2.21096
0.199418 3.98007
1.84778 1.53062
1.38818 2.87956
1.60375 2.39039
1.23275 3.14981
1.90307 1.23016
1.97832 0.587421
1.64812 2.26602
1.71619 2.05396
0.580322 3.82791
1.55826 2.50744
1.93057 1.0448
1.0901 3.35361
1.34762 2.95561
1.50948 2.62413
1.40713 2.84252
1.89569 1.27491
1.19423 3.20862
1.49243 2.66283
1.75144 1.93127
0.542629 3.84996
1.73428 1.99224
0.663139 3.77372
1.86828 1.42794
0.918811 3.55326
1.543 2.54494
1.97298 0.655258
0.891679 3.58051
1.78303 1.81198
1.0405 3.41606
0.34116 3.94138
1.85858 1.47738
1.94994 0.88935
0.690349 3.75415
0.504252 3.87078
0.112911 3.99362
0.810597 3.65674
0.615833 3.80565
1.7671 1.87333
1.32747 2.99188
1.62103 2.34394
1.47519 2.70096
1.91101 1.17987
0.251809 3.96817
1.99562 0.264462
1.69743 2.11539
1.58342 2.44358
1.84125 1.56181
1.17078 3.24301
0.971282 3.49666
1.46238 2.72869
1.15556 3.26478
0.296474 3.95581
0.837836 3.6321
0.478066 3.88405
1.07356 3.37489
1.52582 2.58602
1.13912 3.28781
1.91836 1.13119
1.27078 3.08884
0.43202 3.90556
1.57358 2.47003
0.755607 3.70354
1.42651 2.80362
1.8776 1.37785
0.783156 3.68058
1.8198 1.66016
1.98147 0.54325
1.25443 3.11539
1.95954 0.800549
0.00826198 3.99997
1.63218 2.31169
1.29196 3.05341
1.93626 1.00177
0.386443 3.92462
2 0.000431098
1.05688 3.39589
1.9646 0.749215
0.864826 3.6067
0.944947 3.52538
1.01431 3.44741
1.92449 1.08871
1.21742 3.17357
1.94158 0.959701
1.98669 0.460704
1.68442 2.15659
0.99705 3.4675
0.635441 3.79274
1.11479 3.32099
1.88675 1.32745
1.96944 0.696624
0.72491 3.72801
1.8088 1.70676
