0.716433 0.256633 5.68837
1.03635 1.98817 4.36561
0.25404 3.0833 3.89758
1.64695 1.42565 2.98177
1.94446 0.045787 1.92585
0.244121 3.85719 1.76359
0.926792 0.101039 5.43029
1.45812 0.237306 4.28209
1.73415 2.18775 0.0463427
0.920295 3.64193 0.0908472
1.66251 1.64734 2.6347
1.94879 1.27242 0.0460064
0.993398 0.973924 5.14116
1.69381 2.03711 1.66168
0.492193 0.258934 5.88733
0.49488 3.41971 2.97089
1.29927 0.124007 4.71778
1.89444 1.26347 1.4182
1.22191 2.12873 3.75628
2.04524 0.0458893 0.0460064
1.22991 1.88907 4.01003
1.18622 2.79598 2.73943
1.733 1.70555 2.08506
0.791782 1.50861 5.16049
0.513547 3.93295 0.18301
1.51933 2.74686 0.191088
0.0703376 2.01993 5.26258
0.831176 3.72293 0.137206
1.11981 0.114965 5.10456
1.84228 0.0458232 2.6788
0.755417 3.08503 3.31174
0.687325 3.57235 2.11847
0.274965 3.64039 2.58366
1.9706 0.211652 1.64979
1.02703 1.48528 4.80837
0.540539 2.73014 4.2372
1.89338 1.5741 0.045942
0.614122 3.788 1.29776
1.83629 1.46802 1.64979
0.725732 3.36572 2.69587
1.22956 1.44227 4.40244
1.19834 2.53433 3.22222
1.03167 2.69537 3.4276
0.276762 3.41786 3.1956
0.288734 1.48934 5.59268
1.22761 3.26059 0.440642
1.02623 3.52939 0.204354
1.8382 1.81713 0.103667
0.715378 3.80219 0.492694
1.53041 2.1454 2.54012
1.57101 0.203561 3.91716
1.63581 0.0457663 3.68263
1.75263 0.980726 2.84426
0.284535 0.974513 5.83675
1.42278 1.8451 3.4559
0.823788 2.06987 4.66278
1.46629 2.84841 0.440525
0.898468 3.38368 2.13601
1.39384 2.99746 0.191088
0.765493 0.983688 5.46276
1.65375 1.03628 3.28629
1.19577 0.944777 4.7639
0.0960635 4.04389 0.0757603
1.68328 2.34017 0.0798465
1.7472 0.0457923 3.19644
0.952408 3.13876 2.70253
1.48493 2.47871 2.05063
1.39892 2.27416 2.93196
0.557898 1.76793 5.23729
2.02353 0.633033 0.0460064
1.33911 2.58165 2.5865
1.98695 1.00386 0.0460064
1.7959 1.25318 2.31099
1.77622 2.04878 0.0844737
2.02622 0.0458831 0.870668
1.12964 3.40483 0.191088
1.52384 1.92117 2.94446
1.42249 1.39647 3.89497
1.55109 1.31498 3.50415
1.5355 1.70728 3.18361
0.266994 3.27569 3.52041
0.264877 2.27049 4.9912
0.470636 3.7099 2.08349
0.0787638 2.67011 4.57193
1.87319 1.00797 2.00531
0.846342 3.55892 1.60911
1.30644 3.14961 0.0742413
1.32472 2.78256 2.14456
1.61194 2.53157 0.045942
1.89851 0.0458984 2.30145
1.03928 3.35763 1.60459
0.0651886 0.361774 6.0267
0.8213 2.56357 4.08444
0.102812 0.0833155 6.04248
0.215544 3.97198 1.06779
1.10114 3.14676 2.12416
1.36574 0.905006 4.36615
1.61758 2.18589 1.90111
1.99842 0.0458741 1.33588
1.21471 2.34128 3.48462
