1.871 1.68584
2.02575 0.623475
1.58844 2.59451
1.35603 3.07024
1.80101 1.96731
1.94907 1.28083
1.56094 2.65965
1.01545 3.54603
1.24078 3.25542
1.06568 3.4885
1.15514 3.37607
2.01503 0.755113
1.85996 1.73416
0.395634 3.98529
1.47226 2.85209
1.84579 1.79376
1.26324 3.2215
0.43841 3.96916
0.498726 3.94313
0.728226 3.80721
1.52215 2.74695
1.60377 2.55692
2.0379 0.420322
1.12295 3.41809
1.66815 2.38827
1.57378 2.62957
1.9918 0.976991
1.69861 2.30223
1.09045 3.45868
1.91555 1.47103
1.90583 1.52103
0.27046 4.02153
2.02079 0.687773
2.0006 0.900051
1.20596 3.3061
1.81686 1.90824
1.50467 2.78467
0.550213 3.91818
1.93335 1.37387
1.3362 3.10414
1.39658 2.99813
1.43679 2.92241
0.630518 3.87241
1.94154 1.32632
1.22538 3.27812
0.20626 4.03389
1.30004 3.16371
1.13911 3.3972
0.311389 4.01154
0.929981 3.63537
2.00666 0.842572
1.65287 2.43003
1.37756 3.0324
0.77181 3.77446
1.3215 3.1287
1.98141 1.06033
2.03356 0.50358
1.96292 1.19189
1.96924 1.14871
1.10677 3.4385
1.89528 1.57348
1.48687 2.82209
1.75685 2.12052
2.02995 0.562524
2.04353 0.269946
1.0407 3.51759
0.577593 3.90313
1.88413 1.6262
1.45581 2.88516
1.68558 2.3392
1.78433 2.02702
1.74165 2.16984
0.955789 3.6095
1.72952 2.20809
0.752626 3.78916
1.6386 2.46797
1.97547 1.10431
0.798704 3.75309
0.692649 3.83225
1.53874 2.71023
1.41755 2.95913
1.62875 2.49367
0.860331 3.70073
1.83109 1.85306
0.912632 3.65224
1.18175 3.34015
0.352187 3.9997
1.71389 2.256
1.61466 2.52967
0.464232 3.95849
0.886518 3.67687
0.603683 3.88838
2.04665 0.049611
1.92472 1.42197
0.665913 3.85008
0.825225 3.73112
1.76737 2.08546
1.27792 3.19878
1.95625 1.23565
0.981952 3.5823
