2.01568 0.762854
1.72723 2.22015
0.328403 4.00831
0.447333 3.96725
1.95488 1.25331
2.04786 0.0494617
1.71147 2.27
1.06334 3.49407
1.12951 3.41239
1.30663 3.15623
0.286738 4.01922
1.96265 1.20294
1.84148 1.81752
1.77886 2.0515
2.04398 0.29695
1.68041 2.3585
0.243463 4.02868
1.63089 2.49245
1.65527 2.42797
1.04639 3.51365
0.589463 3.8984
1.79599 1.99108
1.89229 1.59453
0.482617 3.95221
0.371037 3.99529
1.49314 2.81274
1.93166 1.3914
2.0308 0.569213
0.527446 3.93115
0.404683 3.98368
1.26642 3.21967
1.23192 3.27152
1.5395 2.71245
1.82899 1.86728
1.11325 3.43308
1.64445 2.45692
1.4274 2.94397
1.76171 2.1096
1.19318 3.32703
1.86862 1.70303
1.9685 1.1635
2.04046 0.391497
1.32128 3.13227
1.99632 0.950071
1.57865 2.62209
2.0359 0.484638
1.70067 2.30016
1.94815 1.2951
1.34356 3.09592
0.562862 3.91297
1.9866 1.03022
1.66814 2.39279
1.85705 1.75295
1.35863 3.06903
1.14562 3.39146
1.56225 2.6606
0.68728 3.83797
1.24727 3.24874
0.704909 3.82584
1.80409 1.96163
0.883179 3.68227
1.2089 3.30483
0.909183 3.6582
1.97613 1.10948
1.51038 2.77624
0.996055 3.56998
1.47387 2.8525
2.02646 0.631444
1.9032 1.54146
1.1696 3.35949
1.92288 1.43966
1.39101 3.0116
0.934927 3.63289
1.41077 2.97529
0.615788 3.8832
0.750273 3.79305
1.91337 1.48993
0.821386 3.73657
1.73894 2.18349
2.00861 0.836413
0.847465 3.71426
2.00189 0.902283
1.28474 3.19118
1.88081 1.64823
2.02137 0.696649
0.776887 3.77265
0.181173 4.03896
1.59972 2.57112
1.37722 3.03636
1.52275 2.74949
1.94035 1.34162
1.61834 2.52462
1.02138 3.54214
1.08844 3.46381
0.639156 3.86904
1.81779 1.91048
1.75003 2.14796
1.45129 2.89768
0.973115 3.59409
0.803613 3.75128
