1.46894 2.84221 0.439735
2.04524 0.0456114 0.0456655
1.87262 1.67088 0.0457541
1.22905 1.85454 4.04803
1.42863 1.85447 3.42325
1.83047 0.0455713 2.75013
0.24636 3.94216 1.25661
1.24431 1.4533 4.35791
0.722094 0.0837833 5.6909
1.42353 1.39546 3.89242
0.996325 2.82292 3.28545
1.6719 1.4431 2.83614
0.956744 3.13149 2.70818
0.734451 3.36346 2.68173
0.502504 0.260673 5.87737
1.2194 2.13086 3.76074
1.59722 2.56898 0.0800881
1.89569 1.08598 1.70215
1.98093 1.05141 0.0456655
1.29169 0.232196 4.7291
0.0880886 1.13417 5.81719
0.763879 3.08182 3.30782
0.79387 2.86306 3.66334
1.20012 2.53152 3.22135
0.0794176 0.913823 5.90118
0.297014 1.76448 5.41114
1.78387 1.57068 1.93171
0.298848 3.26184 3.52969
1.10433 3.1478 2.10599
1.40145 2.27137 2.9255
1.94499 0.045572 1.92104
1.04341 3.35277 1.60031
0.546637 1.24594 5.56734
1.8557 0.993517 2.16106
1.64301 2.19763 1.6578
1.81177 1.92055 0.0844655
1.20017 0.872493 4.78396
0.0739845 0.773232 5.9444
1.53639 2.13773 2.52392
0.492649 3.62443 2.36355
1.89674 0.183128 2.3048
1.66257 1.03844 3.24503
1.50266 0.645439 4.05433
1.21491 2.33995 3.48717
1.03588 3.51512 0.329194
1.75533 2.11928 0.0845713
1.79851 1.77632 1.30689
1.39695 2.99178 0.190415
1.52492 1.91387 2.95364
0.77528 0.985153 5.45038
0.247224 3.79988 2.02358
0.293823 2.50796 4.71403
1.91509 1.4646 0.0456655
0.0707798 0.690983 5.96604
1.13652 3.39591 0.190415
0.800159 1.49346 5.15912
0.141214 4.04035 0.115913
1.48349 2.47813 2.06151
1.21019 3.28599 0.439506
1.43778 0.223903 4.34356
1.02229 2.43672 3.8602
0.253807 3.01854 4.00975
0.902381 3.38157 2.12917
1.52328 2.73824 0.190415
1.01368 2.63204 3.58122
0.517855 3.93074 0.190898
0.314178 2.72399 4.42744
0.567367 2.03235 5.01133
1.35107 0.682674 4.48808
1.94491 1.29623 0.0456655
1.33413 2.59172 2.58659
0.849833 3.55946 1.59553
0.955068 3.60733 0.0737893
1.69038 0.0454986 3.45721
0.114349 0.0890182 6.0413
0.7352 3.7949 0.329102
1.03351 1.73004 4.60878
1.97218 0.0455978 1.65212
1.7553 1.16824 2.66654
1.67542 2.36257 0.0467739
0.282687 3.53799 2.88146
0.813035 2.27421 4.46289
1.6533 1.81906 2.42264
1.03642 2.21346 4.11713
0.494171 3.2906 3.2838
2.01054 0.0456049 1.15806
0.803587 2.49359 4.20897
0.306086 2.2637 4.97616
2.01938 0.686401 0.0456655
1.56446 1.53351 3.24588
1.1919 2.78871 2.73442
0.834811 3.72003 0.115913
1.32798 2.77679 2.14359
0.931417 0.10028 5.42347
1.1235 0.111586 5.09758
1.01552 1.21498 4.98975
1.60812 0.0454856 3.78911
0.650267 3.7208 1.56461
1.30181 3.15711 0.0737893
1.76667 0.193371 3.09167
