2.03772 0.457447
1.59342 2.58776
1.99653 0.951649
2.0311 0.570395
1.82738 1.87529
2.01433 0.781347
2.02675 0.632708
0.369359 3.99631
1.04558 3.51555
0.525232 3.93278
1.64837 2.4478
1.29808 3.17093
1.7107 2.27184
2.04572 0.247963
1.97563 1.11608
0.243793 4.02904
1.89271 1.59459
1.93196 1.3921
1.9476 1.30092
0.293134 4.01811
0.325899 4.00947
1.20706 3.30832
1.26463 3.22397
1.7003 2.30264
1.88077 1.65038
0.801979 3.75326
0.596313 3.8952
1.85562 1.76087
1.77865 2.05379
0.561309 3.91434
0.412996 3.98112
1.47081 2.85977
1.90312 1.54396
1.53847 2.7159
0.498882 3.94534
1.81203 1.93391
1.86856 1.70512
1.7958 1.99342
1.72657 2.22366
0.775441 3.77442
0.463683 3.96096
1.7676 2.09146
2.0048 0.877134
0.881457 3.68454
1.45673 2.888
1.40533 2.98641
1.96874 1.16489
0.686271 3.8395
1.92293 1.44169
1.8419 1.8176
0.837882 3.72322
0.659076 3.85707
1.08718 3.46614
1.57809 2.62462
1.75277 2.14058
1.6047 2.56007
2.00914 0.83816
0.863865 3.70045
0.934256 3.63426
1.63731 2.47701
0.997816 3.56859
0.748673 3.79487
0.713381 3.82051
1.52297 2.75014
1.44233 2.91627
2.04821 0.0501284
1.02059 3.54363
2.0426 0.347634
0.909732 3.65808
1.37462 3.04225
1.55066 2.68842
1.67811 2.36636
1.95588 1.24955
0.623707 3.87904
1.7415 2.17686
0.96047 3.6089
2.02165 0.697959
1.32008 3.13519
1.39198 3.01085
1.06284 3.4953
1.48711 2.8264
1.17661 3.35077
0.179651 4.03957
1.91333 1.4923
1.28454 3.19242
1.96231 1.20792
1.94044 1.34355
1.5672 2.65028
1.15258 3.3831
1.50448 2.78995
1.2463 3.25109
1.98139 1.07356
1.22362 3.28451
1.66443 2.40436
1.98678 1.03199
1.1038 3.4457
1.42453 2.95047
1.34923 3.08628
1.61935 2.52331
1.13665 3.40399
