0.13164 2.36133 4.93553
0.824703 1.23761 5.28012
0.120931 2.04982 5.23846
0.356233 3.02661 3.96052
0.936333 3.35988 2.10058
1.58566 1.50781 3.19603
1.86329 1.13498 1.96568
1.45606 1.79718 3.40313
1.69114 1.62102 2.52135
1.05119 1.21193 4.9349
1.49474 2.79643 0.436985
0.349332 2.4905 4.71168
0.471725 3.8658 1.30445
0.847584 1.76114 4.91083
1.77873 1.71441 1.71446
0.846756 2.61439 3.97556
1.79172 2.00404 0.152775
2.0225 0.0489214 0.998237
0.85406 2.14865 4.54369
1.68293 1.02723 3.17915
0.340239 2.72897 4.41261
2.02996 0.578046 0.0483107
1.25816 1.8595 3.97532
0.120418 0.993386 5.87439
1.77885 0.209902 3.042
1.07955 3.31679 1.58686
1.45097 1.37994 3.82712
1.23336 2.50675 3.16847
2.04762 0.0488028 0.0483107
1.54853 2.68959 0.190772
1.99352 0.0487708 1.43375
1.15723 0.115109 5.03847
0.568711 3.26501 3.2609
0.545421 0.263766 5.84974
0.117586 1.85341 5.39729
1.07372 1.72202 4.54383
1.92402 1.432 0.0503286
1.85002 1.78106 0.0814473
1.68633 2.33654 0.25598
0.891405 3.5316 1.55807
0.563001 3.91126 0.196291
0.87563 3.68757 0.184431
0.584068 1.24296 5.54262
1.97448 1.11943 0.0483107
0.144056 0.0752901 6.0405
1.95542 0.0487122 1.84836
1.46382 0.203339 4.27785
1.56275 2.12046 2.42919
1.90588 0.153483 2.26043
1.84857 0.198375 2.64738
1.31716 2.84346 2.02826
1.49501 2.47598 2.01675
0.299053 3.7917 2.01996
1.26002 2.10439 3.69843
0.980998 0.0968108 5.35363
0.25965 1.76476 5.42917
0.769876 3.33948 2.67884
1.23088 2.74685 2.70042
2.01322 0.785342 0.104404
1.02806 3.53396 0.0761699
1.66664 1.4024 2.92496
1.23043 0.892799 4.71681
1.89348 1.5875 0.0519591
0.122807 2.11811 5.17632
1.06308 2.40302 3.82077
1.32427 0.222377 4.66005
1.73058 2.20844 0.105325
1.79996 1.09697 2.47378
1.54784 1.88733 2.89875
0.775901 3.76484 0.41725
1.25771 1.41713 4.36053
0.527821 3.61201 2.35818
1.52535 0.645521 3.99
0.803724 3.0593 3.28171
0.117412 1.21932 5.781
1.61137 0.206586 3.7806
1.62875 2.49703 0.0818389
1.02191 2.80093 3.27412
0.333302 3.52881 2.87577
1.9045 1.23845 1.38075
1.36451 2.56287 2.52907
0.759251 0.251794 5.64659
1.65503 1.97282 2.14686
0.204521 4.03486 0.135171
0.990728 3.11128 2.67246
1.94783 1.29604 0.0499599
1.04963 2.607 3.5441
1.68353 0.21392 3.49029
1.04838 2.20401 4.11416
1.24849 2.30961 3.44008
0.228776 3.28931 3.52042
1.1697 3.35818 0.141483
1.42321 2.94967 0.190772
1.24203 3.24577 0.437111
1.33836 3.10161 0.190772
1.42939 2.23739 2.88092
1.3734 0.664549 4.44357
0.693585 3.69468 1.57313
0.284906 3.9334 1.28042
1.14644 3.09457 2.10783
