1.33037 1.78785 3.85624
1.92303 1.44505 0.0874901
0.182934 0.0511697 6.0353
1.77682 0.210133 3.06002
1.01225 3.54218 0.482235
0.809882 1.48853 5.15989
0.548146 3.79204 1.54475
1.26807 2.70505 2.64601
1.99149 0.999101 0.0944561
1.60239 1.85488 2.68289
1.96465 1.19665 0.087439
1.30406 2.05686 3.61903
1.30431 2.20912 3.41228
0.354917 3.91567 1.28059
1.61435 1.4719 3.1132
1.68905 2.09578 1.58462
0.188356 3.38237 3.34161
0.314451 3.73935 2.22793
0.607887 2.71894 4.18949
1.81091 1.67041 1.51114
1.27461 0.879432 4.62341
0.88657 2.87731 3.46677
0.201025 3.02616 4.03176
1.81031 1.94319 0.0830703
1.04487 1.94464 4.40624
0.40007 0.969957 5.79167
0.846736 3.1714 2.93578
1.28645 3.1806 0.430897
1.64309 0.200606 3.66442
0.833906 3.30026 2.63062
0.831585 3.71528 0.537213
1.00448 3.31467 1.99355
1.41052 2.69054 1.94864
0.928827 3.64073 0.0791537
1.54202 2.30524 2.16473
1.87927 0.118217 2.46415
1.21742 0.185136 4.91373
2.02546 0.658212 0.0517238
1.21695 3.29489 0.157869
1.93147 0.921519 1.5937
0.399138 2.24337 4.9543
1.83912 1.36945 1.84576
1.07702 2.93465 2.84119
1.99016 0.121652 1.48705
0.326629 3.52997 2.88407
1.08393 3.47134 0.0781489
0.64703 3.86459 0.185621
0.940789 3.48432 1.55998
0.686083 2.32766 4.59443
1.44351 2.33887 2.63597
2.04881 0.0508216 0.0507936
1.59912 2.57237 0.253014
1.7098 1.40288 2.70295
0.324029 1.77329 5.39924
1.81462 0.353917 2.82872
1.45833 2.88505 0.189611
0.190667 4.03889 0.0558823
1.10544 1.19434 4.84456
0.982654 3.13983 2.63094
1.56142 2.66483 0.181167
1.916 1.2046 1.32032
1.49247 2.00374 2.99087
1.9173 0.119756 2.18595
2.04134 0.39701 0.0508313
1.1204 2.61896 3.3356
1.67817 2.36502 0.25312
0.920098 2.54381 3.95728
1.45382 0.802475 4.16652
1.06189 0.34208 5.20526
2.03794 0.0510018 0.673404
1.72293 2.23712 0.0832703
1.48762 1.35378 3.72805
1.40877 2.4972 2.47094
1.69914 1.75213 2.27587
0.476069 3.95647 0.0549182
0.196603 4.03804 0.0530533
0.633841 0.67751 5.70868
1.71786 0.217489 3.34495
0.748312 3.66131 1.54459
1.29242 2.47524 3.02138
1.76363 2.10721 0.0833579
2.01576 0.122613 1.12937
0.89604 1.78128 4.8234
1.86603 1.72227 0.125092
0.406571 2.0068 5.16957
0.320967 3.23533 3.5831
1.13284 3.25797 1.54942
0.385209 0.236078 5.95685
1.50877 2.53851 1.74284
1.14884 2.12836 3.98992
1.8158 1.06825 2.40706
0.603395 3.57265 2.34988
1.39315 0.125837 4.49008
0.845663 0.478727 5.51418
1.65126 2.43846 0.252995
1.94704 0.121071 1.93528
1.19579 3.04265 2.04702
1.38072 3.03131 0.189431
1.31728 1.40928 4.21573
1.55309 0.370004 3.97337
