1.78502 2.02891
0.981004 3.58527
1.57209 2.63678
2.01893 0.722542
1.20985 3.30287
1.29985 3.1665
1.18649 3.33574
2.04212 0.343755
0.955274 3.61195
1.81741 1.9107
1.89575 1.57651
1.92545 1.42415
1.46845 2.86271
1.77211 2.07354
0.771635 3.7763
1.757 2.12461
1.99267 0.978724
1.74186 2.17316
1.50488 2.78722
0.88596 3.67923
0.310689 4.01285
1.0735 3.48129
0.268419 4.02315
0.35216 4.00096
2.01271 0.791538
1.87341 1.68035
1.31464 3.14253
1.42739 2.94325
1.02351 3.53909
0.394589 3.98695
1.90649 1.52351
0.93802 3.62932
0.515015 3.93684
1.98251 1.05987
1.97009 1.15057
1.63897 2.47048
0.437599 3.97082
0.912075 3.65465
1.68579 2.34225
1.67504 2.37267
1.26302 3.22426
1.88471 1.6288
1.24801 3.2471
0.549836 3.91944
1.7229 2.23248
2.00145 0.902555
1.66297 2.40608
0.646154 3.86428
1.52233 2.74961
1.60392 2.55989
2.00827 0.837034
1.39143 3.01014
1.44979 2.89991
1.65227 2.43512
1.96377 1.19361
0.60292 3.89035
1.86137 1.73314
1.62428 2.50859
0.736319 3.80307
1.33576 3.10745
1.8324 1.85262
1.00648 3.55792
2.04761 0.0504415
1.94226 1.32925
1.13066 3.41034
2.03568 0.483843
1.957 1.23802
0.57608 3.90544
0.205407 4.03514
1.58873 2.59707
1.93406 1.37621
1.27782 3.20138
1.14711 3.38893
1.04862 3.51054
1.37737 3.03542
1.80153 1.96985
1.97692 1.10166
1.53949 2.71169
1.84656 1.79547
1.69719 2.30937
1.1706 3.35753
1.55714 2.67158
0.709667 3.82209
0.485709 3.95046
2.02888 0.593786
1.94971 1.28386
0.859762 3.70296
1.09013 3.4612
1.10638 3.44113
1.91628 1.47318
1.70829 2.27662
0.823968 3.73394
2.02429 0.656678
2.04559 0.227088
1.22541 3.28042
0.681943 3.84122
1.4869 2.82497
1.41095 2.97423
1.35666 3.07176
0.798098 3.75531
