1.81645 0.358294 2.81567
1.30178 2.25275 3.35558
0.677506 1.30792 5.42192
1.55784 0.370028 3.95581
2.04857 0.0506013 0.0509399
1.47525 2.16502 2.80613
1.7208 0.854349 3.11001
1.0486 2.94934 2.90045
1.12463 2.06885 4.10513
1.48205 0.134273 4.23167
1.71538 2.2591 0.0833297
0.642561 0.67528 5.7002
0.572827 2.93583 3.89173
1.54853 2.37308 1.94501
1.08924 3.46437 0.0782335
1.40903 2.49066 2.48247
1.68261 1.90707 2.09743
1.78408 2.03628 0.0965483
0.618176 3.88179 0.188249
1.91946 1.20054 1.27976
1.41496 2.67959 1.95166
0.192606 0.0514319 6.03299
1.6978 0.208871 3.43476
1.05748 2.42728 3.80497
1.60401 1.86128 2.66244
0.910446 1.80081 4.7821
0.199616 3.07755 3.94108
1.84329 1.81541 0.0858479
1.53236 2.72902 0.189662
1.38171 3.02885 0.189654
1.26435 0.904493 4.63648
0.867794 3.21905 2.75839
1.94725 0.11996 1.93105
1.62096 2.21404 1.83673
0.413541 3.38678 3.16754
1.99032 0.120926 1.48196
2.04869 0.050407 0.0565135
0.398173 0.966382 5.79354
1.30416 2.0557 3.62034
1.22861 3.27841 0.0995076
0.191181 0.0900368 6.03298
1.8734 1.01027 2.03594
1.81713 1.48996 1.83044
1.743 1.75653 1.94548
1.71291 1.38713 2.70177
0.327162 1.7761 5.39578
0.855998 0.469716 5.50243
0.884468 2.84754 3.52485
0.683305 2.54574 4.3334
1.65132 2.42403 0.478232
0.550363 3.82948 1.30137
0.849193 3.02997 3.24722
0.936797 3.63277 0.078419
1.60654 1.47419 3.14402
2.01582 0.121876 1.12439
1.39777 0.125064 4.47619
1.48889 1.34622 3.72834
1.92649 1.42432 0.0952994
0.199889 3.2748 3.56651
1.27069 2.70257 2.63882
1.10324 1.19421 4.84816
1.96468 1.19413 0.113557
1.89186 1.59718 0.206086
1.77902 0.200217 3.04829
0.886437 2.17114 4.46953
1.46288 2.8752 0.191739
0.389364 3.75675 2.05257
1.00819 3.29463 2.0503
0.192676 0.0505994 6.03298
0.20549 4.03624 0.0545717
1.29169 3.17167 0.430557
1.49707 1.70499 3.35665
1.33566 1.39776 4.17106
1.88085 0.117543 2.45217
0.366179 3.91295 1.27003
1.07472 0.655097 5.11764
1.82829 1.69045 1.2435
1.73543 1.93609 1.59192
1.64116 0.203633 3.67055
1.23108 0.24561 4.87876
1.91713 0.118828 2.18521
1.20823 3.01821 2.06271
0.56602 0.0751412 5.84414
0.501411 3.93338 0.493554
1.99149 0.996906 0.0948201
1.28911 2.4502 3.07712
1.12518 2.62115 3.31621
2.04857 0.0505359 0.0512983
0.42606 1.99583 5.16579
2.02006 0.722277 0.0513165
0.952213 3.47058 1.56615
1.5961 2.57899 0.252404
0.328181 3.53105 2.87861
0.411492 2.34253 4.84175
0.758669 3.65033 1.55632
1.13148 3.25778 1.55622
2.03681 0.481797 0.0509306
0.607366 3.57928 2.31631
0.807327 3.74486 0.327751
1.7899 1.10659 2.53678
