0.714633 0.254545 5.69047
1.19506 0.95725 4.76008
0.0773494 2.28603 5.01446
1.72534 2.21431 0.142445
1.91593 0.0459061 2.16762
0.803902 2.02319 4.73749
1.59187 0.142821 3.84655
1.54767 1.11578 3.66541
1.79397 0.0460587 2.95687
1.13477 3.01472 2.38538
1.17471 2.72017 2.94685
1.01389 2.443 3.86949
1.71861 1.85228 1.90302
0.94929 3.14221 2.70304
0.283187 2.50652 4.72072
1.20661 3.29106 0.440494
1.94545 0.0459167 1.91683
1.42299 1.84353 3.45699
0.0706445 1.14522 5.81341
1.30441 3.15144 0.190736
0.484055 3.62549 2.37462
1.50093 0.625789 4.06646
1.99278 0.0459336 1.41044
1.43411 0.224933 4.35415
1.68188 0.0461356 3.49449
0.711927 3.80288 0.524878
0.289396 2.01491 5.21577
0.790283 1.50954 5.16185
1.12991 3.40448 0.190736
1.119 0.112986 5.10616
1.89502 1.0908 1.70572
0.0658903 0.939388 5.89308
1.42032 1.40071 3.8986
1.83901 1.81399 0.0924354
0.294276 3.26115 3.5341
1.03538 2.71273 3.38691
1.78557 1.5601 1.93676
1.46796 2.51841 2.05032
0.282051 3.53139 2.90014
1.52007 1.9211 2.96183
2.01537 0.733986 0.0456345
1.54697 2.68695 0.0798783
1.81702 1.26854 2.13811
1.63368 2.01012 2.19116
1.64607 1.62324 2.75326
0.725683 3.36786 2.69089
1.23889 1.45719 4.36857
1.68738 1.10843 3.07624
1.288 0.230003 4.73812
1.39656 2.27821 2.93425
1.2208 2.13278 3.75433
1.20032 2.52214 3.23714
0.929136 0.249796 5.41873
0.828693 3.72428 0.190736
1.39234 3.0002 0.190736
0.0625078 0.300971 6.03279
0.494507 0.260204 5.883
0.507163 3.28061 3.29444
1.34243 0.684873 4.51012
1.91494 1.4654 0.0456345
0.790716 2.50574 4.21377
1.98695 1.00393 0.0456345
2.04524 0.0459523 0.0456345
2.03117 0.0459473 0.755631
1.78869 2.00521 0.0456345
1.32962 2.59902 2.59425
0.413502 3.84428 1.56622
0.186105 1.50241 5.61694
1.0711 3.27072 1.81983
1.30928 2.81799 2.12405
0.661008 3.65775 1.84091
0.134208 0.117464 6.03832
1.46426 2.85167 0.440484
1.22249 1.88636 4.03269
0.252331 3.79928 2.02137
0.843841 3.56211 1.60448
1.74132 0.191978 3.21717
0.555354 1.7769 5.23282
1.952 1.25233 0.0456345
1.64728 2.43978 0.0466337
1.00709 1.21492 5.00459
0.165876 3.02517 4.03134
0.21173 3.94499 1.28314
0.917892 3.64294 0.198717
1.6013 2.55667 0.174506
0.756677 3.08425 3.31103
0.765457 0.984755 5.46239
1.20426 2.34967 3.50659
1.86624 0.0460927 2.52625
0.304343 2.7255 4.43069
1.56074 1.53913 3.25582
1.02643 3.52564 0.329391
0.806056 2.78683 3.77064
1.02756 1.73689 4.61726
1.52741 2.13419 2.57709
0.510954 3.93405 0.19182
1.02359 2.21273 4.14584
0.179807 4.0354 0.162741
0.891392 3.39239 2.13054
1.86974 1.6836 0.0798783
