0.779404 3.07562 3.30189
1.00591 0.970923 5.13236
1.67179 1.0413 3.22328
1.91874 1.46775 0.0492407
0.55588 1.24827 5.56685
1.81087 1.94103 0.0493825
0.821034 2.02298 4.72574
1.53843 2.13752 2.54145
1.35276 0.677002 4.49959
1.21907 3.27715 0.522773
1.53153 1.91506 2.94383
0.820766 2.78803 3.75748
1.76071 1.34372 2.46783
2.01628 0.767323 0.0492407
1.34432 2.58812 2.58471
1.04529 1.97637 4.37354
1.90006 0.0493419 2.31946
0.0981411 1.58745 5.58518
0.914729 3.37647 2.13127
1.00745 3.55428 0.332192
1.57834 2.62604 0.0514933
1.86165 0.990429 2.153
0.23124 3.95105 1.25164
0.499259 3.62947 2.35668
0.743907 3.36328 2.68201
1.80054 0.0492632 2.94414
1.22619 2.32918 3.48737
1.23932 1.43649 4.39805
0.322711 2.01604 5.208
0.511224 0.265078 5.87722
0.529592 3.93044 0.186055
1.41085 2.26526 2.9211
1.23509 2.58174 3.03197
1.61003 2.51828 0.6337
1.13509 0.255292 5.07744
1.57134 1.53267 3.23987
1.59805 0.109787 3.84227
1.14463 3.39491 0.0772155
1.55027 1.08809 3.69304
0.31748 2.95245 4.09606
0.320446 2.2708 4.97091
0.934055 3.63419 0.201662
0.845436 3.71644 0.199275
0.0849627 0.869202 5.92027
1.67785 1.44366 2.83063
1.67896 2.36623 0.0491589
1.32196 2.81151 2.10763
1.77558 1.74683 1.68861
0.0855248 0.953028 5.89246
0.275514 3.19306 3.6948
1.75156 2.15034 0.0840415
1.95691 1.24741 0.0492407
1.04437 2.69401 3.42185
0.305939 2.50686 4.71898
1.2692 1.95633 3.84508
1.63974 1.79957 2.56353
0.784801 0.987814 5.44705
1.42968 1.8471 3.44918
1.66428 0.214522 3.57733
0.299552 3.53917 2.88134
0.964117 3.13584 2.69796
1.7012 2.0312 1.6564
0.734448 3.79458 0.495884
1.50847 0.659928 4.04684
0.278309 3.79831 2.02207
1.49338 2.47311 2.04757
0.0817874 0.356467 6.03087
1.03427 2.43542 3.85495
0.860828 3.55406 1.60457
1.48113 2.83913 0.193647
1.3158 3.14228 0.193563
0.0824116 0.527892 6.00477
0.28736 3.35736 3.344
0.146024 4.04385 0.113374
0.147599 0.115045 6.04066
1.87443 1.68236 0.0491589
1.98583 1.04467 0.0492407
1.74899 0.194352 3.2011
1.19951 0.930945 4.7745
1.14742 3.00338 2.39317
1.94959 0.0493561 1.91516
1.44572 0.192839 4.3373
2.01716 0.0493755 1.11195
0.570628 1.76907 5.23446
0.661078 3.71986 1.56665
1.43291 1.39789 3.87807
1.90166 1.09109 1.67918
0.320505 2.72965 4.4266
0.726677 0.232161 5.68762
0.941074 0.107394 5.41789
1.40447 2.98809 0.193563
1.98659 0.0493667 1.53381
2.04881 0.0493846 0.0492407
0.0895618 1.31987 5.73651
1.05278 3.35098 1.59596
1.85975 0.0493714 2.59593
1.30132 0.1783 4.72248
0.811472 2.48197 4.22647
1.03693 1.48081 4.80261
0.812235 1.51268 5.14126
