1.30845 2.22461 3.37175
1.53481 2.72206 0.189782
1.71472 1.3874 2.68727
1.99154 0.99212 0.0949712
1.12587 1.5873 4.54424
0.672242 3.84697 0.200401
0.623941 3.4863 2.58194
1.85433 0.998354 2.19429
0.563316 3.7823 1.54354
2.03557 0.0503389 0.718616
0.19486 0.0504366 6.03192
0.403622 3.677 2.33643
0.922642 2.13509 4.4445
0.402798 2.22388 4.96908
0.323158 3.19636 3.65615
1.91833 0.11828 2.17231
1.76852 2.08771 0.0835583
2.04809 0.0504292 0.0511843
1.10719 2.55725 3.47434
0.362975 3.91358 1.26842
1.75508 0.213276 3.16489
1.27168 0.794063 4.66057
1.33643 1.41847 4.15131
1.06259 3.01836 2.67243
0.440209 2.83689 4.18604
1.2853 2.43729 3.11312
1.02969 0.434588 5.25196
2.01515 0.12151 1.12707
1.306 2.05299 3.6139
1.40149 0.173057 4.4617
0.199825 4.03657 0.0521506
1.99124 0.122643 1.46416
1.94699 0.125091 1.92812
0.688877 1.50915 5.29229
0.555441 2.93954 3.905
2.04799 0.050256 0.108454
1.51815 2.51248 1.74725
0.686683 2.45493 4.44081
0.48269 3.95196 0.146647
1.81088 1.93748 0.0835583
0.773953 3.5879 1.81369
1.38369 3.02398 0.189711
1.60461 1.85038 2.6724
1.51163 1.64216 3.36871
1.49013 1.34436 3.72289
0.416131 3.38719 3.16202
0.843204 3.28519 2.64288
0.844385 3.02744 3.26146
0.831162 3.72421 0.326856
0.917231 2.50341 4.06633
2.03667 0.475044 0.0512803
1.11127 1.19105 4.83221
1.27597 2.68764 2.64708
1.62655 1.39531 3.12911
0.43536 1.99286 5.16087
1.71508 2.2581 0.0835583
0.426974 1.12079 5.71546
1.00856 3.30267 2.01566
1.40766 2.65937 2.05496
1.09205 3.45987 0.0785115
1.5428 2.3007 2.16838
0.941331 3.62694 0.0785115
1.64175 0.203391 3.66583
0.332015 1.76376 5.40081
1.46419 2.87117 0.189766
1.96491 1.18927 0.0960974
1.6831 1.91135 2.08021
1.46169 0.840761 4.12279
1.6983 0.208901 3.42942
0.939415 1.80444 4.72883
2.02053 0.709191 0.0949712
1.1954 3.04044 2.05005
1.443 2.34021 2.63017
1.59665 2.57581 0.25229
0.657532 2.2552 4.70608
1.91659 1.19634 1.31777
0.825742 0.235249 5.57304
1.84318 1.37061 1.80023
0.645368 0.68815 5.69477
0.40454 0.258036 5.94363
1.22305 0.242029 4.89542
1.80953 1.29673 2.1854
1.87772 0.116758 2.46987
1.81238 0.351456 2.8371
0.954967 3.46538 1.57225
1.86315 1.72799 0.0880919
0.885235 2.84677 3.52383
1.20301 3.31624 0.145313
1.12656 2.27967 3.85573
1.29323 3.16797 0.430389
2.04809 0.0503531 0.0513016
1.07402 0.652935 5.11803
0.87237 0.85023 5.38461
1.66243 2.40925 0.0848929
0.197884 4.03684 0.06776
1.92187 1.44726 0.0879634
1.74047 1.76975 1.9332
1.13913 3.24679 1.5533
1.07224 2.80682 3.13803
1.55871 0.4009 3.94456
