1.99676 0.950831
2.04833 0.0496079
0.24458 4.02903
1.42548 2.94899
1.54005 2.71275
1.03783 3.52448
1.8416 1.81944
1.85641 1.75816
1.0634 3.49491
1.40403 2.98914
1.77911 2.05275
1.1693 3.36099
1.70914 2.27824
0.285835 4.02025
1.52273 2.75104
0.421855 3.97796
1.57856 2.62391
1.60539 2.55877
1.75478 2.13451
0.588738 3.89955
1.98178 1.07206
1.0878 3.46565
2.04722 0.182056
1.94869 1.29514
1.3424 3.09818
1.56227 2.66213
1.29957 3.16885
1.76636 2.09613
1.9037 1.5418
1.93196 1.39289
1.97521 1.12004
1.91366 1.49135
1.94037 1.34477
1.38358 3.02633
1.92301 1.44202
0.370026 3.99625
0.757627 3.78834
2.02693 0.631986
0.506421 3.942
2.03319 0.539597
1.78757 2.02351
1.62993 2.49707
2.02369 0.674376
1.89307 1.59359
1.68927 2.3351
1.64437 2.45886
1.61952 2.52329
0.659835 3.85678
1.74197 2.17586
1.24703 3.25028
0.180475 4.03959
0.935086 3.63368
0.952456 3.61628
0.843453 3.7191
1.02072 3.54379
1.96891 1.16435
0.68668 3.83912
0.978119 3.5898
1.676 2.37274
1.81339 1.92937
0.615294 3.88425
1.46424 2.87338
0.820635 3.73808
1.88113 1.6494
1.65851 2.42095
0.458119 3.96347
0.541373 3.92505
2.03786 0.45709
0.908949 3.65906
1.72237 2.23704
0.995724 3.57109
2.01262 0.80089
1.95554 1.25257
1.12906 3.41405
1.50595 2.78721
1.44325 2.91484
0.732021 3.80736
2.04365 0.321863
1.22425 3.2839
1.10579 3.4435
1.18513 3.33935
1.96236 1.20851
1.58947 2.59776
0.326742 4.00939
1.36138 3.06555
0.794143 3.75981
0.865082 3.69959
2.01872 0.734167
1.20861 3.30641
1.14528 3.39301
0.891424 3.67556
1.26216 3.2274
2.00502 0.876332
1.48774 2.8255
1.8278 1.87426
1.28428 3.19313
1.80217 1.97091
1.32035 3.13507
1.86978 1.70038
1.98865 1.02011
