2.03269 0.535649
1.92558 1.42345
1.78703 2.02183
1.76323 2.10346
1.02439 3.53811
1.95714 1.23702
1.80184 1.96873
1.47517 2.84923
0.311897 4.01253
1.18728 3.33464
0.464634 3.95969
1.56239 2.65944
2.00134 0.90303
1.2638 3.22305
0.538267 3.92537
1.69907 2.30431
1.33649 3.10623
1.71407 2.25931
1.97133 1.14177
0.956304 3.6109
0.438643 3.97041
1.66297 2.40609
1.83188 1.85466
1.48794 2.82283
1.81766 1.90977
1.93409 1.37606
1.57859 2.6214
0.270686 4.02266
0.613188 3.88434
1.37808 3.03415
1.59435 2.58352
0.35374 4.00047
1.30061 3.1653
1.98781 1.01841
1.35753 3.07026
2.043 0.319019
0.578183 3.90433
1.14737 3.38858
1.74887 2.15064
2.04761 0.0506816
1.7723 2.07287
0.39576 3.98654
0.973285 3.59338
2.03598 0.478266
1.09093 3.46022
0.998419 3.56667
1.84603 1.79767
1.63477 2.48147
1.97728 1.09904
2.03975 0.402138
1.31513 3.14173
1.39708 2.99985
1.6489 2.44425
2.02888 0.593656
0.639859 3.86825
1.52889 2.73547
0.728264 3.80883
1.1717 3.35603
1.98256 1.05942
1.96392 1.19261
1.4567 2.88625
1.67624 2.36931
1.94995 1.28224
1.7307 2.20835
1.54544 2.69826
1.68953 2.33154
1.91644 1.47236
2.00889 0.830848
1.89585 1.57601
0.499297 3.94437
0.206684 4.03493
1.04978 3.5092
1.8729 1.68261
1.22674 3.27882
0.754879 3.78914
1.20463 3.31046
0.895826 3.67008
2.01677 0.74728
0.781521 3.76856
0.709577 3.82222
0.930475 3.63686
1.1073 3.43998
1.86143 1.7329
1.28601 3.18859
1.99271 0.978327
1.94232 1.32835
1.41839 2.96036
0.869314 3.69441
1.07462 3.47997
1.24852 3.24624
1.90669 1.5225
0.843272 3.71744
1.12387 3.41924
1.43757 2.92371
1.88491 1.62787
1.61459 2.53322
1.50545 2.786
2.02434 0.656543
0.675546 3.84548
0.816929 3.73984
