1.74915 2.15483
1.65373 2.43563
1.88172 1.64938
1.6032 2.56585
1.76549 2.10114
1.53067 2.73515
1.99336 0.98416
0.214286 4.03509
1.8694 1.70464
1.54796 2.6965
0.602025 3.89274
1.5066 2.78731
0.867985 3.69789
0.686104 3.8403
1.59115 2.59532
1.4886 2.82513
0.777121 3.77416
1.2593 3.23296
0.558448 3.91676
1.69267 2.32715
1.28387 3.195
1.33598 3.11031
0.640325 3.86986
1.05179 3.50946
0.74061 3.80189
1.13538 3.407
1.07717 3.47954
1.37538 3.04227
1.9412 1.34317
1.96434 1.19902
0.510682 3.94068
0.344333 4.0049
1.84257 1.81792
1.03472 3.52903
1.72166 2.24114
0.39669 3.98783
1.93124 1.40006
2.01726 0.756514
1.66909 2.39374
1.35304 3.08129
1.23912 3.26326
1.10211 3.44914
2.02822 0.621286
1.94977 1.29193
0.110121 4.04693
1.31417 3.14647
0.947835 3.62191
0.441044 3.97138
2.04173 0.385037
0.478134 3.95556
1.17628 3.35263
0.300679 4.01696
2.00482 0.883173
1.21602 3.29696
0.257099 4.02706
1.56351 2.66084
1.91449 1.49
0.920154 3.64923
2.04881 0.0497668
0.894379 3.67387
1.67961 2.3644
1.6421 2.46661
1.47009 2.86303
1.85636 1.76083
2.02316 0.687352
2.03776 0.468666
2.00045 0.923101
1.77878 2.056
1.43833 2.92577
0.804667 3.75215
0.84047 3.7221
1.2994 3.17036
1.97247 1.14341
1.42281 2.95544
1.01747 3.54835
1.57595 2.63171
1.95654 1.24972
1.79549 1.99724
1.11901 3.42797
1.38851 3.01879
1.9829 1.06723
1.82792 1.87612
1.61715 2.53099
1.92415 1.43893
2.0109 0.82395
1.15347 3.38331
1.90422 1.54205
0.991544 3.57656
1.70961 2.27749
0.712505 3.82214
1.89329 1.59527
2.04609 0.257419
1.45299 2.89717
1.62762 2.50429
1.81242 1.93526
0.974029 3.59506
1.19992 3.31986
1.73364 2.20413
1.40548 2.98783
2.03443 0.527664
