0.115098 1.4027 5.68822
0.121329 1.9296 5.33631
1.35801 2.74725 2.07843
1.90425 0.18549 2.26359
0.528698 2.04463 5.041
1.2466 2.31234 3.43862
0.12841 2.27589 5.02324
0.988601 3.11378 2.66611
1.36881 2.55693 2.5172
2.04702 0.0480865 0.0481326
1.5837 1.50904 3.19952
0.770947 0.251805 5.63174
0.468045 3.86626 1.30661
1.69451 0.214675 3.43948
1.6806 1.60956 2.59527
0.183647 4.0374 0.118053
0.624065 2.34922 4.6381
1.42088 2.95234 0.190733
0.823004 2.87224 3.60072
1.65336 2.43002 0.0816701
0.342876 2.72131 4.42352
2.02172 0.681244 0.0481326
1.96302 0.0481112 1.76767
1.23521 0.829471 4.72852
0.116368 1.5543 5.60192
1.76937 0.917538 2.80324
0.989326 0.467873 5.30155
1.86857 1.10313 1.95179
1.05765 2.41283 3.81722
1.15439 0.135985 5.04161
0.884808 3.53015 1.59157
0.11352 1.11537 5.8257
1.87247 1.68119 0.0816462
1.98401 1.04371 0.0481516
0.332595 3.40833 3.18466
0.840289 1.7642 4.9155
1.53275 2.7247 0.0816462
1.01538 3.54684 0.0759466
0.160668 0.0950533 6.0369
0.805823 3.05276 3.28593
1.1469 3.10134 2.07745
1.04616 2.60957 3.54569
1.1668 3.36151 0.0760594
1.96708 0.839264 1.23376
1.54562 1.87991 2.91616
1.7893 2.00983 0.156066
0.49469 3.13752 3.61222
1.68993 1.22627 2.97993
1.45071 1.80078 3.41552
0.560541 3.91264 0.118053
1.25486 1.41769 4.36482
1.37068 0.667614 4.44758
1.07071 1.72322 4.54669
1.26609 1.90343 3.9033
0.737257 3.79654 0.329386
1.07668 3.32001 1.58168
0.693483 3.69571 1.55857
1.23215 2.5111 3.1618
1.90546 1.24087 1.35436
1.47932 2.5863 1.78893
1.22804 2.73843 2.72149
1.72977 2.20916 0.0817505
1.24224 3.24362 0.437156
0.353569 2.49688 4.7
0.113951 0.739252 5.95414
1.01922 2.22106 4.153
0.526977 3.61287 2.35466
0.593215 1.51676 5.38133
1.3203 0.124144 4.67255
1.65377 1.9728 2.1496
0.280391 3.93395 1.27842
1.42737 2.23866 2.88332
1.95027 1.2761 0.0482928
0.873053 3.68859 0.194948
1.52308 0.646312 3.99458
0.769312 3.33807 2.68046
1.76712 1.32373 2.43532
1.33559 3.10467 0.190733
1.44834 1.38043 3.83206
1.58856 2.59168 0.256024
1.92497 1.42426 0.0497778
1.04673 1.20563 4.94446
0.315084 3.77599 2.0636
0.329628 3.5288 2.87633
1.62411 0.207406 3.72906
1.02356 2.81534 3.23674
0.542398 0.256367 5.85158
2.01385 0.0480689 1.13525
0.93958 3.3541 2.10186
1.61418 2.29631 1.63218
1.55722 2.10242 2.49
0.822783 1.23426 5.28423
1.84794 0.199323 2.64715
0.333172 2.99474 4.01229
1.82239 1.88868 0.0862817
1.50389 2.37057 2.22656
1.46201 0.225923 4.27885
1.75711 0.113566 3.15674
0.811302 2.49851 4.20273
1.77721 1.71602 1.71754
