2.04881 0.049551
1.93978 1.35145
1.65354 2.43614
1.71588 2.25869
1.97 1.16061
0.504302 3.94509
1.00064 3.56677
1.82832 1.87457
1.74216 2.17726
1.92446 1.43723
1.16062 3.37379
1.12058 3.42597
1.79664 1.99313
0.642463 3.86853
1.49 2.82223
1.90457 1.54035
1.73107 2.21215
0.407622 3.98391
2.02828 0.620423
0.25923 4.02661
0.216274 4.03476
1.85681 1.75892
1.8821 1.64762
1.84302 1.81607
0.851584 3.71244
1.89367 1.59344
1.91473 1.48874
1.26329 3.22688
1.98307 1.0659
1.35298 3.08139
2.03258 0.557326
0.34658 4.00423
1.54895 2.69424
1.86983 1.70277
1.81226 1.93588
1.58645 2.60668
2.04719 0.209733
1.50271 2.79557
1.77937 2.05396
1.94872 1.29833
0.878534 3.68835
1.38685 3.02179
1.6193 2.52554
1.20146 3.31775
0.537031 3.9278
1.33672 3.10905
2.03621 0.497084
0.697589 3.8325
1.99351 0.982929
2.00261 0.903613
1.56521 2.65691
1.68642 2.3451
2.01735 0.75549
0.904835 3.6639
2.04176 0.384455
0.575245 3.90776
0.461121 3.96289
1.93301 1.39016
0.615101 3.88512
0.931921 3.63774
1.60417 2.56345
1.47159 2.86
1.76381 2.10675
1.28005 3.20097
1.31777 3.14057
0.833798 3.72801
1.29939 3.17038
0.958415 3.61118
1.97625 1.11646
1.04496 3.51734
1.96367 1.20346
2.01076 0.825366
1.66715 2.3991
0.30288 4.0164
1.17762 3.35081
1.53168 2.7329
1.51956 2.75946
1.06196 3.49759
0.669994 3.85098
1.07889 3.47747
0.760955 3.78664
1.75404 2.13896
1.24039 3.26137
1.95673 1.24853
0.733965 3.80677
1.0278 3.53684
1.21701 3.29553
1.63391 2.48804
0.112306 4.04679
0.807257 3.75003
1.44603 2.91081
1.42489 2.9515
1.14515 3.39428
0.976176 3.59281
1.37197 3.04831
1.10406 3.44672
1.70044 2.30457
2.02324 0.686426
0.788408 3.76526
1.40644 2.98605
