1.59434 2.58266
1.71135 2.26672
1.6767 2.36715
1.03469 3.52602
1.81085 1.93437
2.04738 0.0485506
2.00227 0.892192
2.00804 0.837228
1.22125 3.28592
1.20573 3.30819
0.409681 3.9812
1.57652 2.62555
1.50313 2.79021
1.68757 2.33628
0.47013 3.957
1.6289 2.49588
1.16632 3.36279
1.99844 0.926848
1.55985 2.66458
1.91233 1.49234
1.66571 2.39771
0.505264 3.94114
1.44087 2.91665
0.332319 4.00658
1.89181 1.59408
1.36762 3.05202
1.24422 3.25211
1.96182 1.20617
0.240989 4.02859
1.42149 2.95396
1.86782 1.70388
2.03028 0.569415
0.709013 3.82216
1.79458 1.99396
0.366311 3.9962
1.07722 3.4764
1.40207 2.99004
0.289942 4.01791
1.38815 3.01544
0.176709 4.03901
1.12594 3.41589
1.45602 2.88691
1.85491 1.75952
0.949179 3.61768
1.6415 2.46298
1.77742 2.05434
2.04037 0.386547
1.61492 2.53199
1.90233 1.54295
1.48527 2.82766
1.26461 3.22125
0.68302 3.83999
1.73454 2.19635
2.02082 0.69712
1.18223 3.34109
1.00134 3.56304
0.549983 3.91902
1.14234 3.39465
1.95428 1.25356
1.3252 3.12451
1.88034 1.64772
1.92183 1.44227
0.656625 3.85727
1.69893 2.30338
1.28207 3.19461
1.74919 2.14866
1.97362 1.12366
1.94671 1.30043
1.53779 2.71486
0.888061 3.67685
1.99095 0.990854
2.04379 0.286927
1.47263 2.85358
0.975169 3.59094
2.03708 0.452878
1.30157 3.16322
1.84078 1.81795
0.817404 3.73903
1.10153 3.44666
0.861718 3.70079
0.84405 3.71634
0.746005 3.79541
1.52044 2.753
0.7729 3.77491
1.34656 3.08853
1.93907 1.34589
0.799517 3.75375
0.59419 3.89498
1.82566 1.87794
1.76656 2.09131
2.02592 0.631797
1.96791 1.16372
1.72123 2.23665
2.01488 0.765537
1.93071 1.39359
0.619889 3.88014
1.65187 2.43535
1.9805 1.07314
1.05275 3.50526
0.923114 3.64354
