2.02943 0.595074
0.315727 4.01226
1.03599 3.5263
1.64883 2.44653
1.78745 2.02307
2.0482 0.0518265
1.9351 1.37429
2.04359 0.319688
1.95794 1.23633
1.9173 1.47159
1.67367 2.37877
1.21336 3.29931
1.89687 1.57458
0.442614 3.96978
1.71488 2.25926
1.88569 1.62763
1.48965 2.82113
1.60135 2.56831
0.274571 4.02252
1.30322 3.16265
1.9508 1.28131
0.484766 3.95175
0.554889 3.91771
1.35974 3.06807
0.399866 3.98589
1.98332 1.05879
1.06097 3.4975
1.81891 1.90788
1.77642 2.06142
0.510926 3.93968
1.83341 1.85164
1.45879 2.88387
1.33974 3.10235
0.802677 3.75268
1.53648 2.7203
2.03945 0.421987
1.22871 3.27708
1.76237 2.10892
0.731939 3.8072
0.976691 3.59104
1.17439 3.35378
1.70371 2.2928
1.61652 2.53045
1.97681 1.10742
0.829063 3.73074
1.87384 1.6817
1.86251 1.73143
0.890317 3.67634
0.357562 4.00009
1.5075 2.7835
1.92645 1.42253
0.696164 3.83246
1.75033 2.14848
2.0196 0.7223
1.5533 2.68236
1.40758 2.98223
0.933691 3.6348
1.42652 2.9467
1.5706 2.64228
1.19009 3.33217
2.03497 0.50757
1.58585 2.60628
1.65971 2.41722
1.38751 3.01891
1.13441 3.40687
0.959497 3.60885
1.24653 3.25072
2.00498 0.876093
1.26644 3.22053
1.90768 1.5211
0.864148 3.70019
1.73609 2.19394
0.590843 3.89816
1.96539 1.18734
0.210568 4.035
1.72574 2.22618
1.11034 3.43753
2.0462 0.227482
1.63123 2.49281
2.02494 0.656566
1.28138 3.19736
1.99801 0.938738
0.75836 3.78785
1.52478 2.74616
1.01908 3.54529
1.44315 2.91466
1.08591 3.46766
1.84713 1.79622
1.15059 3.38572
1.94318 1.32737
1.32461 3.12768
1.80314 1.96677
1.00228 3.56414
0.669584 3.85025
1.47175 2.85785
1.68678 2.34174
2.01341 0.791093
1.99337 0.978408
0.916378 3.65169
0.625769 3.87784
