1.16889 3.36266
1.62102 2.52132
1.7594 2.12139
1.64741 2.45255
1.51543 2.7684
0.450427 3.96733
1.90839 1.52115
1.1932 3.32927
2.01234 0.80919
1.82313 1.89464
1.34512 3.09484
1.40641 2.98633
1.03448 3.5293
1.96736 1.17873
1.89767 1.5742
1.97986 1.09002
0.300361 4.01704
2.04881 0.0495848
2.04661 0.237657
1.06879 3.48953
1.84777 1.79666
2.00818 0.85095
0.626165 3.87851
0.41156 3.98247
0.587839 3.90079
1.5359 2.72356
1.7767 2.06316
1.017 3.54887
0.783598 3.76907
1.10281 3.44827
2.04141 0.392687
1.91795 1.47192
1.95038 1.28824
1.60984 2.54935
2.03725 0.478252
1.81085 1.94111
0.737501 3.80418
1.28858 3.18758
0.765308 3.78346
0.16896 4.04158
1.6865 2.34488
2.00034 0.924111
1.14467 3.3949
1.5697 2.64643
1.3263 3.12649
1.72797 2.22174
1.38589 3.02352
0.810649 3.74724
1.79099 2.01331
0.96447 3.60497
1.24975 3.2474
0.709521 3.82424
0.690197 3.83766
0.88359 3.68372
1.46708 2.86911
1.86137 1.73953
1.83337 1.85476
0.351691 4.00269
2.02727 0.634324
1.21627 3.2966
1.63708 2.47978
1.43097 2.93992
1.36286 3.06429
1.5847 2.61087
1.87419 1.68341
1.93625 1.37179
0.65311 3.86185
1.70333 2.2961
1.49702 2.80757
0.829004 3.7319
1.66424 2.40711
2.019 0.736842
1.26894 3.21822
1.96045 1.22459
1.88628 1.62829
2.03182 0.56982
1.12787 3.41667
0.255897 4.02731
1.4849 2.83279
1.0859 3.46901
0.534391 3.92912
0.910866 3.65816
1.92752 1.4206
1.30745 3.1574
1.97382 1.13389
0.0648173 4.04868
0.937673 3.63206
1.71687 2.25567
0.859304 3.70564
1.05194 3.50929
0.992215 3.57864
1.9908 1.00519
1.80117 1.97675
1.55045 2.69084
1.94285 1.33348
1.44795 2.90707
1.74098 2.181
1.2327 3.27272
1.59724 2.5805
0.483519 3.95318
