0.978916 3.5875
1.24738 3.24798
1.18554 3.33708
1.88066 1.64755
1.93975 1.34353
1.94757 1.2969
1.12945 3.41194
1.85623 1.75518
1.61985 2.51994
1.89254 1.59199
2.04104 0.37186
1.53919 2.71255
1.39747 2.99916
1.82741 1.87229
1.26996 3.21361
1.68722 2.33821
1.96258 1.20164
1.08854 3.46316
0.370931 3.99501
1.1697 3.35878
0.286394 4.01907
1.20899 3.30413
0.328782 4.0079
1.60468 2.55805
0.661099 3.85479
1.92266 1.43935
0.527567 3.93074
1.76074 2.11181
2.02624 0.630915
1.42445 2.94889
1.59046 2.59376
1.10513 3.44271
1.96853 1.16323
1.80809 1.94575
0.414035 3.97992
1.69817 2.30654
2.04762 0.0490493
1.86848 1.70225
1.77879 2.05067
2.04446 0.272476
0.465927 3.95953
0.501206 3.9434
0.571647 3.90788
0.821487 3.73605
0.750308 3.7926
0.847871 3.71346
1.79379 1.99788
1.34254 3.09602
1.81723 1.91146
0.59874 3.89275
1.48024 2.83874
1.6585 2.41906
1.91314 1.48961
0.71466 3.81859
1.97527 1.11375
0.961602 3.6055
1.93172 1.38949
1.90325 1.53976
1.84149 1.81626
1.5669 2.64955
2.01832 0.729819
1.35695 3.07193
1.29958 3.16697
1.4989 2.79991
2.01173 0.802127
1.32123 3.13172
0.687831 3.8372
0.909615 3.65703
1.55078 2.68618
0.245433 4.02801
1.62979 2.49456
1.64447 2.45599
2.03049 0.569982
1.67415 2.3752
1.28562 3.18933
0.777047 3.7721
1.9864 1.02974
0.624857 3.87739
0.866423 3.69704
0.794751 3.75814
1.99612 0.949491
1.00465 3.55994
1.37724 3.03568
0.935586 3.63176
1.06371 3.49294
1.4439 2.91145
1.95501 1.25106
1.74635 2.15894
0.181406 4.03866
1.72265 2.23326
1.52266 2.74891
2.00459 0.872849
1.73442 2.19709
1.04012 3.52034
1.22466 3.28154
1.71001 2.27154
2.0359 0.48052
1.46007 2.87957
1.14571 3.39079
0.891333 3.67427
