1.44793 1.37783 3.82633
1.87485 1.66061 0.0843478
0.841488 1.74563 4.92257
0.120981 2.37831 4.91361
0.531363 3.6072 2.35509
0.491604 3.81197 1.55628
0.98725 0.481488 5.29741
1.1386 3.10521 2.08809
0.740525 3.45917 2.3762
1.64251 2.15445 1.78555
1.70963 1.99616 1.62891
1.27727 1.41614 4.30084
0.116659 2.24516 5.05172
0.934869 3.34954 2.12143
1.2203 2.75601 2.69843
1.52164 0.65005 3.98972
1.06607 2.67131 3.37758
1.67355 1.78985 2.36569
1.04706 1.19281 4.94464
1.36188 2.55138 2.54851
1.35419 2.73672 2.11442
0.287566 2.01574 5.21606
1.91475 1.46615 0.0843478
1.88369 1.01286 1.90917
0.559667 3.91036 0.116463
1.22991 2.50406 3.17027
1.37059 0.663309 4.44199
1.99666 0.921498 0.0463037
0.329762 3.52658 2.87401
1.69103 1.42736 2.75158
1.77606 1.71286 1.71419
0.170821 0.103144 6.03277
1.45471 0.131384 4.30258
0.8742 3.68437 0.179344
2.02584 0.601043 0.0463037
1.2904 1.93179 3.79199
0.834712 2.26651 4.44522
1.95483 1.23431 0.0494652
1.5539 2.09587 2.50572
0.126457 2.81669 4.36655
0.117399 2.26796 5.02892
1.8209 1.88574 0.0843478
1.33546 3.1001 0.188713
1.15405 0.11247 5.03769
1.90284 0.178933 2.25963
0.16939 4.03736 0.100033
0.788926 3.20307 2.97634
1.62369 0.205596 3.72201
0.819972 1.2362 5.2861
0.113804 1.62172 5.55575
1.79541 1.09391 2.48606
1.69342 0.212681 3.43469
1.56171 2.6514 0.188813
1.79006 2.00307 0.0803747
0.886451 3.52687 1.59039
1.58244 1.50574 3.19702
1.71166 2.25695 0.0797468
1.49355 2.80281 0.189036
1.79739 0.359901 2.89953
1.54412 1.88308 2.90539
0.278089 3.27792 3.50937
1.32021 0.173502 4.664
1.97194 1.11874 0.0463651
0.356868 3.00387 3.97343
0.346692 2.49631 4.70032
0.543272 0.256118 5.84762
0.278833 3.93157 1.28052
1.07614 3.31542 1.58584
0.580819 1.24067 5.54096
0.820117 2.88218 3.57901
0.287663 3.79211 2.01695
1.22823 0.70061 4.78214
0.747042 0.262472 5.65425
1.85889 0.115643 2.57208
0.95926 3.60163 0.197589
1.75458 0.110411 3.15873
1.45432 1.77765 3.41829
1.98865 0.11989 1.45794
1.65205 2.42684 0.0797468
1.16275 3.36119 0.188813
2.01114 0.0462253 1.14839
1.07051 1.72021 4.54268
1.24068 3.24151 0.435065
0.705667 3.6275 1.83656
1.49173 2.47404 2.01905
1.24772 2.29739 3.44729
0.989495 3.10962 2.6619
0.115952 1.0629 5.84496
2.04535 0.0464397 0.0460821
1.42687 2.23516 2.87886
0.115337 1.82026 5.41816
2.04524 0.046327 0.0463037
0.732092 3.79724 0.327424
1.06015 2.40796 3.80942
1.90098 1.23601 1.39375
1.06063 3.48625 0.327424
1.4202 2.94847 0.188813
1.95794 0.0462316 1.79851
1.06939 2.18628 4.07592
0.560198 3.25294 3.28856
