0.958381 2.84931 3.3128
1.19596 2.53529 3.20673
0.0812151 1.04669 5.84798
1.65747 0.210105 3.56898
1.89549 0.0420326 2.29335
1.49748 0.642732 4.05573
0.212984 3.94067 1.27897
0.644334 3.71865 1.56175
1.73216 2.17917 0.0423332
0.0638259 0.358448 6.02246
1.02621 2.22572 4.10903
1.20514 1.18383 4.61132
0.923497 0.149368 5.42453
0.494837 0.208461 5.88026
1.65971 1.03732 3.2365
1.78494 1.57415 1.88042
0.723322 3.36154 2.69112
2.04167 0.0420614 0.0423332
0.484716 3.62218 2.36291
1.32835 2.59058 2.5876
0.804118 2.01567 4.73213
0.51196 3.92831 0.186382
1.28845 0.118685 4.7317
0.259845 3.19234 3.67986
1.02285 2.42962 3.85026
1.17599 2.71233 2.93507
0.948516 3.13807 2.69511
1.80734 1.91968 0.118471
0.766945 0.978034 5.45397
1.13296 3.00429 2.39393
1.94126 0.0422202 1.91885
1.69174 2.02912 1.65658
2.02051 0.622002 0.0423332
1.41996 1.39514 3.88627
1.61037 2.16796 1.96003
1.82366 0.042186 2.76573
1.0371 3.35196 1.59936
0.715417 3.79603 0.489247
0.12896 0.107094 6.03515
0.282019 3.52978 2.8885
1.39908 2.26301 2.92594
0.789543 1.50449 5.15552
1.34025 0.666313 4.50767
0.291749 1.75735 5.40958
0.0725269 0.817143 5.92758
1.30391 3.14289 0.187081
1.20608 3.28316 0.436615
1.5985 0.0421203 3.80814
1.67202 2.35851 0.0423332
0.969174 0.722992 5.25829
1.47939 2.48021 2.0459
1.5223 1.90065 2.95609
0.261087 3.7936 2.01485
0.28554 2.50223 4.71526
1.01187 1.22373 4.98164
1.11558 0.249514 5.09372
1.94696 1.25684 0.11974
0.798803 2.51198 4.17812
0.307089 2.72082 4.42525
0.748185 3.08291 3.31227
1.12961 3.39668 0.187081
1.16747 0.697505 4.90778
0.830105 3.71679 0.166588
1.91222 1.45735 0.0423332
1.98321 1.00166 0.0423332
1.75807 1.09784 2.68284
1.6612 2.38996 0.0426785
0.71061 0.113912 5.69579
1.41771 1.86714 3.42724
0.54038 1.24288 5.56571
1.00754 2.63052 3.58058
1.58447 2.59199 0.044335
1.25589 1.95125 3.85805
0.894773 3.38073 2.13066
1.55857 1.53125 3.25079
1.83368 1.81075 0.279586
0.988902 3.56325 0.187179
0.295124 3.33879 3.35373
0.105519 4.03953 0.0835192
1.52627 2.12648 2.56834
1.5101 2.75723 0.0764099
0.307667 2.98304 4.02876
1.03389 1.74042 4.58551
1.93632 1.10716 1.10849
1.43226 0.186559 4.34851
0.274878 2.26441 4.98072
2.01668 0.0420565 0.987153
1.70158 1.83334 2.03653
0.843118 3.5562 1.59964
1.21449 1.67911 4.23921
1.76746 0.190383 3.06575
0.557407 2.03005 5.01262
1.3083 2.81773 2.09622
1.88527 1.00449 1.8649
1.39151 2.99163 0.187179
1.88292 1.60345 0.0423332
1.21048 2.33481 3.48751
1.6696 1.42986 2.83677
1.98312 0.0420499 1.48281
1.46488 2.83962 0.436615
