1.92148 1.43427
1.81126 1.92548
1.69909 2.29682
1.59718 2.57038
0.288414 4.0163
1.51121 2.76809
2.03976 0.357311
0.573672 3.90401
0.33044 4.00513
1.98491 1.02563
0.247352 4.02548
1.84527 1.7917
1.9535 1.24716
1.45677 2.88081
0.617499 3.87895
0.528535 3.92759
0.423961 3.97369
1.94626 1.29221
1.417 2.95799
0.447297 3.96442
1.60872 2.54174
1.20976 3.29869
1.39739 2.99426
1.15467 3.37479
2.04583 0.0467515
2.02852 0.57096
1.26844 3.21141
1.32329 3.12357
1.57857 2.61544
0.892904 3.66935
0.716149 3.81448
0.662837 3.85073
1.91194 1.48477
2.03525 0.456758
0.689401 3.83309
1.7693 2.0754
1.75252 2.13122
1.97955 1.06708
1.82582 1.86972
2.01505 0.744982
1.43761 2.91844
1.18653 3.33144
0.183228 4.03638
0.751725 3.78841
1.98991 0.985097
0.372747 3.99204
1.96827 1.14927
1.33581 3.1026
0.840405 3.71661
0.493897 3.94416
1.56237 2.6536
1.87959 1.64249
1.74113 2.16806
1.99895 0.906815
1.30534 3.15301
1.06369 3.48906
1.24814 3.24237
1.72274 2.22572
1.62553 2.49912
1.79514 1.98482
0.867103 3.69303
1.85459 1.75275
1.53993 2.70492
1.47397 2.84634
2.04211 0.289851
1.93841 1.33915
1.10609 3.43751
1.49167 2.80958
1.78253 2.02965
2.00663 0.833933
1.17063 3.3533
1.86782 1.69552
0.777501 3.76855
0.92801 3.63569
1.35709 3.06617
1.71264 2.25651
0.796415 3.75346
1.04025 3.51636
1.13067 3.40626
1.02123 3.53788
1.83739 1.82384
0.822788 3.73167
1.93014 1.38658
1.52771 2.73212
1.66795 2.38569
1.37777 3.02975
1.22526 3.27628
1.68675 2.33265
1.28623 3.18361
1.63943 2.4628
2.02214 0.659658
1.89118 1.58817
0.997363 3.56412
1.65473 2.42194
0.978442 3.58433
1.97383 1.10949
1.96051 1.20169
1.90181 1.53628
1.08203 3.46712
0.956823 3.60679
