0.432312 3.80117 1.53783
0.28808 1.20171 5.69568
1.87156 1.05679 1.67253
1.51294 1.68439 3.13626
1.1933 3.25445 0.303458
0.789044 1.99419 4.70092
1.1764 0.894302 4.73678
0.681399 3.79038 0.303311
1.16417 2.67809 2.90517
0.786398 2.47087 4.18327
1.50574 1.88138 2.90817
0.0799411 0.0232974 6.01741
1.41694 0.189508 4.30669
1.11889 2.97438 2.36451
0.354911 3.96223 0.178382
1.30443 0.0985787 4.61798
1.11659 3.36397 0.164591
1.51453 2.67171 0.303311
0.767643 2.86361 3.59473
1.00852 1.41504 4.80635
0.0578295 3.30507 3.47965
0.202944 3.93103 1.26352
1.66961 2.28189 0.058875
1.71818 0.165328 3.18254
1.5521 0.158587 3.87151
1.38054 2.23904 2.89489
1.76683 1.54593 1.83716
1.99878 0.602589 0.0202251
0.674853 3.53945 2.08733
0.0545924 2.92924 4.16722
1.98588 0.0201876 1.12519
1.46255 2.44952 2.01866
1.02259 1.95929 4.32332
0.993315 2.60603 3.5457
1.8606 0.0201818 2.36808
0.889918 3.36653 2.01856
1.78157 0.840973 2.58113
0.488771 3.49846 2.62898
1.22245 1.65147 4.14331
0.285631 2.48034 4.69226
1.62719 2.40109 0.0205287
0.0544594 0.245009 6.03253
1.00973 2.38918 3.83862
0.756387 0.951214 5.42105
1.28731 3.11457 0.0667498
0.484283 0.220608 5.8485
2.0201 0.0201892 0.0202251
1.20705 2.09065 3.73056
1.8155 1.7825 0.0202903
1.65667 0.188406 3.45971
1.92076 0.0201085 1.88749
0.775317 1.48278 5.12431
0.242076 1.72968 5.40394
1.9087 1.33643 0.0202251
1.63737 1.60111 2.65577
0.69891 0.185925 5.65845
1.40403 1.36813 3.85073
1.8692 1.54433 0.0202251
0.978281 0.943881 5.10112
0.958782 2.96687 2.94106
0.501482 3.90167 0.140405
1.6728 2.00156 1.6273
1.19249 2.3063 3.46529
0.909601 0.223264 5.38537
0.295527 2.23445 4.95078
0.267066 3.40536 3.17629
1.49888 0.616774 3.96087
1.4511 2.81288 0.163922
1.96343 0.965481 0.0202251
1.20644 1.40389 4.38184
1.96023 0.0201864 1.47716
1.10339 0.218049 5.05498
0.832464 3.52866 1.5573
1.37609 2.9588 0.163922
0.0701749 4.0306 0.0367254
1.83233 0.986902 2.1071
1.18258 2.50746 3.16922
1.02415 3.32085 1.57356
0.0785371 0.0453405 6.01741
1.75283 2.01663 0.119509
0.976416 3.53188 0.163922
1.32244 2.55806 2.51853
1.52851 1.27458 3.48149
0.29573 1.98053 5.18588
1.61704 1.96417 2.15184
1.61786 2.43046 0.0217262
1.50315 2.12436 2.51853
0.732614 3.198 2.97101
1.30851 2.74631 2.10271
0.550906 2.77961 4.06915
0.0571773 3.19418 3.70588
0.0614035 3.71115 2.38577
0.936109 3.11234 2.6533
0.0532955 2.76605 4.41016
1.80278 0.0201076 2.74009
0.820388 3.68455 0.169138
1.58486 2.50994 0.14304
1.41095 1.80257 3.40969
1.94133 1.1316 0.0202251
1.62737 1.39762 2.94214
