1.89837 1.38856
1.2472 3.17647
0.533354 3.88479
2.01628 0.236012
1.52468 2.65253
1.43401 2.84648
0.907711 3.60283
1.80518 1.81957
1.2249 3.21066
2.02444 0.0247064
1.83297 1.70481
2.01918 0.0444889
0.405725 3.94381
0.934192 3.57608
1.95608 1.01636
1.32161 3.05485
1.33869 3.02521
1.79368 1.86449
1.4036 2.90606
0.995467 3.51031
1.72056 2.122
1.93837 1.14502
1.5587 2.57263
2.00906 0.421885
0.150785 4.01055
0.826991 3.67845
1.0722 3.41993
1.20163 3.24529
1.08874 3.39922
0.853934 3.65418
1.41789 2.87838
1.12199 3.35621
1.29907 3.09295
1.70073 2.18487
0.698792 3.78122
1.26266 3.15216
1.61819 2.42195
1.98995 0.701047
1.36836 2.97204
0.557872 3.87141
1.87944 1.48833
0.67128 3.80065
2.01384 0.312195
0.643466 3.81938
1.35148 3.00255
1.54177 2.61293
1.047 3.45064
1.14535 3.32486
1.9447 1.10089
1.49012 2.72952
1.77943 1.91832
1.97466 0.858868
1.10506 3.37835
1.84565 1.64909
1.73816 2.06394
1.92477 1.23388
1.28479 3.11651
1.47287 2.7665
1.02107 3.48117
0.237538 3.99531
1.60268 2.4627
1.38357 2.94396
1.57321 2.53723
1.17012 3.29055
1.75027 2.02265
1.76327 1.97703
1.63483 2.37701
0.0468405 4.01883
1.65118 2.33151
1.81982 1.76029
0.792237 3.70835
0.95191 3.55762
1.91544 1.29096
0.497989 3.90291
1.66758 2.28453
0.772013 3.72505
1.68622 2.22928
1.98139 0.798313
0.978132 3.52947
0.606666 3.84277
0.71742 3.76755
1.45392 2.80606
1.90717 1.33928
0.441729 3.92894
0.32501 3.97218
1.85764 1.59427
1.51129 2.68284
2.00355 0.518903
0.879867 3.62991
1.86893 1.54047
1.88943 1.43668
0.744907 3.74661
1.96797 0.921965
1.96197 0.969349
1.99992 0.573575
1.99504 0.639225
0.369585 3.95736
1.58879 2.49828
1.93181 1.18878
0.281234 3.98474
