0.2122 3.16065 3.66638
1.36378 1.81281 3.51293
0.9678 2.40199 3.87526
0.196524 2.92407 4.08782
0.968126 0.0288809 5.28181
0.717019 0.937938 5.45228
0.481063 2.71791 4.20965
1.02224 3.24807 1.81513
1.82982 1.67937 0.069381
1.15668 3.27525 0.508602
0.737356 1.47043 5.15768
1.18048 1.64512 4.2203
1.42132 2.83306 0.477467
1.97278 0.0892906 1.18817
1.51788 1.51428 3.2542
0.973303 2.17712 4.15139
1.44047 2.45868 2.05283
1.17742 2.54607 3.06593
1.78202 1.38449 1.89981
1.47802 1.8957 2.95735
1.70068 0.159099 3.21909
0.204142 3.51032 2.86346
1.2609 3.13448 0.175876
1.93413 0.179441 1.65045
0.698699 2.89899 3.61782
0.499304 1.74018 5.22181
0.443398 0.22196 5.86223
1.86908 1.49589 0.0878919
1.91554 1.23999 0.0695992
1.24175 0.119466 4.74089
0.980946 3.50534 0.314514
1.29498 0.640164 4.51718
1.89345 0.127952 2.03924
1.07402 0.20946 5.08747
1.71411 2.11233 0.0307226
1.94038 1.03531 0.430206
0.244607 1.4553 5.56408
1.37617 1.37291 3.89569
1.3497 2.98349 0.175792
1.85864 0.0856769 2.31326
1.55871 0.107317 3.813
0.259894 2.53977 4.60215
1.16432 2.31134 3.5045
1.76098 1.76389 1.27359
1.77278 1.90847 0.069007
1.69306 1.69583 2.05791
1.14256 0.91641 4.77173
0.245926 3.98314 0.168003
0.0294255 1.12828 5.77334
0.966949 1.70092 4.63516
0.475671 3.89774 0.314514
1.48872 2.12172 2.53349
1.86248 1.24379 1.34101
1.76059 0.172624 2.91416
1.64391 2.32231 0.156907
0.663856 0.229315 5.67495
0.772513 2.04142 4.65171
0.896686 3.12146 2.69533
1.62179 1.62447 2.62464
1.17193 1.39653 4.43657
0.221354 3.31587 3.33535
1.34077 2.2504 2.98476
0.913131 3.62599 0.0341764
0.666742 3.77889 0.477538
0.675877 3.34139 2.67499
0.787767 3.73401 0.129324
2.0305 0.0305042 0.0404134
0.951832 1.19512 5.00198
0.216602 1.97461 5.2039
0.695152 3.20214 2.99535
1.56346 2.53393 0.170701
1.08422 3.3867 0.177997
1.63462 0.183229 3.51012
0.611981 3.6281 1.83897
1.45475 0.613252 4.06808
0.843006 3.3719 2.11437
0.873769 0.213033 5.41796
1.08762 2.98657 2.39487
1.75734 1.22768 2.30497
1.6519 2.02157 1.65791
1.48344 2.71884 0.175792
0.796414 3.53819 1.58827
0.392182 3.80235 1.55247
0.735135 2.47205 4.21628
0.207328 2.23275 4.96775
0.175211 3.7028 2.27251
2.00151 0.42024 0.0301656
0.0964867 4.03178 0.0688409
1.17699 2.10174 3.74808
1.29112 2.57321 2.56424
0.0127972 0.012635 6.01197
0.161507 3.9115 1.27074
2.00572 0.32806 0.0306909
1.80537 0.318863 2.62773
0.969183 2.63639 3.51293
2.01018 0.0840979 0.241662
1.38858 0.156786 4.35907
1.27822 2.765 2.13894
1.98088 0.714994 0.0298193
1.5769 2.19074 1.90735
