1.39408 1.29345 3.86769
1.04028 1.69945 4.4709
0.233471 3.50039 2.84407
2.00542 0.00572096 0.00586556
1.946 0.972902 0.0433913
0.874627 3.46072 1.54009
0.810461 2.82874 3.50292
1.22369 2.23691 3.38779
1.48567 2.35521 1.9694
0.860809 3.62106 0.0334994
1.23915 1.36441 4.26573
0.61434 2.2933 4.57561
0.826759 2.55092 3.93707
1.279 2.9163 1.53456
1.53871 1.42759 3.21407
1.39803 2.87487 0.146739
1.14998 3.2856 0.0335026
1.31122 3.03375 0.146741
0.345702 2.2139 4.90363
1.42941 1.53611 3.53804
1.26344 1.91182 3.6968
0.931305 3.30035 1.9698
1.79191 1.35471 1.7938
1.51003 0.456405 3.90006
0.244362 1.71659 5.38145
1.03444 2.14846 4.02946
1.20077 2.69279 2.63098
1.71763 0.159048 3.10016
1.84089 1.59398 0.0431364
1.68056 1.92923 1.56694
0.120631 0.0196846 5.99543
1.77622 1.67861 1.22207
0.106906 2.72904 4.39629
0.503235 3.56276 2.30723
0.268792 3.88504 1.23442
1.16107 0.18353 4.89772
1.37628 2.33343 2.63089
0.324565 3.36172 3.13448
1.4689 2.73017 0.146741
0.801715 0.913146 5.33847
0.751177 3.70542 0.443652
0.767767 0.389192 5.52274
1.22188 3.16623 0.457581
0.97609 2.40764 3.81826
0.300847 3.72821 2.02155
1.033 1.16345 4.85741
1.20652 0.827281 4.64619
1.79918 0.972339 2.22916
1.62385 1.9044 2.084
1.01385 3.45968 0.0334987
1.86682 1.17757 1.32211
0.759114 3.01575 3.2495
0.676219 3.63381 1.53254
1.3511 2.51358 2.36162
0.827139 1.70136 4.84857
1.29954 0.080475 4.57914
1.54074 2.56567 0.210885
1.88006 1.39909 0.043391
1.60157 2.42282 0.0408137
1.65443 1.38384 2.70575
1.76613 0.315094 2.81386
0.576823 1.19718 5.47051
0.465755 2.91207 3.88918
1.6343 0.93838 3.19348
0.112301 2.91242 4.11876
0.345521 1.95638 5.14567
1.9181 1.17427 0.0431482
0.11683 3.13276 3.73989
1.54429 1.83502 2.68217
0.973773 3.04484 2.60951
1.05096 2.60251 3.32038
0.111305 0.0952233 6.00022
1.44858 2.0439 2.83027
1.68926 1.75196 1.91911
0.13557 3.99691 0.0347775
1.78853 1.81697 0.0387129
1.93451 0.247692 1.54671
1.86794 0.135638 2.18505
0.397082 3.92745 0.10149
1.56675 0.160135 3.74798
1.64712 0.168099 3.42363
1.67029 2.22181 0.0387977
1.97605 0.689637 0.0508379
1.21584 2.43814 3.08788
0.481082 3.08514 3.55863
1.72921 2.03365 0.0388217
0.106477 2.79839 4.29467
1.89915 0.0759503 1.93228
1.55761 2.22067 1.81539
1.35143 0.627914 4.34897
1.05589 3.25864 1.50853
0.318102 0.927837 5.76788
0.499426 0.211209 5.8142
1.971 0.0846967 1.10757
0.568 3.84262 0.157962
0.975764 0.417668 5.21719
1.82358 0.0731298 2.50308
0.756702 3.2767 2.62344
1.1219 3.04356 2.00995
1.4309 0.0878856 4.21315
