1.09557 3.3842
1.41485 2.8761
1.94154 1.1008
1.06209 3.42617
1.9763 0.81372
1.87611 1.48826
1.21574 3.21746
1.01963 3.47682
1.8654 1.54132
1.34878 2.99961
1.5402 2.60729
2.0078 0.387679
1.82946 1.70513
1.27642 3.12283
1.72717 2.08848
0.887546 3.61707
1.9105 1.30095
1.9276 1.1953
0.733325 3.75063
0.842639 3.65916
1.31301 3.062
1.23158 3.19348
0.453389 3.9198
0.941304 3.56304
1.55128 2.58098
1.16084 3.29686
1.96802 0.891203
1.56766 2.54125
1.59295 2.47781
1.69792 2.18214
1.49527 2.70941
2.00239 0.489502
1.90381 1.33974
1.39745 2.90972
1.78431 1.88681
0.0634123 4.01533
0.37416 3.95192
1.2542 3.15835
1.4331 2.83994
0.419316 3.93443
0.686624 3.78516
1.93505 1.14585
0.869911 3.63392
1.44872 2.80824
0.0325387 4.03151
0.704959 3.77192
1.6124 2.42714
0.815454 3.68334
0.993716 3.50636
1.99493 0.601421
1.07894 3.40528
1.98964 0.668976
1.13667 3.33007
0.545324 3.87452
0.630963 3.82292
1.76975 1.94088
1.94755 1.05714
1.52449 2.6438
0.498342 3.89857
0.660115 3.8036
1.81612 1.76125
0.329527 3.96711
1.17689 3.27424
1.38208 2.93876
0.78627 3.70823
1.84192 1.65053
1.63354 2.37011
1.80491 1.80678
0.223729 3.99489
1.11263 3.36208
1.89568 1.38526
0.967532 3.53518
1.32932 3.03392
1.75271 2.00171
1.73875 2.04976
1.3634 2.97323
1.57927 2.51246
1.04538 3.44645
1.95816 0.97494
1.91823 1.2544
1.79346 1.85182
0.275203 3.98281
1.983 0.744723
1.29106 3.09884
1.19311 3.25088
2.0136 0.2292
1.6635 2.2855
0.180935 4.00288
1.46508 2.77426
1.8862 1.43623
1.6805 2.23531
2.01643 0.0167084
1.5124 2.67129
1.64842 2.32866
1.85428 1.59418
0.593885 3.84607
0.759523 3.73009
1.47856 2.74565
1.71158 2.13913
0.914464 3.59052
