1.96776 0.873816
1.66179 2.28286
1.8152 1.75596
1.1032 3.36984
1.11874 3.34946
0.156593 4.00434
1.52194 2.64315
1.47611 2.74472
2.00428 0.417463
0.303866 3.97236
1.02023 3.47187
1.31431 3.05444
1.34193 3.00632
1.41468 2.8706
0.671135 3.7927
2.01556 0.0158681
1.58534 2.4902
1.87103 1.5019
0.635556 3.81669
1.2403 3.17504
1.91526 1.25855
1.5107 2.6687
1.2772 3.11914
0.261985 3.9837
1.29715 3.08347
1.57012 2.52927
1.72915 2.07341
1.8906 1.40024
0.952467 3.54724
1.25777 3.14762
1.45821 2.78255
1.9306 1.16059
1.89929 1.35225
1.7804 1.89215
1.21977 3.20646
1.36246 2.96937
1.9856 0.691547
1.90773 1.30365
2.01445 0.0252364
1.99085 0.627257
1.97181 0.836091
1.69231 2.19143
1.95875 0.951918
1.0035 3.49133
1.84907 1.60717
1.78917 1.86068
1.44034 2.81936
1.75607 1.98098
1.62814 2.37753
1.97824 0.772204
0.839676 3.65809
1.88113 1.45047
0.573081 3.85526
0.218027 3.99368
1.9955 0.563844
0.397759 3.94031
0.695984 3.77505
1.18159 3.26272
1.61436 2.4147
1.76481 1.94966
0.855892 3.64322
1.67825 2.23418
0.345985 3.95912
1.60096 2.45003
0.751257 3.73313
0.926737 3.57409
1.74397 2.02324
1.20474 3.22895
1.92259 1.21281
1.99947 0.503282
1.64691 2.32538
1.94015 1.09467
0.978091 3.51955
1.49363 2.70671
1.0452 3.44232
0.528534 3.88006
0.493842 3.89825
1.16617 3.28466
2.00893 0.311706
1.80141 1.81089
1.38163 2.93394
1.71105 2.13255
1.39887 2.90125
1.86085 1.55179
0.813271 3.68155
0.777418 3.71196
0.900499 3.6005
1.55649 2.56442
0.724265 3.75407
1.14522 3.31398
1.83684 1.6624
1.08603 3.39187
2.0116 0.238595
0.613972 3.83052
0.882639 3.61888
1.54104 2.59868
1.06198 3.42192
1.82726 1.70414
1.94844 1.0337
0.441052 3.92241
