1.42546 2.81339
1.52579 2.59455
0.760726 3.70394
1.20979 3.19156
1.93116 1.06153
0.650979 3.78644
1.96014 0.821652
1.44429 2.77473
1.13966 3.29307
1.46153 2.73842
1.19435 3.21471
0.859523 3.61669
1.83629 1.59912
1.97412 0.674426
1.82361 1.65618
1.66406 2.22898
2.00039 0.187267
1.37354 2.9153
1.76675 1.88667
1.73304 2.00782
1.90302 1.24849
1.26983 3.09699
1.84771 1.54559
0.805809 3.66571
1.29113 3.0616
1.31916 3.01349
1.98804 0.483246
0.912527 3.56448
1.55802 2.51682
1.5764 2.47065
1.5083 2.63515
0.787819 3.68128
1.99706 0.298027
0.973279 3.49974
0.532837 3.85934
1.11555 3.32587
1.96814 0.741068
0.733561 3.72574
0.442638 3.90447
1.78219 1.82765
1.9841 0.544215
1.33771 2.98062
1.85832 1.49383
1.79697 1.76973
1.95485 0.874228
0.597145 3.82173
0.688027 3.76023
0.715204 3.73995
1.94722 0.936671
1.2309 3.15916
0.397905 3.92358
1.07468 3.3792
0.0667091 4.00046
1.62058 2.35358
1.88679 1.34348
1.39627 2.8713
1.63139 2.32355
1.99162 0.420322
1.93681 1.01947
1.71526 2.06798
0.170628 3.98837
0.214083 3.98011
0.569905 3.83818
1.35555 2.94952
0.624199 3.80437
1.01614 3.45076
1.86855 1.44188
1.87792 1.3923
0.257448 3.9699
1.03299 3.43072
1.05819 3.39991
1.59435 2.42417
0.832762 3.64159
0.885899 3.5912
1.09939 3.3473
1.91044 1.20226
1.68837 2.15467
1.70052 2.1161
0.999173 3.47048
1.81128 1.70943
1.5431 2.55492
1.1555 3.27095
1.676 2.19294
1.97887 0.620124
0.947454 3.52792
1.47429 2.71107
1.60828 2.38709
0.487657 3.88306
1.92515 1.10433
1.64773 2.27764
0.309336 3.95517
1.91767 1.15528
2.00252 0.00358246
1.49128 2.67356
1.25487 3.12125
1.75042 1.94659
1.89515 1.29549
1.17123 3.24852
1.41105 2.84228
0.353286 3.94052
