1.66742 1.95161 1.59009
0.727123 3.29794 2.62008
1.73075 1.05208 2.58497
1.44878 2.76414 0.148226
0.585336 3.7956 0.764207
1.96455 0.0778257 1.16245
1.93206 0.135414 1.57128
0.311583 2.79226 4.20696
1.09583 3.07956 1.99468
0.937493 3.25534 2.09515
1.20352 2.2399 3.44037
1.76603 1.70301 1.23966
1.68536 0.173088 3.23591
1.26443 2.90424 1.6688
0.211486 1.71759 5.38739
1.4038 1.33645 3.78807
0.822509 2.05431 4.53348
1.35482 0.716183 4.3041
1.02119 2.63232 3.33788
1.77796 1.36462 1.87432
0.541227 2.23395 4.71308
0.283086 0.927679 5.77917
0.605218 2.49906 4.32899
1.21144 2.05775 3.66138
1.75526 0.318501 2.85462
0.194123 3.50331 2.84857
0.524688 0.650777 5.71272
1.96905 0.731887 0.0493749
0.414179 2.9074 3.93965
1.5756 2.43824 0.624288
1.35087 2.92987 0.604052
0.911058 3.54149 0.63807
0.290759 3.36558 3.14086
1.54874 1.69476 2.8399
0.068877 0.00385369 5.99937
1.8315 1.61799 0.164997
0.717086 3.03676 3.27271
0.963975 2.1535 4.16286
0.842063 3.48698 1.53487
1.80771 0.312449 2.54556
0.380813 3.91858 0.464838
1.37783 2.41453 2.43854
0.540539 1.20863 5.49122
1.67636 1.76176 1.96907
1.82844 1.01989 1.92442
1.40133 2.86049 0.146655
0.508253 3.8716 0.149405
0.82821 3.65584 0.0599047
1.18445 2.69555 2.6718
1.02566 1.20351 4.83856
1.84056 0.0784131 2.36611
0.776372 2.85643 3.51575
1.34161 0.0837318 4.45799
1.92001 1.14014 0.0420103
1.27525 0.0796012 4.6299
1.19343 3.20694 0.393498
0.567935 2.38465 4.51463
0.0794111 3.2277 3.5446
1.63828 1.40102 2.77037
1.16404 0.0922268 4.89424
1.18516 0.881108 4.66647
1.0358 3.29691 1.42313
1.87358 1.43935 0.0753405
1.23674 1.4082 4.22904
0.669892 1.48804 5.20285
0.693155 3.75234 0.285317
0.483359 3.56625 2.32004
1.42433 1.8769 3.22163
0.107728 3.99707 0.0425197
1.54665 1.1447 3.45701
0.978633 3.05355 2.56877
1.85903 1.19543 1.34379
0.736688 0.358926 5.55923
1.5444 2.23692 1.85881
1.71697 2.06267 0.0372189
0.277657 0.202505 5.93882
1.62443 0.167167 3.50557
1.47605 2.38982 1.91319
1.52203 1.86849 2.72288
1.77791 1.85702 0.135473
1.98437 0.179391 0.767052
1.06705 2.49954 3.43707
0.312278 1.96498 5.14803
0.244411 3.88919 1.22563
1.90332 0.694242 1.55706
1.33528 2.55204 2.32542
1.87725 0.0751569 2.09126
0.269857 3.73183 2.01967
2.00263 0.00340813 0.00383499
0.641714 3.65325 1.53376
1.953 0.879483 0.190003
0.984941 3.48714 0.0316955
1.64609 2.28212 0.0373649
0.967983 0.61625 5.17637
1.53496 2.57099 0.212261
1.54349 0.346899 3.79469
1.28769 3.06725 0.146923
0.271889 2.2189 4.9318
1.11102 3.33389 0.158842
1.47648 0.343577 4.02777
