1.28704 3.07588
1.48718 2.69157
1.35644 2.95447
1.86789 1.46235
0.935748 3.54632
1.8578 1.51294
1.76473 1.9073
1.96887 0.765248
1.09566 3.35857
1.37622 2.91773
1.06323 3.39987
1.56878 2.49971
0.587068 3.83233
0.88136 3.60113
1.49892 2.66543
1.79514 1.79021
0.117033 3.99905
0.969474 3.50979
0.624187 3.80897
1.25058 3.13532
0.778017 3.69469
1.11182 3.33733
1.9176 1.17681
1.99167 0.471471
0.402659 3.92577
1.91125 1.21745
1.61743 2.3726
1.87759 1.41171
1.84644 1.56757
1.15185 3.28274
1.41513 2.84246
0.35775 3.94287
1.01291 3.46056
1.94789 0.956807
1.63134 2.33422
1.45221 2.76678
1.02961 3.44086
0.315312 3.95695
2.00538 0.00589079
1.52673 2.60163
1.98791 0.531616
1.90308 1.26771
0.805247 3.6714
1.58863 2.44912
1.93731 1.0394
0.857638 3.62447
1.39268 2.88638
1.88685 1.36141
1.08023 3.37952
1.54278 2.56354
0.178569 3.99026
1.82313 1.67322
1.6638 2.24081
1.7198 2.06488
1.7797 1.8523
1.97828 0.660487
1.46995 2.72911
1.04643 3.42058
0.910188 3.57246
0.987616 3.48957
1.31504 3.02826
1.68252 2.18421
0.688346 3.76479
1.21016 3.19798
1.17506 3.24977
1.83535 1.61888
1.43391 2.80462
0.445904 3.90702
0.715215 3.74482
1.19049 3.22729
0.742127 3.72394
1.99962 0.306532
1.70434 2.11637
1.6048 2.40661
1.89475 1.31671
1.92551 1.12383
1.98326 0.597498
0.830872 3.64861
1.73101 2.0271
0.669515 3.77826
1.51502 2.62907
0.52529 3.86773
1.93166 1.08072
0.56171 3.8476
1.78599 1.82863
1.8091 1.73304
1.96503 0.803872
1.65105 2.27819
1.69295 2.15177
0.264363 3.9716
1.55334 2.53794
1.22844 3.17005
1.26563 3.11151
0.490919 3.88559
1.3353 2.99282
1.12784 3.31583
1.99484 0.414009
1.95696 0.879419
2.00328 0.184873
1.74822 1.96714
