1.83567 1.60192
1.08223 3.36956
1.91034 1.20281
0.876423 3.60045
1.84752 1.54644
1.39254 2.87883
1.78375 1.82148
1.62433 2.34375
1.51513 2.62061
1.33233 2.99025
2.0025 0.00355455
1.88484 1.35428
1.9975 0.28544
1.79307 1.7845
0.256397 3.97017
0.42182 3.91363
1.87781 1.39284
1.93111 1.06206
1.98625 0.511476
0.307839 3.95564
1.47926 2.70008
0.459639 3.89664
1.80121 1.75267
1.56211 2.50661
0.902863 3.57429
0.0655712 4.00052
1.89506 1.29596
1.74912 1.9512
1.81117 1.70981
1.96416 0.782072
0.849502 3.62612
0.804887 3.66652
1.15474 3.27202
0.577489 3.83366
1.19389 3.21541
1.9238 1.11361
1.44339 2.77659
1.40779 2.84872
1.8582 1.49432
1.5794 2.46292
1.37345 2.91497
0.622962 3.80517
1.01533 3.4517
1.91738 1.1571
1.90293 1.24897
1.35342 2.95216
0.714379 3.74056
1.82338 1.6571
1.971 0.709714
0.929277 3.54721
0.989709 3.48129
1.71491 2.06911
0.741618 3.71936
1.67352 2.20044
1.09855 3.34839
2.00013 0.197382
1.70403 2.10471
1.59643 2.41866
1.54703 2.54435
1.31201 3.02594
0.212824 3.98044
1.26929 3.09806
1.17158 3.24802
0.946863 3.52853
0.170888 3.98844
0.342462 3.94478
1.9769 0.640596
0.532065 3.85978
1.65593 2.25301
1.49646 2.66192
1.21665 3.18115
1.95625 0.85784
1.99147 0.422104
1.13886 3.29417
1.86826 1.44327
1.46102 2.73949
1.23188 3.15764
0.972638 3.50045
0.686731 3.76139
0.777129 3.69035
1.04056 3.42157
1.12281 3.31612
0.831809 3.64267
1.76171 1.90578
1.05732 3.4011
1.9819 0.575748
0.378681 3.93114
0.495245 3.87923
1.42492 2.81447
1.2481 3.13211
1.77214 1.86691
1.638 2.30483
1.53004 2.58448
0.650587 3.78671
1.28946 3.06443
1.61202 2.37697
1.94709 0.937601
1.73289 2.00831
1.9367 1.02015
1.68832 2.15474
