2.01972 0.236958
0.67933 3.8008
1.83286 1.72312
1.98913 0.751313
0.214674 4.00411
1.21183 3.23864
1.03154 3.47632
1.93299 1.20648
1.96878 0.94429
1.56928 2.55856
1.98186 0.825875
2.01728 0.314181
2.01171 0.439537
1.1736 3.2938
1.05712 3.44591
0.72648 3.76669
1.99679 0.667032
1.67724 2.26985
1.8193 1.7797
1.65058 2.34613
1.79888 1.8609
1.27316 3.14419
1.95886 1.02442
1.90841 1.35485
0.258021 3.99479
1.84604 1.66584
1.58198 2.52761
1.77234 1.96001
0.128772 4.01696
1.35229 3.01052
0.567727 3.87115
1.91689 1.30579
1.88005 1.50565
0.396249 3.95217
1.13231 3.35039
1.3303 3.0491
1.95268 1.07101
1.52401 2.66515
1.09085 3.40421
0.0234437 4.0226
1.86932 1.55832
1.10757 3.38286
2.0226 0.0228285
0.44716 3.93143
1.28862 3.11917
0.302922 3.98311
0.520817 3.8965
1.42583 2.87587
0.489782 3.91194
1.1888 3.27219
0.752559 3.74666
1.40727 2.9089
1.89953 1.40408
0.961928 3.55398
1.66397 2.30813
1.85778 1.61272
0.935575 3.58152
1.00557 3.50614
1.4822 2.75724
1.37346 2.97283
1.93999 1.16032
1.0741 3.42515
1.73685 2.08303
1.38711 2.94706
1.5378 2.63347
0.881355 3.6351
0.854306 3.66033
1.24576 3.18733
1.30937 3.08477
0.595555 3.85495
1.55233 2.59936
1.97743 0.867903
2.00077 0.612014
2.00735 0.515545
0.356576 3.96644
1.75508 2.02112
1.49445 2.73085
1.78868 1.89977
1.80858 1.8229
1.6353 2.38836
0.799478 3.7085
1.464 2.79558
1.9466 1.1148
1.15672 3.31731
1.59963 2.48266
1.88985 1.45558
1.69562 2.21441
1.70928 2.17213
1.44547 2.8336
1.92302 1.26905
1.22773 3.21487
1.51185 2.69252
0.632299 3.8322
0.707031 3.78109
0.826443 3.6853
0.908702 3.60858
1.61441 2.44429
1.72379 2.12589
0.771922 3.73125
0.98808 3.52565
