0.329406 0.92626 5.76291
1.30788 2.74411 1.9758
1.21404 2.44907 3.07932
1.00936 2.16007 4.07282
1.59557 0.162998 3.63787
0.297031 3.72854 2.01746
1.04535 2.61323 3.31833
1.19579 2.69887 2.63734
1.72727 2.03957 0.038763
1.76295 0.316009 2.83215
0.242087 3.49898 2.84023
0.099139 0.591235 5.9461
0.969222 3.05094 2.60856
1.11799 3.05742 1.98241
0.92886 3.30124 1.97749
1.65771 2.25853 0.0387598
1.86594 0.887108 1.76817
0.969545 0.421509 5.22529
0.67095 3.63747 1.53423
1.05509 1.1981 4.79028
1.43086 0.0849216 4.21264
1.42126 1.32599 3.75213
0.720184 3.74005 0.162162
1.24256 1.37807 4.24677
1.2266 2.25364 3.36707
1.79033 1.35732 1.79936
0.516082 3.55525 2.30801
0.853383 3.62817 0.0334711
2.00525 0.00575379 0.00579508
0.389899 3.93082 0.0721454
1.99565 0.394753 0.0611641
0.583126 2.66239 4.14232
1.13823 3.30223 0.0342029
1.78666 1.82364 0.0387819
1.54257 1.84254 2.67893
1.31495 3.02967 0.146823
0.447807 2.92096 3.89313
1.53759 1.43426 3.21305
0.332672 1.94341 5.16177
0.166231 3.99235 0.0726133
1.95418 0.902944 0.0507287
0.114547 2.84143 4.22453
0.560431 1.19572 5.48642
1.8776 1.41106 0.0433879
0.594711 2.39548 4.48046
1.63604 1.72964 2.32752
1.01028 2.34386 3.82798
1.89886 0.0761635 1.93321
0.762915 3.01795 3.23345
1.49886 2.66459 0.141833
1.97067 0.0793454 1.11157
0.270648 3.88371 1.24056
1.00336 1.8553 4.4031
1.65259 0.969121 3.09303
1.86643 0.140297 2.19229
1.34541 0.620551 4.36636
1.64369 0.167763 3.43955
1.75074 1.65882 1.57188
1.00912 3.46529 0.033461
1.63089 2.09082 1.57184
0.204182 3.16019 3.64606
1.29514 0.0783695 4.59013
1.05371 3.26254 1.50258
0.762481 0.366326 5.53279
0.106749 0.842464 5.876
1.40266 1.79674 3.35887
1.81303 0.0729698 2.57003
0.321203 3.35602 3.14316
1.64464 1.3594 2.79086
0.795864 0.930515 5.34198
1.13183 0.123699 4.9619
0.491513 0.163391 5.82327
1.72279 0.168296 3.07296
1.91721 1.17859 0.0433851
1.21573 3.17642 0.447872
1.33936 2.48761 2.48031
0.812584 2.79892 3.55382
1.49085 0.330125 3.99419
0.135986 0.0425437 5.99244
1.40823 2.23336 2.67515
1.47481 2.30493 2.1674
0.749953 3.28166 2.62717
1.54005 2.56704 0.211412
1.97559 0.696033 0.0511393
1.20603 0.784008 4.66649
1.93516 0.0781929 1.57899
1.83732 1.60414 0.235307
1.53471 0.704386 3.73163
0.869358 3.47082 1.51071
0.838639 2.15973 4.40478
1.39438 2.88292 0.146292
0.31638 2.2935 4.83775
1.4482 2.52337 1.73819
0.806474 1.70376 4.87791
1.27249 1.91376 3.67622
0.554102 3.85075 0.162159
1.60193 2.4156 0.0391927
1.7634 1.04261 2.40919
1.70748 1.93131 1.28256
0.237987 1.71653 5.38448
