0.0148911 3.25751 3.49028
1.00585 2.01195 4.30845
0.796413 2.05942 4.55974
0.983272 3.36293 1.39968
1.34701 0.658425 4.32788
0.076682 3.77972 1.97521
0.279506 1.15263 5.68562
1.36709 1.36378 3.87307
0.114857 3.61503 2.56618
1.69614 2.11964 0.0352267
0.865588 0.0858768 5.40795
1.77909 0.323372 2.6982
1.05299 3.42007 0.219489
0.56052 3.70358 1.53181
1.84149 1.53049 0.458212
1.62561 0.855724 3.25284
1.58147 2.44444 0.214896
1.50425 2.63228 0.213044
0.394114 3.50796 2.63159
0.000725877 4 0.000826335
1.26364 2.92019 1.57773
0.742252 3.7098 0.286618
1.1837 1.42006 4.34343
1.94666 0.908638 0.192359
0.674576 0.358179 5.62311
1.342 2.44114 2.60427
1.16741 0.0745247 4.90024
0.780686 3.53307 1.55993
0.93004 3.54115 0.0290324
1.50869 2.3383 1.79293
1.64243 2.00768 1.62864
0.161843 3.90075 1.2375
0.934499 1.19016 4.99546
1.82737 0.073022 2.43676
0.315537 3.93852 0.449434
0.064197 2.97044 4.04042
0.970039 2.66663 3.39662
1.83697 1.22327 1.50959
1.47296 2.45704 1.70075
1.89378 0.71853 1.6002
1.4242 1.42079 3.63429
1.32363 2.82807 1.5098
1.92313 0.125529 1.63736
0.668212 3.76881 0.150295
0.119267 3.39167 3.16596
1.60762 0.169709 3.56144
1.28887 3.07071 0.146241
1.39496 2.87917 0.147666
1.16332 2.71294 2.70434
1.15766 2.23675 3.56559
1.29453 2.608 2.37146
1.15647 2.10503 3.74547
1.70448 0.573722 3.02021
1.74275 1.97462 0.231335
0.513637 2.32457 4.65178
0.169864 2.05661 5.13962
0.619859 2.92236 3.65269
1.95962 0.077327 1.1939
0.000738096 0.000740297 6
0.604394 1.50153 5.26015
1.06192 0.10732 5.09555
1.8198 1.6556 0.166363
1.66247 0.17545 3.32612
1.0365 3.16232 2.03837
1.74892 1.74701 1.26663
1.63493 2.30483 0.0352503
1.43997 2.67738 1.10321
1.96463 0.748231 0.047742
0.650623 3.06786 3.32197
0.436303 0.0883961 5.85524
1.56396 1.4297 3.06423
1.60447 1.90973 2.154
0.0754369 3.17125 3.66221
0.697568 3.25775 2.79227
1.76405 1.40755 1.88028
1.56225 0.180593 3.78769
0.718888 3.35649 2.46192
1.88585 1.33174 0.039892
1.98936 0.410273 0.0587475
1.91268 1.16874 0.0401595
0.220578 0.927819 5.79873
1.77926 1.8451 0.0703707
0.25591 1.74824 5.3825
0.667468 3.33643 2.64587
1.16998 3.23494 0.501578
2 0.000336427 0.000626971
1.86646 0.0745913 2.15365
0.379142 2.74829 4.21213
1.49664 1.8938 2.7904
1.01637 2.53701 3.50024
1.65264 1.8094 2.01669
0.856448 3.59569 0.55529
1.81276 1.15281 1.8534
1.98048 0.184165 0.789283
1.73642 1.07559 2.50402
0.46535 3.88883 0.155791
0.401902 3.59906 2.32826
1.25899 0.0795601 4.69503
1.44337 0.337554 4.12359
1.66584 1.66667 2.18865
