1.83509 1.2216 1.52789
1.3003 2.42931 2.74323
1.73489 0.323206 2.94994
1.23378 3.14927 0.144876
1.25191 2.72261 2.3027
1.8483 0.135829 2.2831
0.0736152 2.97356 4.04609
0.201636 3.7459 2.0219
1.78813 1.78762 0.191387
1.3687 1.36582 3.87619
0.00883858 3.17012 3.66078
1.39737 2.59879 1.79741
1.76299 1.40663 1.89076
1.14222 0.218834 4.97667
1.84987 1.52028 0.0393183
0.720558 2.88551 3.55856
0.844094 3.37519 2.00071
0.00070546 4 0.000540825
0.149792 1.71419 5.41233
1.6495 1.81974 2.01556
0.944839 1.1837 4.98126
1.72819 1.7276 1.5534
1.44469 0.33791 4.12625
1.52799 1.39565 3.27525
0.479657 2.25411 4.75249
0.981586 3.32455 1.57212
1.09621 3.35704 0.0982516
1.7127 1.06727 2.66364
1.90355 1.22745 0.039805
1.79311 0.0718255 2.65655
0.22519 3.3776 3.15055
1.33852 2.97302 0.146244
1.15096 3.26083 0.3967
0.632117 3.79093 0.283997
1.9623 0.0774626 1.15365
1.168 2.26069 3.50251
1.12565 2.78071 2.69919
0.778292 2.08321 4.56035
1.21224 3.00425 1.57097
2 0.00037018 0.000336981
1.60787 1.40828 2.90885
1.89711 0.0758373 1.89624
1.60139 2.40339 0.0344771
1.64185 2.01035 1.62653
0.400766 0.151187 5.87393
0.23331 1.97802 5.18188
0.000570012 0.000772392 6
1.68646 0.17073 3.22731
0.967208 2.6753 3.39341
1.31883 0.646063 4.406
0.685206 3.19719 2.96867
1.58109 1.97706 2.16974
1.85884 0.618928 2.01239
1.12022 0.759224 4.8383
1.72651 2.01877 0.061865
0.493786 2.80976 4.02768
1.48643 2.67247 0.212079
1.49982 1.90611 2.78026
0.191148 2.20277 4.98705
1.27764 2.56321 2.55518
0.432748 3.90412 0.141943
1.15551 2.51036 3.13332
1.41476 2.82893 0.147449
0.582186 3.68663 1.5413
0.931042 3.54068 0.0289774
1.42635 2.37695 2.23279
0.522478 3.82675 0.771694
0.219383 0.926443 5.79982
0.149712 3.90198 1.24139
0.777504 3.53376 1.56932
0.913053 0.183894 5.33301
1.93494 0.0763828 1.51353
1.54746 2.51537 0.460756
1.32209 2.83379 1.48338
1.9936 0.000394837 0.480656
0.769754 3.69182 0.0283428
1.66173 2.23345 0.0346584
0.670868 0.394185 5.62137
1.53451 0.163632 3.84043
1.9344 1.01573 0.0400484
1.17134 2.07817 3.73831
1.87248 1.40522 0.0394302
1.60025 0.989769 3.29698
1.96777 0.715267 0.0475285
0.993693 2.21025 4.06125
1.41317 1.77692 3.31133
0.600516 1.50316 5.26029
0.660062 3.33339 2.66152
0.484885 1.21267 5.53064
0.829483 3.16975 2.68654
0.542387 2.55137 4.3372
0.124199 3.51168 2.85407
1.18497 1.42147 4.34395
1.04463 3.12912 2.05067
0.508358 2.39035 4.57299
1.77645 1.01303 2.29979
0.416134 3.59075 2.33393
1.60202 0.171043 3.58288
0.00059993 3.98769 0.470278
1.90442 0.953409 1.14854
