0.0709658 3.6357 2.52003
1.76443 1.41103 1.87288
1.91268 1.16869 0.0402723
1.16256 2.12502 3.77996
1.44405 0.337861 4.12586
0.942774 0.63868 5.21821
0.393444 3.50772 2.63215
1.96555 0.73936 0.0480563
1.44628 1.97508 2.89922
1.16706 2.25725 3.59847
1.81913 1.65896 0.166679
0.1635 1.85138 5.30311
1.89175 0.726909 1.61322
1.86637 0.0746772 2.15344
0.84441 2.02981 4.55696
1.32113 2.83139 1.50963
0.0161837 3.17073 3.66063
1.50832 2.33967 1.79149
0.186653 2.08452 5.09787
1.49942 1.88733 2.78438
1.0166 3.17269 2.02378
0.718511 3.35394 2.45922
1.7795 0.321263 2.69622
1.74878 1.74561 1.27279
1.92452 0.127713 1.62151
1.70472 0.574092 3.01891
0.201694 3.74449 2.02213
0.0165437 3.25567 3.48866
0.934634 1.19008 4.99558
0.455611 3.89351 0.152187
1.81271 1.15262 1.85416
0.481055 2.25992 4.75761
1.83528 1.21984 1.529
0.439319 0.640172 5.77546
0.605752 1.50233 5.25664
1.97497 0.181771 0.906232
1.73572 1.07579 2.50632
1.7509 1.96968 0.0916361
1.60405 1.90984 2.15457
1.51512 0.35451 3.88733
1.28016 2.55846 2.56467
0.697336 3.25505 2.79054
1.19997 1.42691 4.36469
1.19827 3.19472 0.39899
1.32667 2.99189 0.146701
1.28123 3.06994 0.146073
0.632179 3.79017 0.284767
1.74501 1.90337 0.665721
1.6682 1.66719 2.16835
0.382493 2.74984 4.21524
0.507966 2.40662 4.56878
0.628349 2.93172 3.66873
0.0307479 3.02651 3.94397
0.156921 3.90131 1.23806
1.59487 0.968742 3.31609
1.26283 0.0804601 4.663
0.23705 1.03563 5.75193
1.59881 0.168849 3.59686
0.856532 3.59557 0.555809
0.000621631 0.0008445 6
1.82729 0.0730696 2.43662
1.16005 2.71934 2.70434
0.742221 3.70944 0.286812
0.985445 3.35826 1.38871
1.37395 1.37087 3.89092
0.675982 0.373544 5.61913
0.315553 3.93853 0.450511
1.11165 0.0930393 5.03762
1.15214 3.26194 0.397334
0.975797 2.68581 3.41427
1.5714 2.50335 0.0890727
1.88488 1.3375 0.04006
1.66453 0.174205 3.31726
1.84548 1.53977 0.167888
0.65406 3.08265 3.33668
0.400244 3.59656 2.3411
1.55942 1.43289 3.08173
1.65164 1.81146 2.01952
0.558954 3.70313 1.53181
1.69609 2.11957 0.0354299
1.16424 0.0742775 4.88647
0.6661 3.33481 2.6436
0.954381 2.6166 3.57705
0.133849 3.38866 3.16556
1.94657 0.909662 0.192668
1.50379 2.63336 0.213374
0.933668 3.53824 0.0303114
1.47588 2.45125 1.69606
2 0.000430835 0.000874382
1.35375 0.666266 4.31441
1.98945 0.408347 0.0610781
1.39425 2.86689 0.14829
1.40962 1.40626 3.74489
1.63522 2.30296 0.0351746
0.785579 3.52836 1.57389
1.44118 2.67592 1.09348
1.64253 2.00745 1.62842
1.95945 0.0774939 1.19755
1.06841 3.41258 0.260647
0.000901162 4 0.00107348
