1.59883 0.169122 3.59573
2 0.000763146 0.00038376
1.32088 2.83 1.50915
1.29792 2.61403 2.37785
0.453889 0.640445 5.76898
0.98622 3.35944 1.3844
0.479978 2.25321 4.7541
1.26089 0.0805497 4.66108
0.791686 3.67323 0.0283794
0.945725 0.640955 5.21409
0.31606 3.93872 0.449737
0.674601 0.35167 5.62445
1.50701 2.33819 1.80532
0.00135051 0.00116614 6
0.818402 3.47574 1.6707
0.568691 3.69975 1.53513
0.0502643 3.83576 1.70889
1.34951 2.45989 2.52655
1.86647 0.0749766 2.15269
1.92178 0.167937 1.64315
1.98511 0.0872042 0.719555
1.44613 1.97427 2.90035
1.17162 3.2387 0.47229
1.58215 2.44269 0.214381
0.973214 1.20823 4.94412
1.36808 1.36457 3.86857
1.56484 1.42879 3.06082
0.0485987 3.62218 2.55582
1.47314 2.45661 1.7002
0.932291 3.53906 0.0348499
1.77923 0.323745 2.69692
0.266385 2.94721 4.69907
0.620499 2.92287 3.6494
1.51183 0.353834 3.8962
1.55364 2.51752 0.127848
1.96677 0.727825 0.0477385
0.380954 2.75147 4.21333
1.04556 3.15993 1.99763
0.184465 2.09061 5.09105
0.950178 2.60338 3.56052
1.91268 1.16886 0.0398992
1.1625 2.09386 3.74326
1.71139 1.06638 2.66127
0.673005 3.06702 3.31043
1.74838 1.74914 1.27227
1.16431 2.71858 2.7062
0.400916 3.599 2.32876
1.82732 0.0734106 2.43641
1.63449 2.30568 0.0346839
1.11264 0.192486 5.02784
0.138931 3.39214 3.16544
0.971507 2.66998 3.39442
1.81565 1.03717 1.97747
1.94655 0.910373 0.19215
0.39098 3.50892 2.63235
0.00143802 4 0.000601957
1.06673 3.39998 0.150057
0.261002 1.11432 5.70903
0.160659 3.90118 1.23751
1.88721 0.774914 1.61082
1.28937 3.06486 0.144788
1.95066 0.0773698 1.31944
0.0444215 3.09825 3.81292
0.697745 3.25489 2.78967
1.83981 1.54059 0.45542
0.0175027 3.25525 3.48927
0.876212 2.03422 4.48991
1.70538 0.574136 3.01418
1.26453 2.91544 1.57613
1.39181 2.87999 0.14729
1.66635 0.173938 3.30799
1.3254 3.00256 0.146324
1.77216 1.88896 0.0702707
1.44131 2.67572 1.09308
1.60947 0.975786 3.26783
0.220457 0.926136 5.79968
1.15552 2.23203 3.57825
0.63261 3.78992 0.284134
1.83548 1.22189 1.52414
1.67565 2.18442 0.0373566
1.66834 1.6678 2.16606
1.20383 1.42315 4.31764
0.667186 3.33429 2.64206
0.46542 3.88885 0.15269
1.76433 1.41006 1.87635
1.82064 1.65339 0.166392
0.209356 3.74252 2.02309
1.50468 2.63123 0.214237
1.35039 0.661393 4.31455
1.16355 0.0743322 4.88278
1.64285 2.00698 1.62678
1.49929 1.8902 2.78108
0.184157 1.97796 5.19149
1.44415 0.338025 4.12368
1.60285 1.91328 2.15438
1.71435 2.06068 0.0350464
1.87994 1.3683 0.0401372
0.605662 1.50282 5.25524
0.508969 2.40345 4.55759
1.6524 1.80957 2.01456
