0.000769016 2.98846 3.98897
0.948778 2.60786 3.55706
1.13418 0.904469 4.76027
1.70282 1.13351 2.64814
1.07291 3.37439 0.141918
1.0735 0.113675 5.06074
1.96047 0.791345 4.1753e-05
1.36788 1.79577 3.47321
1.84602 1.53911 0.000232068
1.16404 1.38618 4.41382
1.15267 2.31128 3.46736
1.63121 1.20974 2.97402
0.000638377 3.19957 3.60125
1.9046 1.22142 0.000145254
1.46822 1.88461 2.93539
0.228737 2.68652 4.39485
1.3801 0.145566 4.33708
0.54823 3.84679 0.000283619
1.45292 0.62279 4.02148
0.96339 1.40453 4.8175
0.232435 1.97214 5.17455
1.33779 2.97183 0.146172
1.53298 1.35702e-05 3.85355
2 0.000191913 4.30388e-05
0.000699365 3.3238 3.33865
1.04482 3.13511 2.02217
1.61049 1.60678 2.61687
1.85 0.00017752 2.27977
1.20811 1.67269 4.07686
1.60814 2.37449 0.215398
0.930615 3.54057 0.028545
1.26563 2.75836 2.11298
1.55161 2.52226 0.137357
1.14728 3.26305 0.443564
1.34305 2.24062 2.91033
1.84329 1.07684 1.6785
0.978958 3.32901 1.5619
1.93955 0.000186113 1.46398
0.227166 2.2322 4.93603
0.653306 0.203554 5.66555
1.23285 0.201258 4.71835
1.80753 0.959212 2.12731
0.783712 3.53355 1.54359
0.729681 2.46215 4.19159
0.98381 1.96781 4.31004
1.93589 1.00469 4.14478e-05
0.000373087 0.000604507 6
0.963098 2.40682 3.83065
1.46559 2.72171 0.0337758
0.889403 3.11186 2.66681
0.480518 1.20405 5.53715
1.24261 3.13463 0.0295981
0.735146 1.45757 5.1338
1.7009 2.00893e-05 3.15632
1.96387 0.000188447 1.13529
0.866794 0.203046 5.4018
0.201757 1.71501 5.38671
0.742867 3.71384 0.000465509
0.00047469 3.73192 2.15957
1.73773 1.54596 1.85613
0.71112 0.905902 5.4408
0.000501798 3.94503 0.991267
0.433078 0.212304 5.84898
1.61696 0.170584 3.52187
1.72757 2.01522 0.0452271
0.663955 3.33071 2.66109
1.73597 0.296988 2.9461
0.000571889 3.61072 2.58188
0.730424 2.92495 3.45726
1.99016 0.39633 4.23278e-05
1.43023 2.45069 2.05002
1.50806 1.50459 3.23082
1.78864 1.78786 0.122897
0.580941 3.6884 1.5339
1.87177 1.40924 4.09574e-05
0.930634 0.928396 5.12503
0.000489209 3.84606 1.64851
1.12843 2.76393 2.71395
1.27385 2.56671 2.56373
0.000508789 4 0.000273809
1.47397 2.11353 2.52901
1.51121 0.941646 3.66758
1.41006 2.8221 0.431191
0.226039 0.926499 5.79731
1.89737 0.000182065 1.89736
1.16959 2.09165 3.72343
1.80036 1.17695e-05 2.61311
1.36653 1.36344 3.87454
0.209854 2.46557 4.68479
0.828517 3.64064 0.000205246
0.743233 1.98417 4.71293
1.28432 0.641311 4.49769
0.839554 3.35203 2.0923
0.626686 3.53588 2.08204
1.62301 2.00029 1.81381
0.000549202 3.46748 2.9912
1.13644 2.51156 3.20142
0.433697 3.90482 0.000198069
1.66426 2.22035 0.0351303
0.407071 3.67356 2.03772
