1.60747 2.37997
1.89738 1.26481
1.64284 2.28129
1.94549 0.927528
0.316744 4.2951
1.97058 0.683574
1.56456 2.49206
1.03735 3.42355
1.84198 1.55847
1.657 2.24014
1.92969 1.05157
1.49109 2.66588
1.5342 2.56622
1.66833 2.20634
0.669412 3.77017
0.931732 3.54014
1.58388 2.44264
1.92413 1.0913
1.29792 3.04331
0.645622 3.78772
0.806308 3.66088
1.36468 2.92417
0.848128 3.62453
0.746035 3.71276
0.528712 3.85985
1.98907 0.41767
1.28405 3.06676
0.822895 3.64684
1.43295 2.79054
1.93535 1.0088
0.780452 3.68337
1.85349 1.50276
1.9652 0.742962
1.3183 3.00807
1.1779 3.24063
1.76248 1.89069
1.2357 3.14905
1.13209 3.30425
1.59412 2.41561
1.25069 3.1295
1.86336 1.45311
1.40254 2.85159
0.694962 3.7514
0.394411 4.26483
1.918 1.13371
1.97567 0.622015
1.7721 1.85436
1.74076 1.96951
1.80555 1.72046
1.15547 3.27032
1.19201 3.21618
1.11021 3.33231
1.01344 3.45092
1.72937 2.00955
1.41506 2.82673
1.98436 0.49919
1.68034 2.16938
0.956223 3.51517
1.751 1.93298
1.50675 2.63039
1.61833 2.3505
1.21462 3.18105
0.341987 4.28136
1.54873 2.53106
0.865367 3.60675
1.69517 2.12276
1.4742 2.70323
1.27011 3.0899
1.45668 2.74095
0.446697 4.25271
1.99295 0.335608
1.78334 1.81093
0.586426 3.82584
1.38375 2.8881
0.560971 3.84007
1.99682 0.225589
0.49261 4.23837
1.81834 1.66571
1.98052 0.556883
1.88138 1.35709
0.988532 3.48095
1.96126 0.783527
1.91153 1.17656
1.8726 1.40482
1.33834 2.97245
1.63061 2.31612
1.95402 0.852771
0.611404 3.81017
0.721512 3.73158
1.51813 2.60418
1.0847 3.36292
1.90469 1.22011
1.71173 2.06881
2 0.0023565
0.890318 3.58222
0.91477 3.559
1.79202 1.7771
1.83044 1.61185
1.06116 3.39262
1.88963 1.31041
