1.86766 1.43086
1.91036 1.18411
1.22854 3.15638
1.8774 1.37892
1.07663 3.37097
0.717481 3.73441
1.0261 3.43344
0.684324 3.75856
1.44169 2.77241
1.52968 2.57689
1.00897 3.45368
1.99368 0.318788
1.28741 3.06109
1.4221 2.81256
0.287847 3.95836
0.895426 3.57671
0.956829 3.51254
0.333713 3.94392
1.89413 1.28415
1.88577 1.33246
1.98008 0.563204
1.90219 1.2356
0.749317 3.70865
1.96658 0.728183
1.79644 1.75819
1.17304 3.23973
1.92414 1.09119
1.21295 3.18041
0.912658 3.55924
0.200299 3.97989
1.55542 2.5145
0.425167 3.90857
0.876792 3.59513
1.84678 1.53545
1.66316 2.2226
1.94115 0.963228
1.97278 0.657735
1.98456 0.496068
1.37567 2.90347
1.94615 0.921936
1.64668 2.27272
1.60998 2.37315
1.95415 0.851602
1.78149 1.81803
1.39798 2.86052
1.33721 2.97447
1.35717 2.93809
1.09326 3.34949
1.10967 3.32785
1.54399 2.54252
0.563457 3.8381
1.98813 0.435228
1.85751 1.48279
0.65655 3.77833
1.82313 1.64462
1.30201 3.0363
1.73243 1.99869
1.74938 1.93873
1.9357 1.00609
1.99641 0.23982
1.70182 2.10171
1.26553 3.09738
1.63095 2.31517
1.57001 2.47795
1.95923 0.80353
0.777027 3.68577
1.46343 2.7266
1.80987 1.7022
1.04292 3.4131
1.71423 2.06062
1.58268 2.44551
2 0.000505823
1.24398 3.1321
0.148217 3.989
1.32306 2.99972
0.000887938 4
1.91782 1.13482
1.15018 3.27236
0.244516 3.96999
1.76604 1.87736
0.933911 3.53712
1.59583 2.41108
1.67471 2.18664
1.51567 2.60978
0.849754 3.621
1.19 3.2149
0.379171 3.92746
0.795087 3.67033
1.93005 1.04865
0.8238 3.64492
0.609131 3.80997
1.69146 2.13447
1.83544 1.58889
0.517706 3.86367
1.48425 2.68105
1.50106 2.64334
1.12622 3.30552
0.982063 3.48457
0.471247 3.8875
1.05989 3.39213
