0.153867 3.90169 1.23911
1.19644 3.19472 0.403279
0.554179 3.70555 1.53008
0.930005 3.5414 0.0289476
0.601797 1.50292 5.25912
1.16506 2.24128 3.5728
1.79889 1.7443 0.173931
1.36771 1.36551 3.86921
0.676188 0.331065 5.62483
1.47208 1.88565 2.91676
2 0.000561052 0.000477514
0.949995 2.5987 3.56156
0.777303 3.69334 0.0406334
1.64279 2.00717 1.62678
1.14689 3.26696 0.396425
1.74895 1.74907 1.26081
1.60088 0.169092 3.59871
0.653727 3.07367 3.32751
0.697969 3.2546 2.78973
1.26451 2.91688 1.57538
0.401216 3.59857 2.32919
1.06495 0.084829 5.08591
1.55039 1.41496 3.15505
1.66915 1.66829 2.16883
1.86649 0.0747637 2.15251
1.89306 0.727271 1.59899
1.83254 1.60062 0.108049
1.7793 0.32341 2.69657
0.381236 2.75946 4.22518
1.6054 1.90847 2.15421
0.632951 3.78958 0.287614
0.124911 3.4919 2.91873
1.27442 3.10757 0.150408
0.121531 3.39435 3.16808
1.74461 0.325031 2.89298
0.777702 3.53366 1.56947
1.71486 2.05831 0.035046
0.727931 3.34961 2.45605
0.315907 3.93866 0.449939
0.665799 3.33521 2.64263
1.95941 0.0775044 1.19708
0.515278 2.31777 4.63946
1.96509 0.745462 0.0477753
1.16025 2.71626 2.70142
1.74815 1.89196 0.664671
1.48927 2.69555 0.215178
0.00185213 0.00096472 6
1.37977 2.91163 0.147451
1.50694 2.338 1.80856
1.35545 0.777676 4.2889
1.15956 2.10798 3.7567
1.47333 2.45639 1.69982
0.441902 0.642468 5.77181
1.54093 2.57031 0.0681822
1.05203 3.42077 0.2406
1.18565 2.57636 2.90413
1.63329 2.30956 0.0350521
0.904092 0.112504 5.36598
0.229575 2.23417 4.98631
1.26091 0.0799577 4.67072
1.62697 0.856059 3.25234
0.974738 2.17139 4.29849
1.59451 1.39445 2.97083
0.96774 2.73174 3.33321
1.8859 1.33145 0.0397329
1.16436 0.0743713 4.88676
1.80875 1.12758 1.96522
1.92463 0.125793 1.62143
1.65361 1.80786 2.01928
1.9838 0.0869194 0.750954
1.58267 2.45883 0.215184
0.220698 0.92623 5.7993
0.174914 1.97823 5.19244
1.4424 2.67568 1.08067
1.82704 0.0731833 2.4383
1.27801 2.56156 2.5605
1.517 0.354388 3.8982
0.272544 1.21876 5.67529
0.857052 3.59499 0.557004
1.32106 2.82972 1.50926
0.986199 3.35581 1.38329
1.01446 3.17332 2.02124
1.91273 1.16846 0.0399966
0.0184561 3.25718 3.4898
1.94691 0.90689 0.192339
1.43695 2.09436 2.79756
0.197937 3.74693 2.01699
1.19477 1.43238 4.34946
0.796471 2.06079 4.55734
0.933402 1.18781 4.99864
1.98946 0.40831 0.0585788
0.454883 3.89395 0.149283
0.0280994 3.1176 3.77872
0.00164856 4 0.000695246
1.31238 2.98981 0.629738
1.73482 1.07796 2.51096
1.69641 0.152935 3.20451
0.620486 2.92159 3.65172
1.44631 0.338313 4.13483
1.83536 1.22131 1.52604
