0.481358 1.20415 5.53644
0.964339 2.40613 3.82907
0.000366036 3.32857 3.32841
0.745593 1.98852 4.70239
1.97793 0.592543 0.000237278
0.000185487 2.98902 3.98761
1.33776 2.97189 0.146186
1.14973 1.14701 4.59815
0.723145 2.46816 4.1969
1.2311 0.182454 4.72225
1.91398 1.16052 0.000233037
0.000485457 3.79443 1.89874
0.96172 2.1627 4.14505
1.94027 0.970291 0.000234594
1.50823 1.29088 3.43188
1.18443 1.65695 4.1597
1.3775 0.14535 4.34451
0.578806 3.82883 0.000431865
1.79163 0.0782436 2.66401
0.000191747 3.46358 3.00189
0.000323118 3.17081 3.65849
0.94835 2.6082 3.55237
0.600406 3.61952 1.81066
1.59348 1.39348 2.96309
1.84605 1.06242 1.67013
1.73747 1.5427 1.86443
0.000466039 3.65514 2.43902
0.000339923 2.78718 4.30437
1.89747 0.000199414 1.89646
1.6115 1.60785 2.60979
1.94375 0.000205779 1.41303
0.784151 3.53261 1.55821
1.61382 1.00511 3.23089
1.41461 2.48746 2.01743
0.000313962 2.47987 4.70837
1.13682 2.74704 2.71953
1.71707 0.149567 3.06832
0.943847 1.1863 4.98446
1.58177 1.98292 2.15292
1.66484 2.21647 0.0345868
1.73071 1.73368 1.5098
0.731275 2.69683 3.85365
1.97287 0.00025792 0.985836
0.932055 3.53808 0.1413
1.87545 1.38951 0.000231677
0.421874 3.592 2.31681
1.51896 0.160276 3.89577
0.219607 0.927774 5.79907
0.889264 3.11149 2.66456
0.73338 1.46482 5.13249
1.47733 2.11005 2.5237
1.06856 3.3799 0.14242
1.49221 2.66386 0.149542
0.823695 3.64501 0.000441299
1.15009 3.26003 0.4278
0.967649 1.69542 4.59782
1.11433 0.58638 4.90415
1.05995 0.0329496 5.08785
0.665687 3.32663 2.66686
1.70446 1.13138 2.64882
1.41089 2.82039 0.432035
1.04743 3.12064 2.05494
0.000464295 0.000638513 6
0.742622 3.71403 0.000439944
0.434101 3.90464 0.00042706
0.83919 3.35143 2.09589
0.653595 0.208361 5.66195
2 0.000211734 0.000243276
0.000302508 4 0.000416585
1.84833 1.52795 0.000101619
1.80433 0.981328 2.129
1.45386 0.622395 4.02278
1.78811 1.79116 0.0723575
1.72733 2.01612 0.0348855
1.28107 2.55415 2.55958
0.229501 2.21398 4.9512
1.15452 2.30807 3.46663
1.16634 2.09397 3.73527
1.48866 1.62859 3.17654
0.232466 1.97225 5.17464
1.14376 2.51165 3.16835
1.3181 2.19902 3.07946
1.378 1.80304 3.4052
1.24876 3.12299 0.144905
0.870863 0.203838 5.39383
1.2689 2.7567 2.11173
0.433261 0.212327 5.84886
0.979315 3.32751 1.56707
1.28574 0.635249 4.49597
0.000483504 3.92105 1.18781
0.378864 3.79538 1.51563
1.84858 0.000194276 2.29018
1.46823 1.89048 2.92528
1.60689 2.3635 0.438404
1.30523 2.37279 2.82836
1.62538 0.171505 3.4867
1.55649 2.51262 0.0342943
0.727305 2.93368 3.44611
0.196272 1.71322 5.38974
1.36691 1.36385 3.87297
