0.151416 3.92981 1.02272
0.151675 1.72275 5.3962
1.19785 1.4302 4.30803
1.53414 0.161785 3.8474
1.48686 2.67151 0.212316
1.26901 0.0807 4.65046
1.85036 0.0741329 2.27448
0.350795 2.9437 3.92681
1.96742 0.720162 0.0477797
1.59938 2.39739 0.214797
0.610188 1.49732 5.26028
0.452252 3.89531 0.14911
1.28513 2.55799 2.5475
1.90111 0.0761703 1.8599
0.658314 3.0726 3.30705
1.24949 3.12182 0.145011
0.95954 1.20548 4.94446
0.851956 2.01253 4.51797
1.33621 1.33271 4.00451
1.49877 1.90646 2.78506
1.73542 1.0812 2.50701
0.411909 3.59793 2.32085
0.996747 3.4676 0.0726021
0.00144474 0.000964727 6
1.74831 1.74953 1.26637
0.124671 3.51139 2.85295
1.69641 2.11855 0.0350326
1.73431 0.336588 2.94717
1.58332 1.97435 2.16395
1.04477 3.13177 2.02691
0.916548 0.621598 5.26489
1.28296 2.77171 1.97839
0.194642 2.23526 4.94149
0.787004 3.53247 1.5403
1.81659 1.67129 0.166404
0.676265 0.412704 5.61255
0.44696 0.446825 5.80993
1.90324 1.2276 0.0911711
1.399 2.59719 1.79117
1.64281 2.00714 1.62674
0.664728 3.32575 2.67432
0.201773 3.74401 2.02334
1.85956 1.47225 0.0395531
1.76107 1.40935 1.90424
0.725583 2.88597 3.54133
1.55182 2.52161 0.140934
0.925839 3.54555 0.0288651
1.17012 2.26179 3.50738
1.63479 2.30426 0.0347833
1.93452 1.01619 0.0473594
0.516202 2.31995 4.63894
1.40879 2.09252 2.89334
1.69461 0.170689 3.2165
1.5926 1.38999 2.98192
0.00782936 3.09071 3.81051
0.115154 3.25102 3.48171
0.221158 0.92724 5.79882
1.17106 2.08344 3.74557
0.358917 3.84497 1.25699
1.11755 0.756669 4.85714
1.76281 1.89647 0.0542265
1.80859 0.0727296 2.56097
1.59663 0.995838 3.30134
1.93456 0.0765323 1.51793
1.33817 2.97115 0.14641
1.44462 0.337936 4.12503
1.32194 0.648695 4.4048
1.34352 1.56702 3.78706
0.0013431 4 0.000705275
1.06888 0.173948 5.08253
0.431161 2.72119 4.20752
0.762842 1.84259 4.81528
0.87748 0.0870183 5.3999
1.99383 0.000555903 0.470945
1.84653 1.22917 1.38462
0.9714 2.66535 3.39744
1.13503 3.17262 1.32589
1.1338 2.75101 2.72164
0.843904 3.3727 2.00073
1.66508 1.66098 2.20017
0.548686 2.54477 4.32701
0.978176 2.25201 4.08801
0.580078 3.68634 1.54793
1.87726 0.87331 1.60543
1.96203 0.0776191 1.15769
1.42862 2.36868 2.24237
0.227919 1.97587 5.17188
0.975914 3.33462 1.56848
0.888592 3.14387 2.60992
0.224471 3.37814 3.14509
2 0.000557622 0.000502215
0.769927 3.69168 0.0284799
1.52549 1.42163 3.25141
0.632571 3.78991 0.284562
1.65119 1.81819 2.00616
1.12464 3.31633 0.156575
0.292617 1.22699 5.64287
1.41428 2.8266 0.14621
1.60723 0.174115 3.5674
0.00136607 3.98738 0.477341
