0.730306 3.72384
1.7889 1.78872
1.65332 2.25082
1.18989 3.21507
1.28991 3.05953
1.90396 1.22704
1.58259 2.44573
1.17368 3.23882
1.7068 2.08504
1.534 2.56658
1.39414 2.86801
1.91766 1.13594
1.94616 0.921838
1.73783 1.97986
1.42275 2.81125
1.66484 2.21657
1.00875 3.45394
1.88625 1.32978
1.79953 1.74585
1.97816 0.5895
1.60732 2.38037
1.5655 2.48935
1.64058 2.28779
0.288819 3.95807
0.423705 3.90921
1.85724 1.48412
1.55085 2.52577
1.61897 2.34857
1.80985 1.70227
1.99196 0.358364
1.44137 2.77305
1.9358 1.00538
0.702534 3.7451
1.83543 1.58895
1.32378 2.9984
0.874755 3.59867
1.48403 2.68154
0.23623 3.972
1.59735 2.40705
1.8674 1.43223
1.22817 3.15696
1.08671 3.35801
2 0.000199095
0.656218 3.77856
1.9958 0.265577
0.627777 3.79784
1.10944 3.32814
1.91106 1.17957
1.1264 3.30528
1.8774 1.37893
0.377434 3.92813
1.06819 3.3817
1.50124 2.64293
1.72126 2.03693
1.27193 3.08694
1.21275 3.18072
0.191689 3.98159
0.939783 3.53094
1.40882 2.83918
0.757746 3.70179
1.82317 1.64446
1.69494 2.12337
0.797502 3.66824
0.608789 3.81018
1.14266 3.28288
1.74966 1.93772
1.30526 3.03071
0.674653 3.76555
1.96465 0.748727
0.84964 3.62111
1.98259 0.526704
1.45953 2.73478
0.912559 3.55935
1.766 1.87747
0.54463 3.84883
0.892401 3.57973
1.24928 3.12366
1.77695 1.83568
1.51689 2.60694
1.05099 3.40319
1.97279 0.657574
0.333663 3.94394
1.34099 2.96765
0.147805 3.98906
0.98269 3.48386
0.469717 3.88853
1.3765 2.9019
0.965162 3.50341
0.000445946 4
1.02595 3.43361
1.92815 1.06322
0.831545 3.63787
1.84667 1.53597
0.497203 3.87442
1.35738 2.9377
1.95561 0.838024
1.98829 0.43222
1.6823 2.16322
0.58198 3.8269
1.8954 1.27667
