0.162035 1.83395 5.31672
1.76406 1.41032 1.87551
1.81257 1.14715 1.86292
1.43763 2.68573 1.08147
0.667891 3.33391 2.64226
0.129019 3.39073 3.16567
1.63399 2.30646 0.0361246
1.77964 0.314872 2.6968
1.82747 0.0734788 2.43536
1.88696 0.775353 1.613
1.18536 1.42013 4.3404
1.96195 0.0778824 1.1589
1.96611 0.732501 0.0478423
0.482774 2.2578 4.74611
1.8204 1.65307 0.166425
1.88576 1.33229 0.0399579
1.60067 0.957076 3.29842
1.94687 0.0773081 1.3693
1.49988 1.88672 2.78286
1.84561 1.53704 0.167159
0.00215334 4 0.00092912
1.50689 2.3437 1.79026
1.13617 0.0764184 4.95663
1.90217 0.399872 1.75596
0.31703 3.93801 0.450103
0.22262 0.928362 5.79816
1.23512 1.44511 4.19543
0.783019 3.52952 1.56758
0.943539 0.638491 5.20306
1.44672 1.97412 2.89733
0.698435 3.25474 2.78949
0.929379 3.54184 0.0291126
1.64273 2.00317 1.6384
0.440667 2.76115 4.17641
1.27086 2.91879 1.57992
1.91245 1.1702 0.0402117
0.00214165 0.00125899 6
1.65286 1.80683 2.01679
0.724268 3.34944 2.46141
0.0150799 3.25612 3.48913
1.36723 1.36506 3.87084
1.59983 0.172174 3.5952
2 0.000851635 0.000735294
0.978422 2.02981 4.38796
0.626419 2.92092 3.65193
0.511219 2.42335 4.53102
1.66347 0.175776 3.32464
1.34461 0.161646 4.50323
0.986054 3.35538 1.39537
1.606 1.47528 2.80982
0.60759 1.5029 5.2561
1.86653 0.0750492 2.15219
1.5135 0.354093 3.88653
0.0280899 3.09261 3.8119
0.443137 0.644815 5.77037
1.58189 2.44338 0.214923
1.44384 0.337808 4.12132
1.1878 3.21954 0.398697
1.46666 2.76966 0.148128
1.73522 1.08085 2.50449
1.35721 0.663009 4.29335
0.674672 0.374053 5.62142
1.16819 2.71173 2.7305
1.10479 3.27906 0.976593
1.1586 2.10363 3.74787
0.792805 3.67253 0.0289247
1.83525 1.22085 1.52742
0.160578 3.51032 2.85197
1.74932 1.74666 1.26792
0.951183 2.60404 3.56179
1.40071 1.40105 3.73257
0.633589 3.78923 0.28447
1.71698 2.0533 0.0355355
0.936589 1.19029 4.99193
0.653201 3.06213 3.33057
0.162538 3.90063 1.23791
1.9467 0.908332 0.192321
1.03601 3.43448 0.0399552
1.34236 2.97858 0.146774
1.98927 0.411851 0.0587979
1.77404 1.8742 0.0790915
1.32539 2.8346 1.51312
0.559063 3.7026 1.53021
0.18484 2.08937 5.09324
1.60374 1.90982 2.15596
0.971563 2.67167 3.39527
0.477121 3.88331 0.144666
1.20152 0.165682 4.79579
1.70523 0.573908 3.01575
1.50509 2.63083 0.213162
1.28684 3.07771 0.146204
1.47374 2.45547 1.69981
1.66465 2.21703 0.0351527
1.01563 3.17685 2.02284
1.16064 2.24039 3.55823
1.56296 1.43145 3.06695
1.28009 2.57096 2.57142
1.98054 0.182563 0.788831
0.407357 3.59641 2.32992
0.202658 3.74426 2.02215
