1.66698 2.21013
1.96621 0.732146
1.35865 2.93547
1.78611 1.7998
1.08521 3.35995
1.30577 3.03063
1.92394 1.09266
0.982935 3.48358
1.91749 1.13706
1.48952 2.66932
1.47177 2.70843
1.87681 1.38256
1.15015 3.2724
1.90212 1.23605
0.656398 3.77843
1.18918 3.21628
1.99713 0.214363
1.98494 0.490029
0.000660023 4
0.867799 3.60384
1.99251 0.345967
0.96535 3.5032
1.00877 3.45391
1.97817 0.58945
1.10958 3.32796
0.378942 3.92755
1.39062 2.87484
1.45932 2.73525
1.88577 1.33245
1.83515 1.59025
1.21292 3.18046
1.77438 1.84562
1.02586 3.43372
0.544539 3.84888
0.894824 3.57731
1.54882 2.53074
0.813324 3.65431
0.75895 3.70081
0.148004 3.98903
1.04291 3.41312
0.68449 3.75844
1.5706 2.47645
1.89419 1.28381
0.415685 3.91265
0.333772 3.9439
1.79796 1.75195
1.85757 1.48245
1.73244 1.99867
1.98845 0.432289
0.840626 3.62952
1.22772 3.15766
1.5169 2.60692
1.95471 0.846385
1.93007 1.04849
1.42335 2.81004
1.59084 2.42627
1.95962 0.799737
1.7142 2.06058
0.471071 3.88746
1.44142 2.77296
1.70238 2.09942
0.288736 3.9581
0.191889 3.98155
1.65338 2.25062
1.61519 2.35896
0.730524 3.72362
1.74971 1.93756
1.94617 0.921758
1.26845 3.0926
1.93581 1.00529
0.23643 3.97195
1.68727 2.14766
1.7642 1.88425
0.938808 3.53193
1.60265 2.39293
1.34235 2.96519
1.32388 2.99854
1.86781 1.43011
1.8468 1.53534
1.50133 2.64273
1.12635 3.30535
1.2893 3.05868
2 0.000210119
1.3711 2.9121
1.82289 1.64568
0.785586 3.67851
1.06819 3.3817
1.52966 2.57693
0.506483 3.86961
0.628174 3.79758
1.90979 1.18966
0.583377 3.82605
0.712142 3.73784
1.81025 1.7006
1.40887 2.83907
1.97298 0.65762
1.17343 3.23918
0.921193 3.55044
1.24941 3.12344
1.63095 2.31518
