1.99775 0.189696
1.83516 1.59019
1.96653 0.728726
0.9125 3.55941
1.4269 2.80282
1.06815 3.38264
1.26554 3.09736
1.76606 1.87725
1.56 2.50312
1.9866 0.462214
1.90292 1.23108
0.804266 3.66233
1.5858 2.4374
1.05144 3.40263
1.87694 1.38145
1.15007 3.27252
1.93008 1.04844
1.80995 1.70188
0.939239 3.53148
1.37226 2.90992
1.41054 2.83575
0.656461 3.77839
0.991527 3.47383
1.45368 2.74724
1.93581 1.00525
1.24945 3.12338
1.71423 2.06052
0.830165 3.63914
1.67117 2.19745
1.12683 3.3047
0.749218 3.70873
1.69627 2.11912
0.489267 3.87846
1.9795 0.57125
0.69363 3.75178
0.289047 3.95801
1.74972 1.93749
1.62819 2.32292
1.61584 2.35718
0.370208 3.93088
1.00885 3.45382
1.441 2.77382
1.9242 1.09079
1.50136 2.64266
1.39054 2.875
1.35086 2.94972
0.573157 3.83223
1.54455 2.54114
1.88578 1.33243
1.18977 3.21525
0.776624 3.68611
0.000734835 4
1.28729 3.06129
1.9175 1.13703
0.517287 3.86389
1.02601 3.43355
1.52969 2.57686
0.442295 3.90096
1.99365 0.318458
1.48848 2.67164
1.63785 2.2956
1.86782 1.43005
0.191957 3.98153
1.84672 1.53573
1.51674 2.6073
1.91085 1.18092
1.2285 3.15644
1.98983 0.402779
1.94575 0.9253
1.9728 0.657487
1.82311 1.64471
1.60022 2.39948
1.4718 2.70835
2 0.000200466
0.965751 3.50276
1.8942 1.28374
1.73246 1.9986
1.57069 2.47623
1.85754 1.48263
1.68293 2.16126
1.78152 1.81791
1.30962 3.02317
1.08505 3.36015
0.609036 3.81003
0.721318 3.7308
1.1718 3.24154
0.849968 3.6208
1.65455 2.2472
0.544812 3.84873
0.396606 3.92056
0.148077 3.98902
0.876408 3.5955
1.3315 2.98471
1.20521 3.19216
1.10963 3.3279
0.332796 3.94423
1.95085 0.88134
1.79722 1.755
1.95925 0.803296
0.244866 3.96991
