1.64092 2.28681
0.977181 3.49006
1.73324 1.99589
1.87729 1.37956
1.78214 1.81544
1.99711 0.215058
0.520747 3.86203
1.30741 3.02699
1.96658 0.728133
1.39283 2.87056
1.8109 1.69783
0.844237 3.62616
0.752092 3.70657
1.07078 3.37842
1.46132 2.73097
1.91766 1.13595
1.17481 3.23718
1.53089 2.57401
1.29022 3.05636
1.34526 2.95991
1.71506 2.05772
1.86786 1.42985
1.56942 2.47946
1.59648 2.40935
1.92426 1.09035
1.90235 1.23464
1.1121 3.3246
1.23026 3.1537
1.19209 3.21186
1.88608 1.33074
1.89445 1.28225
1.98275 0.52418
0.91539 3.55644
1.32471 2.99677
1.0115 3.45073
1.62839 2.32238
1.84723 1.53331
1.83593 1.58665
0.00457062 3.99999
1.13653 3.29138
1.9925 0.346091
1.93596 1.00414
1.08742 3.35709
1.82379 1.64167
1.97819 0.589098
2 0.00101287
0.292659 3.95695
1.44313 2.76939
1.20828 3.18752
0.641535 3.78863
1.26866 3.09225
0.959637 3.50947
0.897592 3.57454
0.994291 3.47067
0.248284 3.96906
1.93024 1.04726
1.9593 0.802902
1.67659 2.18088
0.679009 3.76247
1.05397 3.3995
1.35965 2.93349
1.54795 2.53287
0.816525 3.65146
0.3368 3.94288
0.195713 3.9808
0.585577 3.82471
1.25212 3.11932
0.613556 3.80712
0.108707 3.99409
1.51353 2.61474
1.7967 1.75713
1.94635 0.920845
1.03028 3.42843
0.548316 3.84674
0.941946 3.52859
0.428573 3.90708
1.76674 1.8747
1.41028 2.83628
1.58393 2.44226
1.49064 2.66683
1.37936 2.89646
0.779869 3.68337
0.733937 3.72093
0.472837 3.88661
1.98661 0.462136
1.75038 1.9351
1.97283 0.657034
1.90968 1.18847
1.69589 2.12032
1.61087 2.37114
1.15251 3.26909
0.8707 3.60105
1.42451 2.80768
1.47336 2.70497
1.85778 1.48143
0.706206 3.74234
1.66391 2.21937
0.382895 3.92601
1.95364 0.856257
1.65443 2.24755
