1.22089 1.69055 4.02968
0.515957 2.31941 4.64647
1.32258 0.646818 4.40808
1.46999 0.249347 4.05967
1.93507 0.0764408 1.51206
1.84915 0.141562 2.2761
0.000405953 3.98765 0.471181
1.49798 1.89658 2.78301
0.219995 0.927972 5.79887
1.59694 0.99251 3.29474
0.758131 1.83289 4.82749
2 0.00040859 0.000424477
0.542016 2.5508 4.33639
0.415265 2.72999 4.22015
1.41539 2.83063 0.147455
0.202132 3.74391 2.02345
0.843268 3.36604 2.02664
1.72838 1.72744 1.54924
1.36686 1.36398 3.8729
0.150298 1.71767 5.40295
1.15801 3.25197 0.397044
1.12206 2.78363 2.69358
0.97911 3.33133 1.5499
0.634881 3.78838 0.284078
1.60093 0.173825 3.59638
0.033261 3.01209 3.97869
1.58462 1.97837 2.1486
1.85579 1.49119 0.0394896
1.81972 1.65595 0.16618
1.73404 1.08042 2.52325
1.52611 1.39419 3.27167
1.41103 1.84583 3.24667
0.968783 2.66784 3.39738
0.666747 3.33633 2.64679
1.41539 2.42439 2.18084
1.1652 2.26626 3.50574
1.76194 1.41223 1.89466
1.04371 3.13006 2.03771
0.487665 1.22032 5.52349
1.96791 0.712964 0.0475981
1.25037 3.12562 0.145418
0.223476 3.37738 3.145
0.123452 3.51069 2.85253
1.39931 2.60091 1.77674
1.28022 2.76918 2.00054
1.3388 2.97493 0.146375
1.96191 0.077501 1.15959
1.80018 0.0719805 2.61196
0.905349 2.48276 3.84175
0.606735 1.49984 5.2562
0.910168 2.24661 4.20299
0.769298 3.6922 0.0284802
1.83615 1.22253 1.51465
1.02606 3.43369 0.0478914
0.783234 3.53286 1.5544
1.67497 2.18488 0.246856
1.64234 2.00636 1.63353
1.78815 1.78828 0.165306
0.149409 3.90197 1.24177
0.379393 3.79467 1.51845
1.59408 1.39223 2.9655
0.000406672 4 0.000631834
0.210027 0.212996 5.95829
1.68699 0.171476 3.23478
1.91051 1.18284 0.0399118
0.581389 3.6872 1.5393
1.89702 0.0758201 1.89708
1.00337 1.49334 4.6883
0.202769 1.96908 5.19099
1.65166 1.807 2.03064
1.1672 1.36111 4.43554
7.35015e-05 0.000813264 6
1.54914 2.51298 0.438728
0.447326 0.427248 5.81296
1.72854 2.01706 0.0351617
1.27956 2.56034 2.55863
1.94002 0.971779 0.0472215
1.893 1.29177 0.0399245
0.674737 3.06531 3.28405
1.53399 0.166173 3.85223
0.0146852 3.17105 3.65875
1.50908 1.04561 3.61965
0.442867 3.89946 0.147719
1.48933 2.66599 0.212458
1.85843 0.618862 2.01352
0.942409 1.18549 4.99106
0.673447 0.410192 5.61602
0.195279 2.22986 4.95118
1.62276 2.34229 0.0347049
1.99385 0.000407335 0.469994
1.61071 1.46648 2.79947
1.73434 0.323118 2.94852
0.413917 3.59292 2.33116
0.724278 2.89488 3.52719
0.869837 3.16055 2.59165
0.916792 0.622144 5.26481
1.16691 0.379173 4.86926
0.931294 3.53983 0.028806
1.1626 2.10142 3.73625
1.52659 2.29026 1.7955
