0.933998 1.18974 4.9964
0.97725 3.32963 1.56854
1.88333 0.075262 2.01635
1.93417 1.01846 0.0402066
1.52721 1.40222 3.27499
1.1653 2.26925 3.49677
1.28192 2.78965 1.9328
1.11212 3.33088 0.167218
1.72787 1.72907 1.55035
0.769393 3.69212 0.0282743
1.15814 0.924206 4.69942
0.843228 3.36842 2.02783
1.69677 2.12106 0.0349849
1.85602 1.48997 0.0394595
0.408556 3.59735 2.32339
1.39869 2.59484 1.80139
0.223362 3.37475 3.16006
1.30882 2.41786 2.73017
0.513172 2.31791 4.64791
1.71134 1.06646 2.66138
1.6088 1.76851 2.40551
1.96677 0.725448 0.046075
0.35951 3.84484 1.25978
1.60144 0.993039 3.27962
0.15065 3.93056 1.01841
1.76281 1.38458 1.93268
1.44457 0.33788 4.12805
1.76424 1.89749 0.0881938
1.18089 1.41487 4.35399
1.33777 2.97186 0.146897
0.886048 3.13296 2.63765
0.906726 0.118421 5.36289
0.667602 3.32757 2.66738
0.220119 0.927859 5.79887
0.0147294 3.17103 3.65929
0.723059 2.8896 3.54867
0.661747 3.07397 3.30959
1.14261 3.16059 1.33196
1.55381 0.164033 3.77809
0.197324 2.84973 4.19849
0.579254 3.68598 1.55265
0.18797 2.23092 4.96422
1.73436 0.323087 2.94839
1.27432 2.56774 2.56757
0.489788 1.22537 5.51929
1.78954 0.0714942 2.67703
1.41527 2.82472 0.148789
1.84824 0.141316 2.28281
1.67657 1.99338 1.33208
2 0.000296606 0.000411053
1.61989 1.45744 2.78344
0.000517412 0.000714028 6
0.925784 3.54559 0.0332361
1.5526 2.52324 0.122441
1.90369 1.22604 0.0398368
1.96191 0.0773923 1.15955
1.04497 3.12184 2.06036
0.000516608 4 0.000623291
1.12554 2.77525 2.70043
1.59167 2.16808 1.61956
1.32012 0.645118 4.40939
0.417769 2.72522 4.21415
0.151067 1.75115 5.38816
1.90507 0.946707 1.14885
1.60768 0.169709 3.56931
0.000515013 3.98765 0.471129
0.673165 0.425703 5.61378
1.99308 0.000295272 0.498577
1.19749 1.99919 3.75518
1.08729 0.124269 5.04357
1.69351 0.165804 3.20134
1.24982 3.12163 0.145192
0.970475 2.66676 3.39551
1.92201 0.245065 1.61799
0.451213 3.89582 0.138818
1.37601 1.91896 3.31816
0.631976 3.79031 0.284542
0.939131 1.98733 4.38739
1.42702 2.37532 2.23142
1.36309 1.35932 3.89229
0.346917 2.94548 3.92747
0.995115 2.24826 4.04603
0.198212 3.50326 2.8441
1.77838 1.01448 2.28798
1.62511 2.33489 0.0347172
0.605185 1.49872 5.25831
0.228611 1.97537 5.18172
1.85097 1.23225 1.3224
1.4842 2.67742 0.212445
0.200984 3.74579 2.01867
1.50068 1.90187 2.78855
0.550644 2.55245 4.33409
0.761559 1.82342 4.82699
1.00006 3.46398 0.0289789
0.784737 3.53263 1.54239
1.8182 1.66263 0.166113
1.48162 0.723798 3.88895
0.859043 3.61198 0.0898256
1.26868 0.0801035 4.65189
0.459301 0.6791 5.75017
