1.19568 3.291
1.62546 2.47853
1.91424 1.73544
1.13081 3.39608
1.30943 3.07177
0.799101 3.80192
2.1365 0.737231
1.24931 3.19056
0.416627 4.06397
1.74476 2.20634
0.756311 3.8424
0.704538 3.88895
0.502956 4.02131
2.15497 0.598201
1.97124 1.5461
1.06958 3.48363
1.7194 2.25874
2.01564 1.3587
1.80483 2.05033
1.33207 3.02774
1.87201 1.88962
2.17306 0.41874
1.90173 1.78837
2.20076 0.201095
0.81582 3.78278
2.13014 0.761245
2.00321 1.40116
2.02778 1.3168
1.43665 2.7954
0.730162 3.86434
0.677814 3.90697
1.76537 2.14245
1.98159 1.49128
1.59646 2.53187
0.45982 4.0448
1.96166 1.59501
1.34915 2.98653
0.616669 3.95257
2.07762 1.07751
0.942182 3.64984
1.67251 2.36626
2.09227 0.997031
1.99545 1.44615
2.12037 0.824463
0.248197 4.11902
0.983609 3.60312
1.85402 1.93727
0.144024 4.13706
2.0347 1.27399
2.18041 0.358514
2.1105 0.892106
1.50034 2.69773
0.773048 3.82446
1.42387 2.82403
1.56251 2.5832
1.64971 2.4298
2.16535 0.497212
1.0938 3.45254
1.39056 2.8973
0.841356 3.7582
1.1079 3.42896
1.46663 2.74823
2.14661 0.686499
0.54649 3.9963
2.06214 1.14724
2.19087 0.232668
0.642789 3.93161
2.08344 1.03255
1.4049 2.85808
2.04331 1.23301
1.18032 3.31112
1.88449 1.83834
1.0566 3.50365
1.37239 2.93599
1.81723 2.02303
1.69687 2.31398
1.16694 3.33726
1.94211 1.63407
1.92605 1.68302
0.289541 4.10789
0.884052 3.71504
1.23061 3.23117
1.03165 3.542
0.331433 4.09569
1.01458 3.56499
2.10477 0.92636
2.05179 1.1928
0.959183 3.63345
1.83408 1.98967
1.53046 2.64257
1.14481 3.37062
1.21536 3.25104
0.590565 3.9723
0.917698 3.67899
0.900171 3.69418
1.26935 3.15388
0.857915 3.73805
0.373927 4.08209
1.28408 3.12085
1.78987 2.10048
