2.20614 0.274596
2.26211 0.26256
2.06148 1.16055
1.25373 3.18267
2.03839 1.28497
2.14975 0.61146
2.01181 1.37104
1.81274 2.04044
1.511 2.67473
0.692284 3.8934
0.243339 4.11677
1.91398 1.73706
1.19991 3.27692
1.26626 3.15498
0.606348 3.95607
0.928978 3.66515
0.718146 3.86862
1.63034 2.46077
1.88566 1.83379
0.666939 3.91238
1.54076 2.61905
2.05438 1.21341
1.129 3.39136
1.16461 3.33399
1.9843 1.50177
2.02141 1.32654
1.0475 3.51495
0.993891 3.58881
1.65622 2.40602
1.69105 2.33649
2.16623 0.477616
0.845998 3.75473
0.968936 3.61687
1.71093 2.30239
1.21454 3.25583
0.632208 3.93532
1.3958 2.88217
1.29702 3.09365
1.96716 1.54178
2.17339 0.406002
2.10561 0.917384
1.7586 2.20753
1.84782 1.93498
1.77544 2.14857
0.494605 4.02176
0.953752 3.63848
1.3794 2.92012
1.7345 2.25789
1.36187 2.95775
1.95518 1.59727
0.904327 3.69354
1.41857 2.83425
1.67561 2.35623
1.15133 3.3592
1.18692 3.30273
0.871436 3.73003
2.18721 0.313988
0.325597 4.09565
2.13774 0.724789
1.90254 1.78782
1.3463 2.99673
1.23333 3.21612
2.12787 0.784366
1.82868 1.98512
1.99374 1.45706
0.580906 3.97558
1.1082 3.42871
2.00139 1.41256
0.79509 3.8038
0.283484 4.10796
1.59733 2.51342
1.32812 3.03263
1.06343 3.49484
1.86372 1.87538
2.07508 1.09781
1.92975 1.69094
1.79247 2.09166
1.48309 2.73297
1.57264 2.5725
0.451976 4.0456
1.03278 3.53889
0.887351 3.70982
1.2802 3.13343
2.09339 0.984775
2.08045 1.05491
0.409393 4.06484
1.00925 3.56566
0.367268 4.08137
1.94134 1.6382
0.744086 3.84936
2.15979 0.526706
2.11399 0.884788
0.760949 3.83183
0.141155 4.13482
2.1822 0.341675
1.08838 3.45753
0.537297 3.99819
1.44805 2.77746
1.31351 3.06382
0.811811 3.78831
