2.00355 1.46005
1.84085 1.93667
1.91849 1.74056
2.13108 0.822363
1.55182 2.60866
1.36316 2.93314
0.933804 3.57314
1.41035 2.85681
1.59938 2.52277
0.199111 4.09704
1.47417 2.77853
2.14713 0.726098
1.93007 1.68782
1.34504 2.9681
2.0452 1.23109
1.50258 2.71638
0.443374 3.99976
1.69401 2.31983
1.95026 1.59882
0.860896 3.66142
1.01597 3.47083
0.358417 4.04034
0.316266 4.05669
2.16093 0.515725
1.06587 3.39361
0.130454 4.12898
1.67247 2.38049
0.684377 3.8385
0.274406 4.06774
2.07354 1.15654
2.03429 1.27204
1.73004 2.24101
1.79257 2.10946
0.710476 3.81592
0.607387 3.89997
0.908731 3.60278
0.233279 4.08312
1.77492 2.16817
1.15566 3.30347
1.28632 3.07485
2.02742 1.31666
1.04028 3.42949
0.735617 3.78814
2.06212 1.19463
1.58063 2.53654
2.01932 1.36819
0.88566 3.63336
1.86081 1.90969
2.10812 0.886109
2.19051 0.190779
0.538509 3.95202
1.65009 2.44178
0.968388 3.53732
1.71432 2.25952
1.32309 3.00542
1.53122 2.65729
1.97669 1.54693
1.82569 1.99328
0.991531 3.50485
1.18221 3.27202
2.18066 0.438891
0.400551 4.0191
0.658698 3.85788
1.23778 3.16765
1.90616 1.79393
2.01188 1.41433
2.13865 0.789081
0.835749 3.68692
1.89645 1.83546
1.38945 2.89108
0.494472 3.97468
1.94113 1.63589
1.30141 3.03992
0.761129 3.7624
1.88136 1.87759
2.10096 0.958924
1.19966 3.23546
1.26204 3.12521
1.81018 2.05145
1.10936 3.34258
0.632413 3.87861
1.21899 3.20228
2.17491 0.463132
1.9621 1.57434
1.62784 2.49684
2.09256 1.03593
1.56817 2.57272
2.15659 0.569642
2.12091 0.854189
0.573123 3.92762
1.07975 3.37008
0.785683 3.73804
1.49158 2.74272
2.18745 0.384008
1.12959 3.32532
0.811538 3.71238
1.99402 1.4962
2.08148 1.11741
2.15141 0.661006
1.42549 2.82784
