0.999498 3.65471 0.261027
1.6464 2.6694 0.23139
1.56006 2.73101 1.36334
1.99187 1.1602 1.81586
0.685657 3.83285 0.295225
0.415005 3.64263 2.3619
1.85225 2.19518 0.422667
0.512824 3.73868 1.57375
1.4676 2.72746 1.88304
1.13788 3.09193 2.17973
1.22704 1.47006 4.40422
0.0883566 0.00745862 5.99646
0.962076 1.21083 5.06947
1.54083 0.767517 4.16621
1.71131 1.46052 3.00989
0.56835 2.60782 4.43589
0.512039 1.24077 5.63743
2.11568 1.06732 0.166996
1.88038 0.155203 3.18805
0.137743 3.31852 3.56313
0.951245 2.52177 3.90897
1.92029 2.04716 0.15753
1.69636 1.04707 3.47049
1.05581 1.94808 4.24578
2.17156 0.523966 0.179014
1.14761 3.53636 0.18053
1.01414 3.41891 1.6129
2.0568 1.41046 0.262196
0.531226 2.36711 4.74044
0.705477 3.20971 3.03129
1.79934 0.126665 3.41366
1.88842 1.50981 2.02647
0.688282 0.324501 5.67055
1.03859 0.705285 5.1423
1.84933 1.15374 2.67707
0.00785267 4.00621 0.00624405
1.497 1.83795 3.47401
1.84675 0.624306 2.9873
1.63783 0.141201 3.98915
1.78103 2.3603 0.291311
2.08477 1.10246 0.77842
0.18202 1.76673 5.55105
0.138326 3.58283 2.91124
1.41068 3.12224 0.158708
1.75402 1.92078 2.14069
2.18949 0.189491 0.1904
2.05203 0.15456 2.0508
0.184666 2.03212 5.32865
1.51095 3.01266 0.126308
1.73369 2.49846 0.39433
0.881725 3.43208 2.06434
1.24508 0.268113 4.97534
1.20076 3.40971 0.401765
1.88546 1.88245 1.20052
0.989745 2.71163 3.44083
1.28504 3.20266 1.04913
0.777381 1.8467 4.91087
0.646475 1.51867 5.34644
2.17984 0.183399 0.540881
2.14471 0.171822 1.15642
1.18811 2.86489 2.83173
0.210415 2.29477 5.11524
1.23454 2.34268 3.67517
0.797191 3.57586 1.59299
0.859204 3.7053 0.506835
1.71809 0.18544 3.67548
1.21541 2.1875 3.87454
1.98834 0.665261 2.2907
0.131546 3.45511 3.22599
1.54223 2.33823 2.39218
1.30429 3.33086 0.166953
2.02382 1.32195 1.16808
1.34044 2.67966 2.45083
1.57145 1.99444 2.9241
2.11041 0.647404 1.18133
0.348312 3.92355 0.775267
0.00804732 0.00506387 6.00506
0.217532 3.78275 2.07127
0.170077 3.90116 1.49135
0.745905 2.95049 3.57311
1.18283 3.27334 1.37521
0.515802 2.90788 4.04646
1.90864 0.352523 2.86398
1.58607 2.8389 0.11941
1.97253 1.77736 0.256826
2.08503 0.185735 1.75631
0.936182 0.639226 5.34639
1.77304 1.7671 2.33222
1.67606 2.09119 2.29958
0.418853 0.165876 5.86948
1.6023 1.4744 3.51495
2.12935 0.988496 0.171687
1.43498 1.42934 4.04981
0.275913 2.87491 4.29641
1.59931 2.42565 1.84055
0.678269 3.35805 2.66937
1.51116 0.158958 4.42375
2.03064 0.148555 2.17832
1.37926 0.690926 4.58132
1.74472 2.13063 1.74009
