1.44667 3.20137 0.159565
1.33687 2.67909 2.44071
2.1905 0.196089 0.190503
1.57242 2.48142 2.00171
1.81619 1.81985 2.3221
1.8963 0.177581 3.03121
2.14286 0.730019 0.553548
1.43858 0.627607 4.48667
1.00259 1.94872 4.47117
1.20929 3.42333 0.332352
1.91127 2.07242 0.15581
0.174834 2.78106 4.51532
1.29584 0.148707 4.89624
0.509036 2.78802 4.27453
1.42104 3.00585 0.860089
0.730108 0.923238 5.47707
2.09754 0.172153 1.74792
1.24508 1.70753 4.17756
0.593026 2.57222 4.34132
1.75852 2.53918 0.153266
1.1168 0.107565 5.28672
1.65299 2.66171 0.660647
0.238857 3.40985 3.18426
2.10273 1.17059 0.166739
0.884049 3.65853 0.689688
0.0152555 4.00911 0.00912497
0.0343505 4.00009 0.0014061
0.503266 1.2088 5.62587
1.26494 3.14407 1.64503
1.96952 0.698798 2.48498
0.928196 0.333026 5.46947
0.960757 2.68915 3.39748
0.696348 3.11288 3.33037
2.1877 0.190509 0.508458
0.842092 3.51822 1.86967
0.676092 0.205895 5.7446
0.159639 3.54959 2.86922
0.191158 3.03488 4.05567
0.99847 1.75093 4.717
0.971284 2.27305 4.25748
0.744214 2.92828 3.6141
1.93359 0.350951 2.80287
1.19397 2.13443 3.75792
1.16694 2.85526 2.76481
0.194579 2.56396 4.83198
0.964612 1.20988 4.9944
1.59072 2.04661 2.91471
0.872861 3.19056 2.7282
0.936107 2.47345 3.92756
1.71235 0.147462 3.75285
0.0734354 0.0219766 6.00018
1.61508 2.88101 0.234009
1.77881 1.9572 2.15038
1.28229 3.27506 0.642893
1.20283 1.20509 4.74553
1.69292 1.48426 3.09149
0.358542 3.89217 1.04066
1.52221 2.80967 1.301
0.539404 3.72523 1.55505
1.87048 1.47417 2.67077
1.87194 2.15437 0.143139
1.70356 2.13015 2.30089
1.41267 1.40973 3.93492
2.03464 0.168717 2.32859
0.468484 0.65707 5.81996
1.62163 1.62322 3.44383
1.51338 0.380429 4.34077
1.42342 2.33889 3.28536
0.212565 1.77466 5.49351
2.02437 1.35548 1.49922
0.754199 3.81542 0.141159
1.62606 0.162003 4.14164
0.205132 2.03373 5.27371
1.94105 1.56325 2.04344
1.18471 2.34548 3.51874
1.81712 0.144242 3.29662
0.758511 1.77036 5.00016
1.79692 2.40282 0.297367
2.00112 0.780683 2.15666
1.10675 0.459399 5.1091
2.12588 1.09273 0.17879
0.253949 1.18292 5.83697
0.0283307 0.0283307 6.02833
0.683904 3.36279 2.65476
1.7236 1.07257 3.44529
1.20116 1.44035 4.50042
1.95673 1.95745 0.184891
1.38818 3.13701 0.484849
2.01827 1.69012 0.17299
1.07982 3.24075 2.14664
1.48063 0.178972 4.60583
2.06461 1.42971 0.24394
0.520292 2.33581 4.625
0.0188895 4.00445 0.00455126
0.181818 3.9728 0.447566
0.434136 3.63975 2.34851
0.219103 3.79057 2.04127
1.14347 3.39521 1.03007
0.179983 3.21263 3.69492
1.04203 3.61649 0.172978
