1.70706 2.31747
0.990763 3.61424
0.875781 3.75078
1.47749 2.74696
0.815435 3.80624
2.07499 1.1189
2.21392 0.27043
2.03212 1.32531
0.712531 3.9006
1.11593 3.43761
1.57384 2.59567
2.04897 1.24218
1.16348 3.38171
2.04011 1.28287
1.33519 3.06671
2.21655 0.217482
1.44707 2.80657
0.773196 3.84638
1.32133 3.10952
2.15245 0.695858
0.520567 4.02938
1.24913 3.24348
1.9136 1.79525
0.832321 3.78761
1.98721 1.50636
1.83121 1.99152
0.951031 3.66658
0.162638 4.149
0.78978 3.82948
1.13879 3.40741
1.21332 3.30289
1.68402 2.372
1.26732 3.19985
1.00642 3.59294
0.265582 4.1316
1.86304 1.91651
1.79409 2.10015
2.17669 0.492239
1.02315 3.57491
1.77395 2.15556
2.18564 0.424338
0.307932 4.12156
2.19082 0.344404
2.09124 1.06232
2.17142 0.544559
1.96756 1.60082
1.50968 2.69723
1.23259 3.26383
1.65708 2.41653
1.88258 1.89287
0.747384 3.87328
1.39193 2.93558
1.36243 3.00301
1.54149 2.64252
2.02076 1.36806
0.47793 4.0542
0.925643 3.69381
1.06185 3.52226
0.58159 3.99268
0.349645 4.10872
1.73085 2.26273
0.902712 3.72159
1.81532 2.04777
0.55519 4.00862
2.06572 1.16295
2.05971 1.20333
1.19796 3.32412
1.28891 3.1717
1.30273 3.13618
1.95462 1.64887
1.03823 3.55175
0.616636 3.97147
2.12521 0.942737
2.11813 0.990686
2.16564 0.601504
1.18451 3.34906
1.99832 1.45633
1.10028 3.46465
2.01369 1.41069
0.226056 4.14093
2.13944 0.825243
0.434844 4.07624
1.75094 2.20686
0.686438 3.92143
0.392087 4.094
1.9417 1.6969
1.60502 2.54482
0.849446 3.77349
1.07732 3.49721
1.84866 1.93841
2.14451 0.774014
2.08268 1.08841
1.97794 1.55366
2.1609 0.644861
1.89778 1.84329
1.6312 2.48728
1.41566 2.85784
0.659704 3.94147
0.966896 3.6463
1.92547 1.74302
