0.565712 3.71249 1.59947
1.41498 1.41011 4.03958
1.61694 1.47812 3.4901
0.890784 3.16779 2.76235
1.31361 2.70613 2.44192
2.13659 0.167602 1.22002
1.95355 0.158377 2.8034
1.72359 1.52393 3.03823
0.158983 3.19431 3.7271
0.401572 0.216447 5.87431
1.42838 2.38001 3.11036
0.667693 3.3395 2.68641
1.49356 2.61902 2.15783
1.67398 2.47433 1.176
1.14821 2.84041 2.80645
1.71892 0.125499 3.72012
0.921787 1.17253 5.05652
1.53056 2.40952 2.58436
2.0918 0.166765 1.79412
1.04983 3.17879 2.14378
0.127414 4.12741 0.128091
1.50489 0.198114 4.36913
1.63001 2.63324 0.690517
2.07391 0.850527 1.30066
0.712631 2.89142 3.61387
2.21444 0.220311 0.214445
0.190313 3.93027 1.31654
2.00723 1.63092 0.15021
1.36456 0.673022 4.58817
1.86775 1.87063 1.39502
1.8109 0.146101 3.45334
0.32823 3.90606 0.890136
1.10599 3.50962 0.0831534
0.750857 2.27877 4.53481
1.61854 0.353986 4.0142
0.000223704 0.000167188 6.00016
0.406694 3.60452 2.36355
2.1859 0.190566 0.600038
1.19521 1.41582 4.42119
1.1981 3.20465 1.52867
0.171328 2.54707 4.85302
0.998405 1.98934 4.40937
0.239997 2.01215 5.31394
1.15563 2.14996 3.8112
1.72324 1.05471 3.4331
0.417809 2.95966 3.99773
0.134137 3.53367 2.92686
0.658576 3.83512 0.729259
1.15972 0.903574 4.95769
2.12944 0.935838 0.166754
0.818681 3.49648 1.87752
1.45936 1.88591 3.6727
1.27185 3.3024 0.186698
0.924295 0.688139 5.35534
2.14799 0.861703 0.177466
2.10634 1.11816 0.527196
1.76544 2.39073 0.305558
0.250403 2.85767 4.28852
0.297047 4.01143 0.131273
1.88389 1.50842 2.09211
1.837 2.19775 0.474762
0.879593 3.69849 0.104646
1.58517 2.81404 0.252157
1.9818 1.31858 1.66993
0.791443 3.78535 0.0673749
0.677784 0.341456 5.67455
0.238774 1.75132 5.52998
2.16622 0.771224 0.187618
2.1905 0.193965 0.404703
0.433932 3.95077 0.0331579
2.02088 0.148347 2.25602
1.86345 0.536057 3.03953
0.506429 2.27977 4.85386
1.18796 3.38353 0.443351
0.236113 3.32748 3.37428
1.91313 2.05009 0.152509
2.02993 1.40575 0.75279
0.971749 2.67339 3.4359
1.96338 0.684559 2.52997
0.715532 0.917252 5.51531
0.196206 3.76727 2.02047
1.72338 1.96099 2.20027
0.491855 1.19301 5.68722
1.69795 2.5839 0.121743
1.10755 0.204669 5.35199
1.56358 2.03813 2.96903
0.945835 2.42774 3.8903
1.54989 0.896811 3.98947
0.688623 3.06578 3.34442
1.29366 0.215929 4.98202
0.993387 1.72557 4.68668
0.74523 1.75706 5.04035
1.40414 3.11909 0.186301
1.53008 2.90403 0.109653
1.21602 1.95884 4.17654
1.84977 1.15327 2.71191
2.21436 0.214379 0.243666
0.957875 3.55841 0.967986
1.96398 1.80316 0.144786
1.41856 2.98989 0.89925
