1.78778 2.12643
0.344072 4.05634
2.04603 1.22656
2.15183 0.654977
1.51898 2.68133
1.64262 2.46499
2.02324 1.34319
0.610786 3.91688
1.07415 3.42064
0.721447 3.8201
1.05539 3.45269
2.03659 1.25648
1.72914 2.23308
0.782352 3.76375
0.386494 4.04095
2.14774 0.717606
1.25134 3.1256
1.6757 2.38009
1.48908 2.74138
1.3283 3.01629
1.42908 2.81426
0.992259 3.54789
0.211286 4.09118
2.08369 1.10634
2.08933 1.06326
2.00167 1.4704
0.437751 4.02416
1.70495 2.28777
0.652252 3.88084
2.15969 0.509254
1.55565 2.60054
1.10975 3.36079
0.943673 3.60938
2.18997 0.289749
2.13897 0.782072
0.969858 3.57172
1.23647 3.15309
1.12924 3.32141
1.80474 2.08442
0.636818 3.89458
2.21444 0.214439
1.94721 1.60957
0.679534 3.8607
0.515608 3.97833
1.71452 2.26034
2.09807 0.9858
2.03006 1.30042
2.12398 0.848281
2.00789 1.43522
1.37808 2.94796
1.39528 2.90723
1.41419 2.86538
0.568262 3.9438
1.65665 2.42983
0.116283 4.11611
2.06357 1.18727
1.57311 2.55899
1.4535 2.78741
2.18427 0.407245
1.03736 3.48043
1.9842 1.52305
1.27823 3.08135
1.1939 3.21593
2.11176 0.879493
1.2147 3.18472
1.30299 3.04586
1.93499 1.66614
1.6844 2.34744
1.96271 1.56807
2.10565 0.91214
2.01572 1.38938
2.17619 0.463527
0.894228 3.66011
1.83087 1.97564
1.35226 2.98888
1.81791 2.02158
1.7618 2.19084
0.472591 4.00258
1.01762 3.51166
1.5408 2.63243
0.260161 4.07858
1.16345 3.26261
0.867209 3.68143
2.19717 0.273648
0.851195 3.70425
1.9237 1.71784
1.14335 3.29607
1.91151 1.77244
1.86166 1.90293
0.824957 3.72493
1.60542 2.51358
0.929494 3.62854
1.87948 1.86743
1.90026 1.82376
1.0965 3.38315
1.8439 1.92931
0.301944 4.06754
0.7393 3.80179
0.696833 3.84206
2.15531 0.595418
