1.28227 3.11518 1.6588
1.53513 0.569979 4.21551
1.39635 2.55056 2.82964
0.959181 1.20899 5.0584
2.18998 0.189982 0.191181
0.530357 2.3669 4.73744
0.511941 1.23751 5.63711
1.21825 1.45308 4.40623
0.865678 3.20617 2.68375
0.428506 0.171112 5.86807
0.776832 1.84549 4.91618
1.85558 0.355578 3.14743
1.57773 2.79729 0.100588
2.00528 1.69104 0.158002
1.01112 3.41879 1.6045
2.08451 1.10139 0.810231
1.47002 0.243256 4.53079
0.678516 3.35109 2.6832
1.37558 0.679535 4.56675
1.73357 1.41634 3.01296
1.77214 1.77545 2.33955
1.55954 1.55219 3.60745
0.732786 3.37482 2.47699
0.715648 2.95713 3.59036
0.58589 3.74312 1.57773
2.18062 0.184246 0.545173
0.362274 3.91246 0.772895
0.00733531 0.003528 6.00352
0.213247 2.30452 5.11084
0.64735 3.8469 0.296336
2.03618 0.154632 2.188
0.878157 3.66636 0.604949
1.68258 2.09768 2.29648
0.671624 3.11415 3.35513
2.14088 0.714956 0.563645
1.52389 2.52953 2.10993
1.63591 2.63482 0.689374
0.412398 3.63462 2.35539
0.460594 2.78998 4.30519
1.41514 1.40865 3.98983
0.505941 2.95166 3.98718
0.211099 3.78134 2.05039
2.17122 0.524764 0.178723
0.565326 2.61217 4.43684
1.17764 2.81926 2.80609
1.08313 3.21741 2.12835
1.74123 2.12268 1.72664
1.69161 1.04969 3.46515
2.14166 0.169502 1.1671
0.00722399 4.00479 0.00480079
1.96428 1.1195 1.99431
1.88718 1.8872 1.36356
1.63457 0.190921 4.06217
1.38199 2.94379 1.57654
1.21564 2.31443 3.62546
1.40403 3.10781 0.157308
2.08792 0.184604 1.78841
2.05693 1.40943 0.260151
0.987294 2.69065 3.43147
1.9778 1.76258 0.147972
0.685662 0.308363 5.66475
1.90502 0.347354 2.85098
1.84235 1.14478 2.66161
0.261877 3.25603 3.64452
0.639004 1.52628 5.35831
0.0902962 0.00783485 5.99639
1.59817 1.82477 3.06727
1.3372 2.67871 2.46749
1.21535 3.34583 0.415002
1.6996 0.187523 3.79427
1.17207 0.488665 5.03602
0.184414 2.03161 5.32945
2.07251 0.860245 1.33476
0.164296 3.90102 1.48899
2.12605 1.02009 0.171567
1.87613 2.11283 0.229369
1.75605 2.27285 1.09765
0.998804 3.59643 0.110232
1.94355 1.94133 0.154251
0.133615 3.37996 3.38236
1.55655 1.97506 2.93669
1.19718 2.1545 3.81628
1.9944 1.32662 1.41592
0.933971 0.634357 5.33805
1.31732 3.27518 0.166743
1.53442 2.90292 0.105076
1.12815 3.48689 0.0985058
1.66948 2.65884 0.139972
1.89961 1.51765 2.01271
1.74067 1.94132 2.15768
1.02153 1.89048 4.38758
1.78252 2.3917 0.241196
1.8091 0.136889 3.42822
0.937468 2.50574 3.89742
1.98146 0.157409 2.61754
1.46679 1.95624 3.33309
0.795295 3.5734 1.59409
0.181437 1.76842 5.54941
1.87427 2.02834 0.71847
0.138561 3.56928 2.90867
