1.84742 1.95612
0.182374 4.11038
2.03351 1.27743
2.09629 1.00551
1.79017 2.11796
1.2026 3.21187
1.92854 1.69492
0.984089 3.51967
2.19052 0.190518
2.0751 1.15263
0.630032 3.87588
1.52558 2.66611
1.90429 1.80188
1.83389 1.97186
1.9892 1.51131
1.69073 2.32943
0.998836 3.49772
1.29576 3.05989
2.11684 0.856287
1.47901 2.76131
0.605147 3.8912
2.14943 0.694295
1.77219 2.17715
2.01071 1.42023
2.18332 0.410051
1.22223 3.17159
0.74515 3.79088
2.02707 1.31938
2.00042 1.46718
1.10025 3.35942
1.32156 3.0289
1.01747 3.47914
1.05603 3.43186
0.910982 3.60766
1.82184 2.00814
1.14877 3.27784
0.433931 4.01191
0.264887 4.08856
1.3932 2.87218
0.854337 3.67797
0.869622 3.65521
1.71414 2.26199
0.692476 3.83381
1.34339 2.98767
0.120039 4.11884
2.15947 0.514675
1.55659 2.61118
2.12799 0.824689
1.42797 2.81276
1.97371 1.55231
1.49759 2.72672
2.04042 1.23401
0.718736 3.81266
1.64508 2.44985
2.16448 0.4893
1.89102 1.85662
0.960735 3.54858
0.658132 3.86228
0.936046 3.58157
0.527339 3.94782
0.562453 3.92292
2.01841 1.37326
2.15496 0.601756
1.86967 1.92084
2.05776 1.19708
2.08774 1.07679
0.808362 3.72747
0.829149 3.70424
1.25507 3.1165
1.5729 2.56053
0.886175 3.63777
2.17245 0.464934
1.66905 2.39025
2.1431 0.759173
1.58001 2.5374
0.391228 4.03515
1.41037 2.8434
2.10066 0.961826
0.498459 3.96728
1.74971 2.22124
1.38007 2.90457
1.11272 3.33499
1.35937 2.94941
0.780481 3.76579
1.95014 1.59219
1.80849 2.06141
1.93968 1.64356
1.07546 3.39781
1.27772 3.08631
1.17935 3.25214
1.13567 3.30215
0.348947 4.05574
1.45504 2.78726
1.61509 2.50163
2.1078 0.88973
1.91676 1.74793
1.23868 3.14788
0.476891 3.98757
0.306744 4.07168
1.53796 2.64515
