1.72239 2.26267
1.25046 3.135
2.08679 1.08521
2.05567 1.20529
2.17388 0.465459
0.828171 3.72071
0.334742 4.04524
1.96847 1.55874
2.1493 0.697166
1.2878 3.07411
1.0334 3.45773
1.41102 2.86004
1.16771 3.26711
1.76905 2.1903
1.35704 2.95773
1.49048 2.73901
0.633471 3.89691
0.419891 4.00858
0.168957 4.09516
1.83703 1.95323
1.91452 1.75809
1.61241 2.50929
1.93755 1.65272
0.879745 3.66585
0.77779 3.77051
2.03877 1.24564
2.19053 0.190937
1.98724 1.51571
2.13521 0.795438
0.65991 3.8809
1.58273 2.53441
1.90158 1.81198
0.506716 3.96785
1.39418 2.90301
0.735171 3.81437
1.45413 2.78657
2.00985 1.42197
1.00948 3.50351
2.01861 1.37249
0.760589 3.78972
1.65709 2.43988
1.8038 2.07105
0.463499 3.98958
1.67288 2.40504
0.71725 3.83231
1.21646 3.19295
2.09548 1.01126
1.42643 2.81724
1.2662 3.09996
0.970053 3.55664
1.13136 3.31783
0.209773 4.08577
1.08329 3.37971
0.377136 4.02757
0.250889 4.07536
1.53959 2.63653
1.84934 1.9165
1.05967 3.41642
2.10834 0.887265
2.08007 1.13053
1.5199 2.67966
2.11892 0.861687
2.03241 1.28474
0.533835 3.95391
2.14117 0.762751
0.80315 3.74861
1.10448 3.35148
1.82014 2.0131
1.23569 3.16589
0.605277 3.92374
0.984332 3.53518
2.02556 1.3292
1.63307 2.48341
2.00094 1.47438
0.693844 3.86254
2.10391 0.929325
1.6984 2.31759
2.15479 0.604233
1.89218 1.85346
1.33285 2.9886
1.95054 1.59377
1.78672 2.13004
0.924075 3.62149
2.18353 0.409875
0.292347 4.06158
1.37398 2.94084
1.31425 3.03831
2.06975 1.16666
1.19609 3.21607
0.578573 3.9386
1.75322 2.23862
1.92641 1.70479
1.86582 1.89372
0.945696 3.59071
0.89667 3.65271
0.106362 4.10487
0.853679 3.69366
1.56104 2.58525
2.15927 0.519438
2.12793 0.829257
