1.68903 2.39128
1.89717 1.85153
1.1962 3.32701
2.06997 1.13133
0.720219 3.89641
2.18698 0.382703
1.0531 3.53415
1.03679 3.55485
1.09234 3.48435
0.434082 4.07185
2.17434 0.514304
1.71489 2.33548
1.92437 1.75058
0.266496 4.13042
0.745807 3.87026
2.02722 1.33021
0.857198 3.76683
0.57241 3.9988
2.00129 1.4644
1.84393 2.01309
1.51082 2.70697
0.915076 3.7026
1.94393 1.70473
1.1448 3.40609
2.22062 0.25706
2.11046 1.01537
0.788684 3.8311
0.997463 3.60721
1.2513 3.23057
0.659228 3.93912
1.95477 1.65663
1.17413 3.36149
0.771441 3.8489
0.873638 3.74765
0.981445 3.62995
2.0362 1.28859
2.0475 1.24941
1.13048 3.42943
2.12455 0.916368
1.74058 2.28151
0.957535 3.65943
1.57804 2.61074
1.87257 1.89487
1.91478 1.80487
2.01336 1.42768
2.1631 0.602234
1.23001 3.26401
1.48282 2.76575
1.33136 3.06547
1.29664 3.14048
0.485597 4.04823
1.78819 2.18008
1.27914 3.18437
1.21014 3.30303
0.349511 4.10694
2.10067 1.07863
0.932198 3.68552
2.18025 0.457116
1.31712 3.10874
2.02005 1.37442
1.96615 1.60667
1.15886 3.38105
1.9796 1.55366
1.02184 3.57778
2.05578 1.20951
0.528989 4.02512
0.615418 3.96988
1.62655 2.52178
1.11534 3.45193
2.19149 0.368963
1.82168 2.06379
2.22438 0.225529
1.60291 2.55556
0.225996 4.13916
2.07963 1.10362
1.63725 2.49488
1.07655 3.50521
2.16695 0.566216
0.898902 3.7228
1.38556 2.93435
0.694042 3.91413
1.80619 2.12224
1.26376 3.20286
1.66669 2.45069
0.814166 3.80813
1.99173 1.51779
1.77026 2.22655
1.44674 2.80901
1.86185 1.95988
2.15432 0.68307
2.13185 0.844079
0.307668 4.11936
1.5441 2.65807
1.35939 3.00499
2.06321 1.17008
0.162769 4.14751
1.4122 2.86308
0.831115 3.7892
2.14578 0.775062
0.391703 4.09159
