0.723937 3.86075
1.34119 2.98431
1.40662 2.85417
0.919316 3.66497
2.10832 0.892252
1.17281 3.30504
1.05467 3.4888
1.12366 3.39111
1.1007 3.42284
0.531312 3.99658
2.03452 1.27639
0.976065 3.59472
0.496962 4.01608
2.07388 1.11128
0.878203 3.71411
1.24179 3.1846
0.74993 3.83914
0.766914 3.82117
2.14859 0.635597
2.0416 1.23439
2.17768 0.403038
1.55961 2.59579
0.835862 3.75797
1.37087 2.91814
1.20816 3.24622
1.6949 2.31994
1.7196 2.26576
1.78411 2.09966
0.935253 3.6424
1.86691 1.8892
0.453766 4.04065
1.49947 2.70655
1.82071 2.04433
2.15799 0.550963
0.85243 3.73755
1.22341 3.22455
1.15317 3.34387
0.138251 4.1296
1.00121 3.56848
0.410529 4.05834
1.95633 1.59473
1.35946 2.94675
1.99506 1.44915
1.0162 3.54464
1.29169 3.09471
1.76643 2.15817
1.46566 2.75489
1.83544 2.00493
0.636808 3.92948
0.367767 4.07498
2.19097 0.275652
0.793194 3.80124
2.19965 0.200361
1.6735 2.37711
1.42924 2.80454
2.06728 1.15874
2.12987 0.762048
2.02776 1.32003
1.89725 1.78601
1.30528 3.06118
1.88505 1.83991
1.1375 3.36528
0.556645 3.98302
1.80105 2.07249
2.1352 0.725067
2.05675 1.19704
1.27471 3.12344
2.08727 1.04306
1.61559 2.48406
0.592746 3.95706
1.53195 2.65525
0.671704 3.9042
2.09581 0.963594
1.94582 1.6436
0.283616 4.10265
0.809964 3.78198
1.03976 3.51364
1.64392 2.42629
1.38916 2.88395
0.894279 3.69311
2.01552 1.36172
1.19508 3.2732
1.08763 3.44506
0.201507 4.12127
1.3249 3.02478
1.07071 3.46949
2.008 1.40676
1.8508 1.94844
0.325418 4.08956
2.12445 0.827479
1.98105 1.49572
1.58722 2.53877
2.16845 0.486261
0.96053 3.61798
1.25631 3.16475
1.91898 1.74214
0.697846 3.88609
1.93017 1.69094
1.74363 2.21152
1.96623 1.54315
