1.8988 1.77919
1.23117 3.23711
2.07893 1.06609
0.371044 4.08084
2.14865 0.631203
1.74476 2.20625
1.12984 3.39796
2.15676 0.575058
1.91981 1.73751
1.26653 3.16901
2.16906 0.476839
1.05319 3.50875
1.87214 1.88892
1.16681 3.34199
0.839982 3.76187
0.898607 3.69723
2.18616 0.294487
1.72421 2.2648
2.18257 0.335141
1.97176 1.54429
0.544144 3.99771
1.41377 2.85434
2.09187 1.00019
1.28261 3.13404
1.93582 1.68956
1.06838 3.48505
2.00384 1.39834
2.06121 1.15121
2.10858 0.888274
0.596477 3.96361
2.17547 0.419633
1.98044 1.49735
0.50021 4.02105
1.96118 1.59313
1.88477 1.83721
1.70273 2.3235
1.82894 1.98603
1.8134 2.04172
1.29697 3.11172
0.882512 3.71807
2.14015 0.690262
0.640579 3.93345
2.04009 1.27456
2.028 1.31685
1.79595 2.07794
1.99166 1.4466
1.55993 2.58827
2.06938 1.10548
2.16201 0.536371
1.32918 3.05089
1.31546 3.07292
1.14364 3.37306
1.59244 2.53916
1.76687 2.15189
1.39808 2.8934
0.856436 3.7419
1.0927 3.4575
1.38209 2.93203
0.684054 3.89976
0.140896 4.13381
0.980775 3.59937
1.7856 2.09667
0.754175 3.84438
0.579155 3.97583
1.50728 2.69997
2.05051 1.23421
1.67399 2.37382
0.924081 3.67141
1.25003 3.1966
0.413613 4.06214
2.11995 0.821064
1.0282 3.53983
2.09682 0.957515
1.00584 3.5727
0.771159 3.82653
1.6498 2.42947
1.43316 2.8008
1.34627 3.01006
1.10725 3.43252
0.719165 3.87215
2.19642 0.19677
1.18035 3.31612
1.95146 1.64288
0.456925 4.04257
0.286602 4.10634
0.813948 3.78491
2.19175 0.228976
2.13517 0.757278
1.19635 3.2967
0.245131 4.11638
0.797257 3.80354
1.62398 2.47676
1.85395 1.93674
1.53009 2.64348
1.46544 2.74645
0.964963 3.6226
0.940087 3.64921
0.328453 4.09419
1.2161 3.25782
1.36493 2.97372
