0.75969 1.47697 5.10767
0.948429 2.78375 3.27297
0.271374 2.97173 3.95464
1.36472 2.03631 3.17567
1.03019 3.21262 1.84789
0.996446 3.47418 0.332923
0.28325 2.68143 4.39367
0.543555 3.86743 0.0669656
1.35583 2.96002 0.213026
0.705283 0.41497 5.5918
1.42659 2.7986 0.520472
0.246927 3.58788 2.57244
1.62442 2.33554 0.415659
1.63426 0.215752 3.48203
1.16291 0.899323 4.71949
0.10963 4.04038 0.332073
1.14744 2.68187 2.86418
0.0577679 1.94124 5.27845
1.58421 1.9912 2.18863
1.00287 1.95841 4.30134
1.34638 2.41265 2.62544
0.889184 3.58554 0.602058
0.280934 2.45853 4.67451
1.79194 1.79662 0.185147
1.71326 0.924656 2.80157
0.284552 2.23 4.93802
1.85258 0.177973 2.30576
0.832627 0.0469052 5.47546
1.08778 0.22263 5.0381
0.775807 1.99003 4.67654
1.77894 0.347395 2.72569
1.96578 0.140202 1.20371
0.954843 0.946174 5.09687
0.741458 2.857 3.60266
0.074401 0.081168 6.0139
1.73586 1.5457 1.9263
0.14097 0.0389685 6.01457
1.09669 2.96044 2.38392
0.51433 1.74756 5.18844
0.914101 3.09364 2.67874
1.17746 3.23392 0.457945
0.867993 3.32998 2.119
0.19068 3.92523 1.08099
0.468784 0.242777 5.83111
2.00476 0.19828 0.217318
0.595627 3.7364 1.33234
0.803599 3.51706 1.60182
1.69293 2.19265 0.0685039
1.54961 2.55813 0.204499
0.713533 3.17981 2.98314
1.844 1.09115 1.70654
1.46102 0.602079 4.05718
1.5059 1.51707 3.25799
0.249261 3.3617 3.20178
1.61855 1.61825 2.60706
0.677396 3.43006 2.37207
0.0426715 0.241467 6.01446
1.95888 0.853869 0.16162
0.987437 1.43816 4.77523
0.0467744 1.4036 5.64658
2.00063 0.119803 0.477139
0.682325 3.75603 0.538416
1.93353 1.04251 0.379289
1.91541 0.111962 1.79603
1.19962 2.33787 3.31648
0.775659 2.52504 4.05999
2.04827 0.134065 0.245257
0.226367 3.80958 1.76271
1.27569 2.74727 2.15441
1.99428 0.41554 0.0692246
0.527104 0.0422119 5.80163
1.3546 1.79139 3.53559
1.48184 1.8934 2.91061
1.3736 1.36636 3.87477
1.19074 1.41824 4.3473
1.5633 0.194763 3.76554
1.53347 2.3365 1.66319
1.30146 0.0500871 4.5839
1.4798 2.72745 0.118931
2.00564 0.198364 0.117391
0.27053 0.954311 5.78646
1.18361 2.0777 3.73108
1.63298 1.21743 2.99097
0.513764 1.22525 5.51558
1.73992 2.02394 0.132863
1.27148 3.09556 0.358817
0.782602 3.70191 0.114609
1.69842 0.149528 3.20119
0.353695 3.96751 0.0965084
1.89374 1.33882 0.149471
1.09857 3.37129 0.109128
1.19428 1.84129 3.96952
0.5058 3.07487 3.55804
1.85369 1.52976 0.283308
0.443849 3.66267 2.06631
1.38634 0.210996 4.34045
0.467453 3.90951 0.0670906
1.8053 1.00284 2.14669
1.48068 2.12358 2.52549
0.972214 2.58985 3.55446
