1.39416 0.614084 4.25889
0.832586 3.61288 0.891658
1.31212 2.22043 3.22978
1.7265 1.76268 1.64722
1.50132 0.599407 3.92563
0.47689 2.17801 4.86394
1.19281 0.241753 4.88475
0.940072 2.34743 4.07775
1.95557 1.03532 0.510053
1.14827 2.06213 3.95407
0.495769 1.89591 5.10156
0.95174 2.59727 3.64993
1.54825 2.52291 0.862907
2.01209 0.437587 0.419463
0.651905 2.42975 4.38883
2.01871 0.279722 0.632598
1.98421 0.516949 0.68097
1.75057 1.9287 0.671644
0.0343667 4.00835 0.411987
0.656066 0.474958 5.67078
1.71173 1.06399 2.77298
1.11206 2.68123 3.02086
1.56794 1.00886 3.48776
0.354988 2.8407 4.12696
0.475689 1.18197 5.57018
0.246922 2.37818 4.79872
1.61284 2.00327 1.98723
0.949808 3.53962 0.55949
1.87519 1.39768 0.58505
1.08876 0.692498 4.96928
1.69685 0.234096 3.34778
1.98849 0.267981 1.23783
1.80949 1.24511 1.87658
0.697997 3.77084 0.413837
0.242225 0.924315 5.83311
1.76804 1.16663 2.3232
1.33604 1.8259 3.68173
1.18209 2.93898 2.1245
1.40784 2.82122 0.860542
1.87498 0.39285 2.12779
1.23961 0.659836 4.65585
0.0331619 0.0593121 6.02982
1.17437 3.23185 0.727303
0.230704 3.50635 2.86451
1.45303 1.89425 3.06443
1.56303 1.78452 2.70466
0.0323716 4.00608 0.416702
0.028069 3.97381 0.838371
0.920302 1.16603 5.10685
0.695651 2.97153 3.53105
0.96645 1.9596 4.47012
1.45206 1.4883 3.53952
0.785302 3.48225 1.89979
0.15083 1.68413 5.47705
1.41479 2.37416 2.39478
0.683206 1.15231 5.38984
1.52786 2.13042 2.26445
0.0269145 2.14006 5.09901
1.69015 2.17033 0.712576
0.0274886 2.71946 4.43677
0.420142 3.60257 2.37837
0.0276927 3.10783 3.81757
0.432786 0.263291 5.89145
0.573511 3.69193 1.67699
1.02514 3.07061 2.41449
1.63312 0.226399 3.62005
1.47523 2.63249 1.21243
0.877922 3.02999 2.95018
1.02221 0.259206 5.21205
1.50476 2.8084 0.551285
1.47976 0.20957 4.1666
0.972848 3.2839 1.9264
2.0157 0.271635 0.728215
1.13721 1.38438 4.59646
1.93535 0.932249 0.946297
0.837721 0.221092 5.49713
0.0280849 3.99184 0.612682
1.04818 3.42876 0.553527
0.434355 3.92076 0.413456
0.030067 0.0607507 6.02977
0.202366 3.75097 2.07796
1.31995 1.3495 4.07666
1.93517 0.260636 1.8228
1.80341 0.244693 2.78542
1.34447 0.193054 4.55604
1.37611 3.05964 0.560663
0.839904 3.28155 2.44245
0.191238 3.8893 1.40326
1.75259 0.371999 2.92412
1.30487 2.80487 1.8763
1.57444 1.4139 3.11251
2.02159 0.288083 0.488928
1.59903 2.3295 1.19101
1.27474 3.06056 0.874415
0.662591 3.23654 2.95946
1.90548 0.822498 1.53712
1.82751 1.64155 0.51824
0.735032 1.72375 4.97557
0.233868 3.34916 3.25858
1.84838 0.250137 2.50654
