1.41127 2.84991
1.23064 3.16658
1.39254 2.88636
1.92509 1.12616
1.93516 1.05461
1.64257 2.30228
0.541316 3.85883
0.585085 3.83376
1.73315 2.01933
1.91114 1.21763
1.71182 2.09089
1.37379 2.92213
1.96112 0.841449
1.35447 2.95802
0.229409 3.97998
1.6258 2.34998
1.95513 0.894774
1.49252 2.67942
1.76171 1.91992
1.57025 2.49588
1.60879 2.39879
1.52522 2.60541
0.941748 3.53956
1.50776 2.64512
1.42935 2.81369
1.29381 3.06429
1.20786 3.20121
1.67849 2.19619
1.98311 0.598324
0.452976 3.90368
0.833018 3.64673
1.25258 3.13191
1.5422 2.56489
2.00439 0.152149
1.86327 1.4852
0.357029 3.94282
1.94945 0.943242
0.772257 3.69931
0.612775 3.8162
1.14791 3.288
1.98891 0.514979
1.79398 1.79452
2.00019 0.288663
0.885557 3.5969
2.01633 0.149964
1.33213 2.99811
0.807306 3.66948
0.911072 3.57136
1.97264 0.724189
1.06913 3.39231
0.269723 3.97006
0.497502 3.8822
1.74957 1.96189
1.02855 3.44212
1.58935 2.44695
1.94169 1.00542
1.09311 3.3617
1.44137 2.78913
1.27296 3.09891
1.45895 2.75242
1.89678 1.30428
1.81489 1.70826
0.0454957 4.00699
1.78606 1.82577
0.408653 3.92296
1.99513 0.410128
1.84276 1.58444
1.80575 1.74661
1.69764 2.13651
1.17001 3.25679
1.65838 2.25641
0.314158 3.95718
1.00385 3.47091
1.12635 3.31761
1.87207 1.44042
0.85966 3.62182
0.97902 3.49905
0.744169 3.72214
1.97903 0.650407
0.718298 3.74233
1.47599 2.71582
1.31426 3.02937
0.187286 3.98858
1.88364 1.37859
1.85331 1.53425
1.83156 1.6356
1.10886 3.34105
1.77465 1.86974
1.72463 2.04841
0.648961 3.79234
1.82299 1.67344
1.96633 0.790185
1.90564 1.25164
1.9189 1.16772
1.04509 3.42205
1.18601 3.2337
1.5591 2.52382
0.0988951 4.0008
0.96146 3.51835
0.692418 3.7617
