1.13266 1.36884 4.57629
1.7843 1.08314 2.3012
1.52656 2.11498 2.385
1.09367 2.24326 3.77702
0.665432 3.08996 3.30214
0.0246613 3.99742 0.478248
0.218174 0.89298 5.83047
1.63194 2.28864 0.907612
1.70045 2.13219 0.5575
0.768337 3.46904 1.98639
1.44398 0.221629 4.20775
1.12281 1.80521 4.23362
1.33734 0.206312 4.51293
0.869358 3.00768 3.04107
0.990869 3.17893 2.23222
0.607194 3.46663 2.48796
1.07715 0.848437 4.94779
0.388783 3.9256 0.46591
1.92702 0.291542 1.74412
1.17527 2.92617 2.20735
1.3031 2.1881 3.26322
1.26239 1.07198 4.43455
0.0240729 3.8375 1.75101
0.618427 0.187442 5.7258
1.61081 0.245601 3.62291
0.914626 1.38978 4.96836
2.00198 0.310203 0.74067
1.82028 0.276038 2.57891
1.57455 0.240392 3.76353
1.52355 2.61971 0.567464
1.30378 2.7921 1.94039
1.6517 2.01498 1.74103
0.477591 2.14467 4.92267
1.81785 1.70038 0.565763
1.96957 0.298381 1.25528
0.719865 2.63778 4.01152
0.0274621 3.27535 3.48972
0.99717 3.46766 0.603051
0.0519463 3.9974 0.465847
0.0114901 0.0394594 6.00958
1.12539 2.4926 3.36042
0.0265646 2.86066 4.23214
1.7472 0.265475 3.00039
1.49393 0.2288 4.04812
2.00947 0.317618 0.536466
1.86583 1.4842 0.506514
0.0176517 0.0351427 6.00958
1.6776 0.255198 3.33904
0.0293327 1.88698 5.32842
0.226221 3.02241 3.9206
1.66383 1.27174 2.85022
0.95433 1.90561 4.49762
1.6996 1.72639 1.98315
1.45903 1.48168 3.56711
1.4273 1.85418 3.26301
1.76356 1.91622 0.560635
1.56043 1.78739 2.75292
0.561709 3.68549 1.70267
1.5559 1.38076 3.26266
1.81032 1.37718 1.677
1.20856 0.197685 4.82669
0.14431 3.74669 2.13726
0.934127 2.56625 3.69503
0.2336 1.62525 5.49213
1.26976 2.53532 2.786
0.491776 2.44424 4.57313
0.880937 0.904467 5.26248
1.44296 2.07255 2.88496
1.90524 1.26083 0.547697
0.864564 3.61495 0.475986
0.461068 1.1521 5.6443
1.1044 3.32099 0.771077
0.936556 3.36274 1.76077
0.533831 3.85878 0.467395
0.693438 1.1092 5.40504
0.817172 0.178156 5.50136
0.818877 3.27972 2.48353
0.788163 3.68309 0.470734
1.31876 1.56312 3.95146
1.23581 3.16416 0.611266
1.11897 3.13408 1.74094
0.929359 2.29334 4.11934
0.739532 3.72306 0.467963
0.655482 3.746 0.933575
0.429246 3.39573 2.98358
1.98297 0.60796 0.516024
1.94606 0.936319 0.670877
1.05738 2.90537 2.76589
1.34056 2.98863 0.610171
0.683677 1.66748 5.10165
1.5745 2.46967 0.728157
1.4234 2.79364 0.932489
1.40186 2.41877 2.4219
1.28463 1.94433 3.6494
0.210512 3.58937 2.65645
0.0319725 2.36672 4.88258
0.0144917 0.0381172 6.00958
0.164561 3.88549 1.45924
1.00338 0.175715 5.21986
1.87381 0.283885 2.207
