0.407647 3.59959 2.41712
1.97695 0.670714 0.592541
0.540726 3.74473 1.46864
1.29559 2.16739 3.31161
2.00106 0.309847 0.715241
1.70677 2.14682 0.560913
0.236527 3.0294 3.89561
0.638651 3.37044 2.7365
1.8292 1.72131 0.436977
1.32499 0.184431 4.56778
0.987341 3.47127 0.740012
1.85248 0.246444 2.41673
1.90899 1.22512 0.620269
1.12167 2.26105 3.7919
0.906336 1.1535 5.16515
0.243964 1.88834 5.27432
1.5178 0.205295 3.99569
0.0116631 0.0396799 6.00979
0.966048 3.2813 1.96254
1.13917 1.37878 4.50227
1.1479 3.27006 0.824725
0.203403 0.0423006 5.9866
1.76245 1.91187 0.642078
0.620715 0.226826 5.72322
1.45354 2.56466 1.69279
1.44626 1.87066 3.11545
0.711081 2.86595 3.7398
1.18755 2.89829 2.21615
1.95867 0.259475 1.47835
0.895199 3.4967 1.31358
1.25079 3.15272 0.576674
2.01173 0.338695 0.49826
1.93188 0.35274 1.62979
1.37469 2.55923 2.1666
0.92153 2.13699 4.31258
1.38447 0.607047 4.29745
1.08695 0.8871 4.91227
0.752107 3.54825 1.72077
1.06446 2.78704 2.96402
0.64874 1.16567 5.43941
0.0512049 3.75797 2.10872
0.181227 3.84513 1.64709
1.69166 1.07004 2.86697
0.479643 2.14441 4.89969
1.5778 1.36865 3.17829
1.61417 1.98637 2.03676
1.59118 2.4715 0.579479
0.923572 2.5309 3.85241
1.00922 0.221059 5.2096
1.61155 0.216779 3.65205
1.90533 0.252893 2.01243
1.30875 1.32152 4.11306
0.495233 2.45215 4.55373
0.826679 0.228605 5.48639
1.50669 2.26739 2.11575
0.0265505 4.00017 0.449248
1.03107 3.04494 2.44252
1.17941 0.206355 4.90773
1.44494 2.80543 0.577284
0.827416 3.29498 2.3918
1.78118 1.11839 2.29632
0.223387 0.882942 5.83201
1.28279 2.89306 1.69425
0.134251 3.51319 2.89292
1.90444 1.03185 1.24074
0.213153 2.34871 4.85153
0.0182966 0.0344075 6.00962
1.12932 2.49067 3.33275
0.935403 1.64738 4.74462
1.54292 1.94058 2.53872
1.26172 2.54617 2.72227
1.79652 0.239596 2.77104
1.63679 2.30189 0.792154
1.39828 2.20326 2.78772
1.61244 1.80435 2.37958
1.99561 0.271164 0.915892
1.2292 0.62813 4.69193
0.088939 0.0274704 6.01106
1.34602 2.99318 0.579159
1.5334 2.59358 0.671405
0.0232347 2.76256 4.37009
0.459631 1.14539 5.61781
0.637628 3.78351 0.702887
0.880807 3.01484 3.04549
1.43341 0.98746 3.97848
1.72882 1.74784 1.64886
0.152745 1.63496 5.48581
0.162307 3.93904 1.04937
1.84352 1.24721 1.54859
1.07241 3.40379 0.579623
1.87217 1.42943 0.658594
1.73623 0.232195 3.09727
1.45909 1.48845 3.53787
1.96551 0.899745 0.528664
1.67367 0.224539 3.39236
0.434909 3.91192 0.432623
0.78667 3.6827 0.552791
1.32809 1.68723 3.75238
0.128479 3.30251 3.4072
0.716412 1.68655 5.06452
