0.923879 3.55838
0.868387 3.6136
1.85289 1.53637
1.96287 0.822898
1.91105 1.21679
1.99735 0.402873
1.6169 2.37301
1.73403 2.01563
1.97799 0.660648
0.0605709 4.04899
0.803143 3.67325
1.53229 2.5876
1.93158 1.0788
1.48963 2.6854
1.88469 1.37136
1.5556 2.53143
1.94534 0.975071
1.26554 3.11075
1.41769 2.83687
0.65255 3.79014
1.9173 1.17644
1.76192 1.91679
1.24848 3.13805
1.97352 0.712677
1.77546 1.86591
1.86964 1.4515
1.81149 1.72234
1.30402 3.04696
1.67201 2.21538
1.62767 2.34359
1.86161 1.49248
1.58999 2.4446
1.71271 2.08752
1.82204 1.67661
1.0404 3.42782
1.65417 2.26827
1.89858 1.29246
1.7999 1.76955
1.90501 1.25427
1.40665 2.85872
1.12524 3.31885
0.694492 3.76029
0.526858 3.86774
0.778084 3.69463
1.74786 1.96738
1.06568 3.39662
1.98931 0.509965
0.443676 3.90887
1.83227 1.63209
1.57357 2.48668
1.87412 1.42819
0.851815 3.62933
1.84206 1.58739
1.14613 3.29021
0.719675 3.74143
1.01218 3.46132
1.18973 3.22781
1.98436 0.580284
0.940784 3.54081
1.78806 1.81705
0.202738 3.98661
1.34093 2.98204
1.69945 2.13054
1.95403 0.903003
1.46973 2.72881
1.21041 3.19708
0.610635 3.81851
1.38969 2.89159
2.01709 0.380513
1.60325 2.40972
0.964724 3.51493
1.32258 3.0146
1.45058 2.76943
1.43517 2.80145
1.92578 1.11956
1.10319 3.34839
1.51312 2.63229
0.484906 3.88928
1.93816 1.0307
0.988634 3.48839
1.64284 2.30071
1.89173 1.33224
1.72211 2.05638
0.568674 3.84408
0.361295 3.9422
1.96846 0.766922
1.28226 3.08355
1.08077 3.37766
0.893177 3.58953
0.312962 3.95848
1.23116 3.16522
1.99366 0.445486
0.827604 3.65158
0.273169 3.97009
1.36949 2.92978
1.35395 2.95847
0.753014 3.71524
1.16849 3.25861
1.68332 2.18088
0.402399 3.9265
