0.480671 3.87571 0.647291
1.44982 2.11762 2.75423
0.728452 2.8923 3.64576
1.33758 2.99173 0.521818
0.588077 3.6317 1.88138
1.80769 0.250662 2.64547
0.927477 1.20113 5.11831
0.43404 3.51298 2.631
0.786682 3.6703 0.683408
1.97401 0.27109 1.14713
1.03213 0.257578 5.21589
1.74946 1.96147 0.606892
0.0267337 3.99687 0.500223
0.946235 2.12433 4.25839
0.709393 1.11772 5.38731
1.71026 1.08751 2.74634
0.999447 3.19671 2.12323
0.846938 0.215345 5.49844
0.735523 1.79192 4.91551
0.575288 3.83893 0.521287
0.938996 2.59555 3.81075
1.13417 2.54094 3.26165
2.00464 0.324044 0.456937
1.99906 0.300155 0.598946
1.57351 1.78278 2.68098
0.854066 3.19025 2.65592
0.937428 1.705 4.6653
0.0522936 0.0790586 6.04882
1.66808 2.03104 1.51077
1.27679 0.901527 4.47471
1.97885 0.718529 0.469635
1.69963 0.236414 3.22695
1.45398 2.77045 0.514493
1.69157 2.17758 0.502801
1.63969 2.3243 0.737684
1.16115 1.90703 4.09041
1.81905 1.29507 1.72145
1.50206 2.66535 0.521718
1.22479 2.79122 2.37748
0.708042 2.64025 4.09563
0.193812 3.16565 3.68938
0.790546 3.47649 1.90101
1.10323 0.713201 4.938
1.75343 0.240139 2.95694
1.33891 2.04334 3.32085
1.14969 3.27174 0.756402
1.35187 0.266979 4.46013
0.475622 2.19276 4.84111
1.09013 3.36931 0.541306
1.89979 0.265826 1.97828
1.4323 1.87924 3.17818
1.21957 0.260199 4.78932
1.77274 1.18719 2.27108
0.0301502 4.00264 0.378026
0.500563 2.44905 4.54379
1.15343 3.07727 1.80771
0.64623 0.284416 5.70339
0.456945 0.717514 5.7671
1.46392 1.51701 3.46058
1.32236 1.37074 4.04988
1.23018 3.16963 0.525369
0.0288168 3.68827 2.36928
0.973212 3.48226 0.831157
1.37845 2.58481 2.10945
1.95645 0.269517 1.39343
0.261328 2.68844 4.45653
1.45979 2.52181 1.80257
1.84979 0.256202 2.36845
0.03382 3.00481 4.0065
1.9937 0.277953 0.774227
0.0267335 3.97545 0.801892
0.134453 3.81896 1.80858
0.865587 2.93297 3.22824
1.53224 2.14041 2.26377
0.688306 3.71246 1.03103
1.81085 1.71322 0.680322
1.15015 1.42685 4.51097
1.58346 0.248444 3.71861
1.05552 2.94669 2.64636
1.90874 0.832121 1.49939
0.0500075 0.0797887 6.04882
0.261767 1.96911 5.3283
1.90025 1.32069 0.478365
0.857541 3.56879 1.04129
1.57362 2.48734 0.655656
0.652881 3.28146 2.94069
1.28827 2.42173 2.94238
1.85681 1.516 0.611926
1.58358 1.39891 3.1071
0.245111 1.71348 5.524
1.10672 2.27776 3.69952
1.61954 0.595769 3.47848
0.236336 0.95299 5.86402
0.0277676 3.92894 1.21207
0.461727 3.1777 3.45658
1.47598 0.226824 4.09876
0.242241 2.44629 4.8802
0.234036 3.42498 3.09152
1.70796 1.76205 1.81416
1.92159 1.08754 0.824584
