0.222734 3.28946 3.39367
0.0164654 0.8577 5.87522
1.31221 2.23622 3.11158
2.01084 0.265288 0.581633
0.212191 3.54666 2.76527
1.7353 1.76446 1.56606
1.83705 1.39535 1.3407
0.67894 1.16607 5.39214
1.47986 0.198879 4.12645
0.736514 1.97547 4.76234
0.355415 3.84551 1.39174
1.40763 2.44003 2.35208
2.00387 0.417996 0.428989
0.904514 1.16963 5.11674
1.69598 1.08421 2.78551
0.853648 0.457243 5.42238
0.961396 3.49634 0.843598
0.626103 0.236506 5.72129
1.13557 2.51313 3.277
1.65618 0.220159 3.47517
1.55467 1.96672 2.47649
1.90649 1.25337 0.568493
1.49032 2.69086 0.591108
1.02303 0.149561 5.21789
0.948348 2.61079 3.65783
1.87774 1.51183 0.353653
1.58611 2.46168 0.615995
1.8524 0.243834 2.42736
0.870099 3.05034 2.93322
1.08769 3.36611 0.640349
1.26375 3.1232 0.510487
1.38277 0.610241 4.29846
1.6562 1.68554 2.36773
0.190136 3.76193 2.04505
0.843844 3.61482 0.851924
1.82213 1.68272 0.606229
0.966643 3.29912 1.88955
0.231027 3.06064 3.84495
0.670418 3.12281 3.22104
1.72448 2.05072 0.602195
0.559723 3.71166 1.6069
1.35659 1.72929 3.60131
1.9234 0.252393 1.86396
0.432932 3.41744 2.89472
1.34228 0.203033 4.52547
1.33011 1.35246 4.11775
1.65606 2.27425 0.565866
0.0158347 0.0366466 6.00935
0.476086 2.81985 4.05293
1.62495 2.006 1.96603
1.46052 1.86262 3.04907
1.31452 2.80324 1.84281
1.59647 1.39981 3.09488
0.693713 1.68536 5.06628
1.12993 3.15484 1.62882
0.904516 2.14491 4.32758
0.674783 3.79897 0.522549
0.115617 3.95886 0.963674
0.777577 3.49371 1.89012
1.9916 0.260692 1.02566
0.0125468 0.0388226 6.00935
1.10952 2.26713 3.69662
1.27637 2.58657 2.60669
0.048619 4.02245 0.410111
0.0232979 2.69498 4.46331
1.08664 2.86175 2.72278
1.07994 0.678231 4.99285
0.218372 1.13961 5.7313
2.00764 0.329924 0.47046
1.2639 0.871344 4.52006
1.38727 2.90836 0.497756
0.40728 3.61486 2.33141
1.22256 0.236899 4.81404
1.59626 0.212945 3.71797
0.213681 1.90145 5.26709
1.8285 1.07361 1.99255
1.71438 0.227078 3.21207
1.86906 1.5548 0.352828
1.49261 2.36063 2.0178
1.47207 1.28137 3.70091
1.19412 2.94764 2.07165
1.77223 0.234047 2.91654
0.195645 2.15053 5.05404
0.0134833 0.432125 5.97758
1.80606 0.329862 2.61827
0.466312 3.89283 0.553563
1.32042 2.97603 0.992878
0.828436 3.31734 2.3572
1.73603 1.41298 2.1845
1.74501 1.89739 1.0302
0.0103023 0.0394094 6.00936
0.646211 2.4499 4.37779
0.151062 1.66343 5.46215
1.95627 0.953745 0.545096
1.13764 1.38919 4.54
1.89374 0.82813 1.66021
1.14213 1.89071 4.0702
0.21022 2.37916 4.81358
1.96212 0.257064 1.45337
1.87656 0.435299 2.08669
