1.19861 3.20528
1.512 2.62256
1.99379 0.34616
0.98533 3.4836
1.85989 1.47857
1.65599 2.24785
0.270672 3.9929
1.94305 0.959253
0.865994 3.60809
1.29291 3.05527
0.968687 3.50221
1.71336 2.06877
1.75098 1.9388
1.90934 1.19996
1.06203 3.39232
1.76253 1.89635
0.717794 3.73578
0.754023 3.70723
1.54948 2.53395
1.88397 1.35106
0.312528 3.98157
1.92297 1.10945
1.90245 1.24315
0.356022 3.96791
0.84015 3.63242
1.86911 1.43128
1.98695 0.478389
1.31164 3.02315
1.96794 0.72824
1.97368 0.663171
0.787655 3.67911
1.9812 0.565987
1.67584 2.18825
1.79487 1.77125
1.0829 3.36588
2.0066 0.140865
1.59199 2.42573
1.99845 0.256612
1.69993 2.11261
0.145229 4.01614
1.8169 1.67863
1.68377 2.16406
1.60788 2.38348
1.38541 2.88865
1.91571 1.15851
1.10692 3.33444
0.582497 3.82873
1.17034 3.24674
1.2185 3.17515
1.56347 2.49912
1.49091 2.6732
0.918582 3.55682
1.47384 2.70804
1.63495 2.30876
1.57904 2.45944
0.539087 3.85409
1.93541 1.01997
1.87803 1.38374
0.459414 3.89521
1.78682 1.80352
1.96289 0.780875
1.01402 3.45055
1.4093 2.84202
1.42738 2.80565
0.896246 3.57847
0.503231 3.87348
0.390093 3.95583
1.99129 0.399829
1.23714 3.1462
0.94332 3.52975
1.8502 1.5262
1.80439 1.73175
1.82871 1.62651
1.15357 3.27064
0.813951 3.65618
1.89378 1.295
2.00328 0.164387
0.42699 3.94135
1.62189 2.34546
1.52786 2.58555
1.83975 1.57611
1.92871 1.06885
0.202673 4.00749
1.27808 3.08005
0.0427575 4.02336
1.36357 2.92992
1.72788 2.01989
1.44519 2.769
1.95596 0.847803
1.13063 3.30253
0.672478 3.76929
0.628265 3.79969
1.3314 2.9884
1.45692 2.74432
1.25687 3.1148
1.03477 3.42584
1.77431 1.85194
1.95132 0.890874
1.74112 1.97393
1.3492 2.95645
