1.42122 2.82171
1.97928 0.609365
1.95753 0.845317
0.70181 3.7499
1.23974 3.14511
0.406502 3.91995
1.02902 3.43535
0.0972419 3.99808
1.66364 2.2299
1.8853 1.35132
0.354654 3.93992
1.90264 1.25024
1.18852 3.22314
0.67214 3.77166
1.84789 1.5443
1.38306 2.89648
1.93422 1.03827
0.5126 3.87012
1.76659 1.88692
1.36438 2.93168
0.441265 3.90497
1.72711 2.02779
1.61459 2.36972
0.945236 3.53012
0.893664 3.58334
1.90971 1.20628
1.83664 1.59708
1.11031 3.33269
1.86764 1.44606
1.70323 2.10701
1.67646 2.1912
1.44349 2.77616
1.56063 2.51005
0.55701 3.84558
0.0820133 4.04596
1.09407 3.35425
1.82511 1.6491
1.87685 1.3976
1.59598 2.4196
1.99668 0.305859
1.9875 0.490381
0.734456 3.72489
1.94183 0.979671
2.00041 0.188738
0.919588 3.55707
1.06998 3.38495
1.04548 3.41539
1.00431 3.46438
1.32467 3.00357
2.01925 0.0762253
1.62957 2.32832
1.46287 2.73531
1.27558 3.08731
1.68826 2.15465
0.485768 3.88446
0.591695 3.8254
1.54563 2.5469
0.762237 3.70256
1.50784 2.63592
0.876399 3.60032
1.64385 2.28788
1.79928 1.75903
1.77599 1.85127
1.12697 3.31027
0.311389 3.95443
1.99214 0.40781
1.53475 2.57304
0.268868 3.96679
1.51935 2.60938
1.40233 2.85923
1.96298 0.793007
1.26108 3.11102
0.850084 3.62543
1.49192 2.67184
0.970512 3.50262
2.00247 0.16856
1.85818 1.49404
1.97126 0.705942
1.1665 3.2551
1.14938 3.27934
0.824142 3.64925
1.58113 2.45822
1.48007 2.69808
1.91667 1.16126
1.73862 1.98808
1.98371 0.548555
1.29703 3.0514
0.797383 3.6729
1.34486 2.9675
1.92279 1.12008
1.94912 0.919891
1.75506 1.92945
1.21632 3.18145
0.183967 3.98593
1.71374 2.07265
0.227269 3.97708
1.78535 1.81492
0.627182 3.80229
1.81334 1.70024
1.89347 1.30472
