1.74075 1.98147
0.0186313 4.00964
1.09245 3.3568
1.54461 2.55033
1.70392 2.10559
0.917524 3.56322
1.43437 2.79578
0.285418 3.97151
1.85802 1.49583
1.59738 2.41655
1.20375 3.2015
1.451 2.76107
0.791166 3.68207
1.89847 1.27693
1.75559 1.92836
1.86838 1.44339
0.236786 3.98387
1.38623 2.891
1.82886 1.63338
0.327488 3.95891
1.91351 1.18308
1.42257 2.81958
1.81831 1.67985
0.841985 3.6368
1.29326 3.0583
0.817518 3.65907
0.36972 3.94439
1.84888 1.54074
1.40559 2.85346
1.48356 2.69107
1.5315 2.58151
1.03801 3.42524
1.93326 1.04678
1.72874 2.02313
1.5148 2.62051
1.11635 3.32536
1.96349 0.791102
1.56319 2.50433
1.94241 0.976578
1.46849 2.72399
1.97922 0.613007
1.88275 1.36689
1.33176 2.99179
1.37509 2.9122
0.966029 3.5096
1.67142 2.20729
0.196168 3.99228
0.411824 3.92803
0.497766 3.88886
2.00174 0.371861
1.89145 1.31754
1.79494 1.77762
1.2726 3.0931
1.90514 1.23606
0.731107 3.73118
1.92826 1.08305
1.6869 2.15969
1.98962 0.475722
1.35723 2.94547
0.867448 3.61285
1.96981 0.724018
1.18149 3.23411
0.989608 3.48193
0.670586 3.77614
1.06162 3.39607
1.6115 2.37881
1.07711 3.37654
2.00496 0.300016
1.71556 2.06752
1.98504 0.535834
0.892481 3.5885
1.95053 0.909387
1.8392 1.58644
1.58075 2.45991
1.76902 1.87866
1.97435 0.672633
1.87654 1.40034
1.95693 0.852615
1.31075 3.02841
0.644854 3.79642
1.01413 3.45362
1.15282 3.27531
1.13778 3.29642
1.22468 3.1694
0.947928 3.53131
1.78214 1.82836
0.541696 3.8657
1.24583 3.1362
1.92162 1.12923
1.6403 2.29885
0.455257 3.90926
0.704613 3.75141
1.49968 2.65521
0.115238 4.00414
0.75675 3.71072
1.62402 2.34453
0.618801 3.8198
0.58519 3.84063
1.80711 1.72762
1.65588 2.25391
