0.898425 3.58049
1.82814 1.64147
1.57288 2.48294
1.9638 0.796354
1.90943 1.21514
1.94356 0.974523
1.21865 3.18021
1.91585 1.17378
0.608126 3.81628
1.86066 1.49089
1.4069 2.853
1.97033 0.730712
1.69051 2.15145
1.92167 1.13501
1.354 2.95369
1.08073 3.37342
0.855329 3.62238
1.33749 2.98353
1.45479 2.75579
1.95664 0.863037
1.83913 1.59114
1.98671 0.521056
1.7885 1.80721
1.7771 1.85156
1.7962 1.77626
1.60051 2.41108
1.99917 0.266175
1.61136 2.3828
1.14405 3.28903
0.999444 3.472
0.496605 3.91004
1.98277 0.576642
0.697428 3.75497
2.00467 0.156259
1.67453 2.20107
0.226793 4.00284
0.425806 3.9418
1.74631 1.96529
1.84906 1.54441
1.63835 2.3075
1.44279 2.78046
0.670657 3.77436
0.143432 4.01635
1.89371 1.3097
0.634148 3.79937
1.93651 1.02905
1.69877 2.12541
1.90218 1.2599
1.9959 0.352965
1.95109 0.912228
1.10449 3.34272
0.460445 3.92696
1.1669 3.25679
0.93314 3.54488
1.65446 2.26135
0.573048 3.8378
0.364724 3.96496
1.88593 1.35409
1.99278 0.415356
1.5877 2.4448
1.55609 2.52485
1.23279 3.15852
1.2543 3.12443
1.37569 2.91329
1.92776 1.09293
1.12138 3.32004
1.87581 1.40927
1.31173 3.0288
1.81612 1.69332
1.50971 2.63467
0.543781 3.85661
0.0427017 4.02336
1.4731 2.71653
1.49677 2.66405
0.724713 3.73434
0.312669 3.98154
1.86914 1.44515
1.76129 1.91096
1.54281 2.55712
0.269571 3.99318
0.75045 3.71395
0.77667 3.69231
1.42504 2.81681
1.29594 3.05578
0.803148 3.66967
0.872669 3.60589
1.19574 3.21489
1.80609 1.73604
1.38861 2.88862
1.27569 3.08959
1.62515 2.34495
1.04912 3.41326
0.829378 3.64641
0.974678 3.50002
1.71205 2.08271
0.957717 3.51864
1.52532 2.59893
1.72939 2.02435
1.97557 0.668796
1.02319 3.44449
