0.584658 3.84064
1.34411 2.9702
1.95436 0.878757
1.87632 1.40328
1.11247 3.331
1.37474 2.91374
1.51931 2.61104
2.00721 0.30195
0.72356 3.74605
1.5972 2.41819
0.541135 3.86567
1.79478 1.77953
0.327246 3.9589
1.73923 1.98808
1.43994 2.78507
1.20895 3.19399
0.932556 3.545
1.56376 2.50403
1.69912 2.12225
1.98314 0.564435
1.16766 3.25471
1.23203 3.15871
1.32481 3.0047
0.116557 4.00382
1.65208 2.26617
0.883106 3.59519
1.97266 0.69569
1.05331 3.40735
1.86827 1.44561
1.07669 3.37761
0.800962 3.68315
0.907991 3.57056
0.454873 3.90913
1.92878 1.08167
0.981308 3.49211
1.88416 1.36059
1.18852 3.2244
0.67153 3.78413
1.3057 3.038
1.8289 1.63471
1.39283 2.87912
1.61286 2.37616
1.03024 3.43536
1.96739 0.753179
0.36957 3.9442
1.94704 0.944968
1.42266 2.82024
1.49034 2.67693
1.85041 1.53473
1.80679 1.73022
0.826588 3.66064
0.957687 3.51821
1.89838 1.279
1.9772 0.641943
1.98947 0.468174
0.236536 3.98367
1.92276 1.12549
1.90515 1.23806
1.72347 2.04225
1.93488 1.0372
0.697649 3.76539
1.85898 1.49279
1.55229 2.53294
1.57659 2.47156
1.14913 3.28094
1.13119 3.30572
1.50708 2.63921
1.40526 2.85489
1.75328 1.93811
0.62814 3.81345
1.78216 1.82956
1.81809 1.68218
1.94096 0.990521
0.196061 3.99209
1.84128 1.57806
1.00542 3.46459
1.09198 3.35796
1.76842 1.8821
0.411895 3.92777
1.89147 1.31932
0.77515 3.70497
1.68606 2.16356
1.67121 2.20914
1.63194 2.32365
1.36158 2.93831
1.99545 0.361682
1.456 2.75143
1.7124 2.07942
0.74944 3.72587
1.28508 3.07301
1.96116 0.81569
1.26507 3.1059
0.285524 3.97127
1.47209 2.71715
0.0184978 4.00947
0.849471 3.62739
1.91694 1.16293
1.24548 3.13763
1.53427 2.57582
0.498009 3.88841
