1.021e+00  1.010e-04  
1.005e-04  1.021e+00  
1.021e+00  5.235e-03  
1.021e+00  1.586e-02  
1.020e+00  2.671e-02  
1.020e+00  3.777e-02  
1.020e+00  4.907e-02  
1.019e+00  6.059e-02  
1.018e+00  7.233e-02  
1.017e+00  8.430e-02  
1.016e+00  9.651e-02  
1.015e+00  1.089e-01  
1.014e+00  1.216e-01  
1.012e+00  1.345e-01  
1.010e+00  1.477e-01  
1.008e+00  1.610e-01  
1.006e+00  1.746e-01  
1.003e+00  1.885e-01  
1.000e+00  2.026e-01  
9.975e-01  2.168e-01  
9.942e-01  2.314e-01  
9.907e-01  2.461e-01  
9.868e-01  2.610e-01  
9.827e-01  2.762e-01  
9.783e-01  2.915e-01  
9.735e-01  3.071e-01  
9.684e-01  3.228e-01  
9.630e-01  3.387e-01  
9.572e-01  3.548e-01  
9.510e-01  3.710e-01  
9.445e-01  3.873e-01  
9.375e-01  4.038e-01  
9.302e-01  4.203e-01  
9.225e-01  4.370e-01  
9.144e-01  4.537e-01  
9.059e-01  4.705e-01  
8.970e-01  4.873e-01  
8.876e-01  5.042e-01  
8.778e-01  5.210e-01  
8.676e-01  5.378e-01  
8.570e-01  5.545e-01  
8.460e-01  5.712e-01  
8.346e-01  5.878e-01  
8.227e-01  6.043e-01  
8.105e-01  6.206e-01  
7.978e-01  6.368e-01  
7.848e-01  6.528e-01  
7.714e-01  6.685e-01  
7.576e-01  6.841e-01  
7.436e-01  6.994e-01  
7.291e-01  7.144e-01  
7.144e-01  7.291e-01  
6.994e-01  7.436e-01  
6.841e-01  7.576e-01  
6.685e-01  7.714e-01  
6.528e-01  7.848e-01  
6.368e-01  7.978e-01  
6.206e-01  8.105e-01  
6.043e-01  8.227e-01  
5.878e-01  8.346e-01  
5.712e-01  8.460e-01  
5.545e-01  8.570e-01  
5.378e-01  8.676e-01  
5.210e-01  8.778e-01  
5.042e-01  8.876e-01  
4.873e-01  8.970e-01  
4.705e-01  9.059e-01  
4.537e-01  9.144e-01  
4.370e-01  9.225e-01  
4.203e-01  9.302e-01  
4.038e-01  9.375e-01  
3.873e-01  9.445e-01  
3.710e-01  9.510e-01  
3.548e-01  9.572e-01  
3.387e-01  9.630e-01  
3.228e-01  9.684e-01  
3.071e-01  9.735e-01  
2.915e-01  9.783e-01  
2.762e-01  9.827e-01  
2.610e-01  9.868e-01  
2.461e-01  9.907e-01  
2.314e-01  9.942e-01  
2.168e-01  9.975e-01  
2.026e-01  1.000e+00  
1.885e-01  1.003e+00  
1.746e-01  1.006e+00  
1.610e-01  1.008e+00  
1.477e-01  1.010e+00  
1.345e-01  1.012e+00  
1.216e-01  1.014e+00  
1.089e-01  1.015e+00  
9.651e-02  1.016e+00  
8.431e-02  1.017e+00  
7.233e-02  1.018e+00  
6.059e-02  1.019e+00  
4.907e-02  1.020e+00  
3.778e-02  1.020e+00  
2.671e-02  1.020e+00  
1.587e-02  1.021e+00  
5.232e-03  1.021e+00  
