7.164e-01  6.067e-01  6.067e-01  
6.067e-01  7.164e-01  6.067e-01  
1.114e-04  1.112e-04  1.118e+00  
7.164e-01  6.067e-01  6.067e-01  
8.338e-01  7.061e-01  2.354e-01  
3.910e-01  3.311e-01  9.934e-01  
8.494e-01  7.193e-01  1.028e-01  
5.804e-01  4.915e-01  8.191e-01  
7.953e-01  6.735e-01  4.041e-01  
1.841e-01  1.559e-01  1.091e+00  
8.522e-01  7.217e-01  4.811e-02  
6.561e-01  5.556e-01  7.143e-01  
8.184e-01  6.931e-01  3.150e-01  
2.868e-01  2.429e-01  1.053e+00  
8.436e-01  7.144e-01  1.649e-01  
4.907e-01  4.156e-01  9.143e-01  
7.621e-01  6.454e-01  5.020e-01  
8.752e-02  7.412e-02  1.112e+00  
8.528e-01  7.222e-01  2.326e-02  
6.881e-01  5.828e-01  6.605e-01  
8.269e-01  7.003e-01  2.740e-01  
3.391e-01  2.872e-01  1.026e+00  
8.469e-01  7.172e-01  1.328e-01  
5.371e-01  4.548e-01  8.683e-01  
7.801e-01  6.606e-01  4.520e-01  
1.348e-01  1.142e-01  1.104e+00  
8.378e-01  7.360e-01  7.608e-02  
6.201e-01  5.251e-01  7.675e-01  
8.079e-01  6.842e-01  3.584e-01  
2.350e-01  1.990e-01  1.074e+00  
8.210e-01  7.304e-01  2.045e-01  
4.418e-01  3.741e-01  9.561e-01  
7.410e-01  6.275e-01  5.537e-01  
4.252e-02  3.601e-02  1.116e+00  
7.223e-01  8.529e-01  1.496e-02  
7.027e-01  5.951e-01  6.335e-01  
7.470e-01  7.819e-01  2.828e-01  
3.651e-01  3.092e-01  1.010e+00  
7.155e-01  8.448e-01  1.540e-01  
5.591e-01  4.735e-01  8.441e-01  
7.191e-01  7.204e-01  4.618e-01  
1.592e-01  1.349e-01  1.098e+00  
7.195e-01  8.496e-01  9.913e-02  
6.386e-01  5.408e-01  7.411e-01  
6.705e-01  7.917e-01  4.160e-01  
2.608e-01  2.209e-01  1.064e+00  
6.980e-01  8.243e-01  2.875e-01  
4.665e-01  3.951e-01  9.357e-01  
6.094e-01  7.196e-01  6.002e-01  
6.472e-02  5.481e-02  1.115e+00  
7.206e-01  8.509e-01  7.873e-02  
5.631e-01  6.160e-01  7.435e-01  
6.513e-01  7.690e-01  4.835e-01  
3.130e-01  2.650e-01  1.040e+00  
6.922e-01  8.174e-01  3.195e-01  
4.841e-01  4.421e-01  9.053e-01  
5.677e-01  6.703e-01  6.912e-01  
1.109e-01  9.392e-02  1.108e+00  
7.055e-01  8.331e-01  2.396e-01  
4.470e-01  5.279e-01  8.780e-01  
5.703e-01  6.735e-01  6.859e-01  
2.094e-01  1.773e-01  1.084e+00  
6.337e-01  7.483e-01  5.365e-01  
3.606e-01  3.598e-01  9.949e-01  
4.572e-01  5.398e-01  8.654e-01  
2.094e-02  1.773e-02  1.117e+00  
7.222e-01  8.528e-01  2.382e-02  
4.101e-01  4.843e-01  9.201e-01  
5.729e-01  6.765e-01  6.808e-01  
2.823e-01  3.292e-01  1.030e+00  
6.632e-01  7.831e-01  4.431e-01  
3.043e-01  3.594e-01  1.014e+00  
4.271e-01  5.044e-01  9.014e-01  
1.716e-01  1.453e-01  1.095e+00  
6.963e-01  8.223e-01  2.972e-01  
2.826e-01  3.337e-01  1.029e+00  
4.216e-01  4.978e-01  9.076e-01  
1.857e-01  2.193e-01  1.080e+00  
5.248e-01  6.197e-01  7.680e-01  
1.951e-01  2.304e-01  1.076e+00  
2.755e-01  3.254e-01  1.033e+00  
7.605e-02  6.440e-02  1.113e+00  
7.022e-01  8.292e-01  2.622e-01  
1.951e-01  2.303e-01  1.076e+00  
3.162e-01  3.734e-01  1.005e+00  
1.178e-01  1.392e-01  1.103e+00  
4.274e-01  5.047e-01  9.011e-01  
1.186e-01  1.400e-01  1.103e+00  
1.708e-01  2.017e-01  1.086e+00  
7.173e-02  8.471e-02  1.112e+00  
4.532e-01  5.352e-01  8.704e-01  
8.655e-02  1.022e-01  1.110e+00  
1.285e-01  1.517e-01  1.100e+00  
4.622e-02  5.458e-02  1.115e+00  
1.432e-01  1.691e-01  1.096e+00  
3.693e-02  4.360e-02  1.116e+00  
4.342e-02  5.127e-02  1.116e+00  
1.503e-02  1.775e-02  1.118e+00  
3.315e-01  3.914e-01  9.931e-01  
5.524e-03  6.523e-03  1.118e+00  
