1.000e+00  9.054e-05  9.069e-05  
8.432e-05  1.000e+00  9.615e-05  
5.008e-07  9.256e-05  1.000e+00  
9.985e-01  3.861e-02  3.853e-02  
9.938e-01  1.058e-01  3.495e-02  
9.888e-01  4.712e-02  1.417e-01  
9.792e-01  2.009e-01  2.864e-02  
9.806e-01  1.009e-01  1.681e-01  
9.750e-01  1.905e-01  1.143e-01  
9.555e-01  4.150e-02  2.920e-01  
9.404e-01  3.394e-01  2.261e-02  
9.579e-01  1.762e-01  2.266e-01  
9.456e-01  2.961e-01  1.346e-01  
9.256e-01  8.508e-02  3.687e-01  
9.160e-01  3.908e-01  9.011e-02  
9.211e-01  1.610e-01  3.546e-01  
9.207e-01  3.081e-01  2.397e-01  
8.604e-01  3.385e-02  5.084e-01  
8.402e-01  5.420e-01  1.745e-02  
8.954e-01  2.946e-01  3.339e-01  
8.689e-01  4.610e-01  1.803e-01  
8.465e-01  1.432e-01  5.127e-01  
8.203e-01  5.624e-01  1.042e-01  
8.460e-01  2.473e-01  4.723e-01  
8.424e-01  4.446e-01  3.045e-01  
7.633e-01  6.647e-02  6.427e-01  
7.496e-01  6.584e-01  6.810e-02  
8.089e-01  3.320e-01  4.852e-01  
7.887e-01  5.446e-01  2.852e-01  
7.288e-01  1.239e-01  6.734e-01  
7.345e-01  6.535e-01  1.828e-01  
7.383e-01  2.457e-01  6.281e-01  
7.541e-01  4.925e-01  4.345e-01  
6.286e-01  2.505e-02  7.773e-01  
6.084e-01  7.935e-01  1.257e-02  
7.170e-01  4.773e-01  5.081e-01  
6.684e-01  6.996e-01  2.527e-01  
6.457e-01  2.213e-01  7.308e-01  
5.999e-01  7.896e-01  1.291e-01  
6.511e-01  3.714e-01  6.619e-01  
6.434e-01  6.445e-01  4.132e-01  
5.478e-01  9.874e-02  8.308e-01  
5.226e-01  8.496e-01  7.194e-02  
6.079e-01  4.674e-01  6.419e-01  
5.774e-01  7.336e-01  3.583e-01  
5.169e-01  1.739e-01  8.382e-01  
5.144e-01  8.310e-01  2.117e-01  
5.295e-01  3.298e-01  7.815e-01  
5.437e-01  6.463e-01  5.355e-01  
4.221e-01  4.362e-02  9.055e-01  
4.100e-01  9.110e-01  4.475e-02  
5.038e-01  5.511e-01  6.652e-01  
4.641e-01  8.160e-01  3.445e-01  
4.248e-01  2.235e-01  8.772e-01  
4.029e-01  8.962e-01  1.856e-01  
4.331e-01  3.955e-01  8.100e-01  
4.354e-01  7.272e-01  5.306e-01  
3.396e-01  7.924e-02  9.372e-01  
3.378e-01  9.342e-01  1.147e-01  
3.939e-01  4.960e-01  7.738e-01  
3.768e-01  8.079e-01  4.532e-01  
3.137e-01  1.533e-01  9.371e-01  
3.267e-01  9.037e-01  2.767e-01  
3.228e-01  3.206e-01  8.905e-01  
3.401e-01  6.854e-01  6.438e-01  
2.422e-01  2.026e-11  9.702e-01  
2.313e-01  9.728e-01  7.660e-03  
3.048e-01  6.629e-01  6.839e-01  
2.661e-01  9.106e-01  3.163e-01  
2.518e-01  2.946e-01  9.219e-01  
2.210e-01  9.641e-01  1.476e-01  
2.502e-01  4.859e-01  8.374e-01  
2.422e-01  8.245e-01  5.114e-01  
1.907e-01  1.269e-01  9.734e-01  
1.739e-01  9.820e-01  7.425e-02  
2.140e-01  5.878e-01  7.802e-01  
1.942e-01  8.874e-01  4.181e-01  
1.657e-01  2.102e-01  9.635e-01  
1.591e-01  9.594e-01  2.329e-01  
1.622e-01  3.960e-01  9.038e-01  
1.645e-01  7.692e-01  6.175e-01  
1.170e-01  5.718e-02  9.915e-01  
1.081e-01  9.933e-01  4.030e-02  
1.365e-01  6.438e-01  7.529e-01  
1.174e-01  9.199e-01  3.741e-01  
1.025e-01  2.569e-01  9.610e-01  
9.093e-02  9.772e-01  1.918e-01  
9.468e-02  4.494e-01  8.883e-01  
9.039e-02  8.133e-01  5.748e-01  
6.408e-02  9.334e-02  9.936e-01  
5.838e-02  9.920e-01  1.121e-01  
6.185e-02  5.511e-01  8.321e-01  
5.557e-02  8.777e-01  4.759e-01  
3.615e-02  1.716e-01  9.845e-01  
3.672e-02  9.590e-01  2.809e-01  
2.938e-02  3.521e-01  9.355e-01  
2.476e-02  7.392e-01  6.730e-01  
1.320e-02  2.384e-02  9.996e-01  
7.942e-03  9.997e-01  2.386e-02  
3.643e-03  6.732e-01  7.394e-01  
