5.380e+01  5.821e-04  3.224e-03  
6.805e-06  5.362e+01  8.738e-07  
2.677e-05  1.963e-05  5.337e+01  
5.049e+01  1.962e+00  1.699e+00  
4.820e+01  4.475e+00  1.706e+00  
4.573e+01  1.972e+00  6.257e+00  
4.383e+01  8.977e+00  1.193e+00  
4.313e+01  4.370e+00  7.012e+00  
4.130e+01  7.994e+00  4.830e+00  
4.003e+01  1.726e+00  1.205e+01  
3.923e+01  1.412e+01  7.032e-01  
3.850e+01  6.735e+00  9.151e+00  
3.749e+01  1.154e+01  5.313e+00  
3.704e+01  3.294e+00  1.413e+01  
3.574e+01  1.532e+01  3.285e+00  
3.495e+01  6.122e+00  1.350e+01  
3.397e+01  1.128e+01  8.851e+00  
3.344e+01  1.300e+00  1.996e+01  
3.252e+01  2.092e+01  4.096e-01  
3.149e+01  1.046e+01  1.194e+01  
3.140e+01  1.667e+01  6.364e+00  
3.051e+01  5.095e+00  1.826e+01  
2.978e+01  2.048e+01  3.778e+00  
2.972e+01  8.478e+00  1.636e+01  
2.884e+01  1.531e+01  1.030e+01  
2.784e+01  2.006e+00  2.375e+01  
2.769e+01  2.389e+01  2.338e+00  
2.670e+01  1.092e+01  1.596e+01  
2.632e+01  1.810e+01  9.418e+00  
2.590e+01  3.986e+00  2.378e+01  
2.537e+01  2.276e+01  6.373e+00  
2.461e+01  8.174e+00  2.095e+01  
2.458e+01  1.582e+01  1.398e+01  
2.414e+01  8.644e-01  2.998e+01  
2.318e+01  3.008e+01  4.645e-01  
2.288e+01  1.515e+01  1.629e+01  
2.250e+01  2.334e+01  8.240e+00  
2.166e+01  7.536e+00  2.454e+01  
2.143e+01  2.781e+01  4.222e+00  
2.122e+01  1.165e+01  2.132e+01  
2.036e+01  2.074e+01  1.280e+01  
2.008e+01  3.091e+00  3.032e+01  
1.943e+01  3.189e+01  2.266e+00  
1.913e+01  1.476e+01  2.006e+01  
1.841e+01  2.388e+01  1.125e+01  
1.799e+01  6.020e+00  2.996e+01  
1.759e+01  2.887e+01  7.240e+00  
1.752e+01  1.091e+01  2.535e+01  
1.721e+01  2.005e+01  1.688e+01  
1.668e+01  1.717e+00  3.534e+01  
1.601e+01  3.602e+01  1.724e+00  
1.593e+01  1.745e+01  2.048e+01  
1.557e+01  2.702e+01  1.133e+01  
1.508e+01  7.965e+00  3.131e+01  
1.449e+01  3.258e+01  6.784e+00  
1.415e+01  1.311e+01  2.681e+01  
1.398e+01  2.333e+01  1.690e+01  
1.374e+01  3.036e+00  3.796e+01  
1.314e+01  3.668e+01  4.280e+00  
1.251e+01  1.616e+01  2.535e+01  
1.242e+01  2.688e+01  1.502e+01  
1.210e+01  5.783e+00  3.644e+01  
1.149e+01  3.232e+01  9.791e+00  
1.128e+01  1.131e+01  3.104e+01  
1.104e+01  2.231e+01  2.046e+01  
1.063e+01  3.379e-01  4.346e+01  
1.010e+01  4.322e+01  3.217e-01  
1.009e+01  2.184e+01  2.262e+01  
9.623e+00  3.310e+01  1.142e+01  
9.373e+00  1.097e+01  3.417e+01  
9.046e+00  3.870e+01  5.969e+00  
8.772e+00  1.657e+01  2.925e+01  
8.368e+00  2.878e+01  1.740e+01  
7.237e+00  5.307e+00  4.093e+01  
7.623e+00  4.294e+01  3.016e+00  
7.133e+00  2.008e+01  2.665e+01  
6.675e+00  3.212e+01  1.492e+01  
6.630e+00  8.283e+00  3.897e+01  
6.373e+00  3.890e+01  8.883e+00  
5.436e+00  1.480e+01  3.398e+01  
5.502e+00  2.717e+01  2.156e+01  
5.336e+00  1.772e+00  4.632e+01  
5.084e+00  4.689e+01  1.624e+00  
4.601e+00  2.277e+01  2.680e+01  
4.493e+00  3.530e+01  1.427e+01  
3.824e+00  1.041e+01  3.924e+01  
3.857e+00  4.181e+01  8.139e+00  
3.443e+00  1.704e+01  3.392e+01  
3.124e+00  2.989e+01  2.083e+01  
2.948e+00  4.171e+00  4.639e+01  
2.275e+00  4.701e+01  5.271e+00  
2.222e+00  2.067e+01  3.106e+01  
1.396e+00  3.451e+01  1.870e+01  
1.756e+00  7.612e+00  4.465e+01  
7.931e-01  4.129e+01  1.218e+01  
1.247e+00  1.443e+01  3.849e+01  
7.832e-01  2.755e+01  2.527e+01  
6.612e-01  1.169e+00  5.198e+01  
3.554e-01  5.203e+01  1.184e+00  
3.303e-06  2.602e+01  2.851e+01  
