5.313e+02  1.756e-03  8.886e-03  
9.797e-06  5.307e+02  8.877e-03  
3.726e-03  4.142e-03  5.305e+02  
5.310e+02  1.755e-03  1.914e+01  
5.287e+02  5.105e+01  1.705e+01  
5.266e+02  1.741e-03  7.157e+01  
5.211e+02  1.052e+02  8.891e-03  
5.212e+02  5.033e+01  8.881e+01  
5.194e+02  1.013e+02  4.875e+01  
5.091e+02  1.647e+01  1.521e+02  
5.001e+02  1.794e+02  8.887e-03  
5.119e+02  8.310e+01  1.182e+02  
5.055e+02  1.551e+02  6.947e+01  
4.931e+02  3.976e+01  1.943e+02  
4.875e+02  2.083e+02  4.648e+01  
4.904e+02  8.359e+01  1.885e+02  
4.924e+02  1.650e+02  1.266e+02  
4.597e+02  1.520e-03  2.719e+02  
4.487e+02  2.857e+02  8.897e-03  
4.803e+02  1.559e+02  1.744e+02  
4.631e+02  2.463e+02  9.336e+01  
4.501e+02  7.334e+01  2.736e+02  
4.388e+02  2.982e+02  3.612e+01  
4.539e+02  1.321e+02  2.503e+02  
4.485e+02  2.360e+02  1.614e+02  
4.086e+02  1.351e-03  3.445e+02  
3.995e+02  3.494e+02  3.613e+01  
4.321e+02  1.744e+02  2.566e+02  
4.246e+02  2.901e+02  1.474e+02  
3.931e+02  4.410e+01  3.609e+02  
3.940e+02  3.445e+02  9.607e+01  
3.970e+02  1.328e+02  3.389e+02  
4.025e+02  2.619e+02  2.303e+02  
3.376e+02  8.952e-02  4.158e+02  
3.238e+02  4.223e+02  8.901e-03  
3.826e+02  2.516e+02  2.709e+02  
3.554e+02  3.739e+02  1.342e+02  
3.475e+02  1.195e+02  3.938e+02  
3.211e+02  4.227e+02  6.469e+01  
3.547e+02  2.011e+02  3.605e+02  
3.449e+02  3.439e+02  2.204e+02  
2.922e+02  5.135e+01  4.451e+02  
2.788e+02  4.513e+02  2.967e+01  
3.275e+02  2.553e+02  3.425e+02  
3.095e+02  3.918e+02  1.849e+02  
2.754e+02  9.228e+01  4.524e+02  
2.733e+02  4.428e+02  1.123e+02  
2.866e+02  1.742e+02  4.217e+02  
2.972e+02  3.490e+02  2.931e+02  
2.204e+02  5.632e+00  4.841e+02  
2.177e+02  4.848e+02  8.889e-03  
2.718e+02  2.904e+02  3.616e+02  
2.455e+02  4.348e+02  1.830e+02  
2.155e+02  1.198e+02  4.718e+02  
2.155e+02  4.798e+02  9.362e+01  
2.259e+02  2.138e+02  4.357e+02  
2.116e+02  3.961e+02  2.855e+02  
1.813e+02  4.632e+00  5.002e+02  
1.772e+02  4.971e+02  5.920e+01  
2.120e+02  2.612e+02  4.203e+02  
2.015e+02  4.358e+02  2.422e+02  
1.647e+02  7.206e+01  5.036e+02  
1.729e+02  4.802e+02  1.473e+02  
1.585e+02  1.683e+02  4.801e+02  
1.804e+02  3.696e+02  3.467e+02  
1.235e+02  3.157e+00  5.165e+02  
1.228e+02  5.159e+02  8.870e-03  
1.634e+02  3.535e+02  3.664e+02  
1.436e+02  4.901e+02  1.687e+02  
1.351e+02  1.573e+02  4.930e+02  
1.105e+02  5.156e+02  6.794e+01  
1.268e+02  2.597e+02  4.501e+02  
1.219e+02  4.423e+02  2.714e+02  
9.961e+01  6.344e+01  5.179e+02  
9.015e+01  5.215e+02  2.960e+01  
1.140e+02  3.171e+02  4.209e+02  
1.015e+02  4.737e+02  2.207e+02  
8.211e+01  1.066e+02  5.145e+02  
8.244e+01  5.121e+02  1.135e+02  
7.445e+01  2.120e+02  4.846e+02  
7.238e+01  4.123e+02  3.272e+02  
5.385e+01  2.992e+01  5.274e+02  
5.504e+01  5.278e+02  8.876e-03  
2.283e+01  3.459e+02  4.072e+02  
2.105e+01  4.916e+02  1.998e+02  
3.886e+01  1.286e+02  5.136e+02  
4.459e+01  5.197e+02  9.930e+01  
2.365e+01  2.409e+02  4.770e+02  
3.719e+01  4.335e+02  3.056e+02  
3.198e+01  4.861e+01  5.281e+02  
2.811e+01  5.266e+02  5.916e+01  
7.771e+00  2.950e+02  4.447e+02  
8.624e-06  4.672e+02  2.527e+02  
8.421e+00  8.578e+01  5.273e+02  
9.444e-06  5.116e+02  1.426e+02  
9.966e+00  1.890e+02  5.032e+02  
7.303e-06  3.956e+02  3.583e+02  
3.726e-03  4.142e-03  5.305e+02  
9.797e-06  5.307e+02  8.877e-03  
6.657e-06  3.606e+02  3.922e+02  
