7.609e+02  4.013e-03  1.043e-02  
1.198e-02  7.576e+02  4.568e-02  
1.024e-02  1.482e-02  7.592e+02  
7.194e+02  2.635e+01  2.777e+01  
6.764e+02  7.211e+01  2.361e+01  
6.446e+02  2.998e+01  9.244e+01  
6.194e+02  1.277e+02  1.527e+01  
6.120e+02  5.584e+01  1.042e+02  
5.806e+02  1.133e+02  6.692e+01  
5.671e+02  2.474e+01  1.719e+02  
5.521e+02  2.000e+02  1.152e+01  
5.412e+02  9.952e+01  1.244e+02  
5.290e+02  1.633e+02  7.475e+01  
5.180e+02  4.726e+01  2.052e+02  
5.056e+02  2.150e+02  4.484e+01  
4.911e+02  8.538e+01  1.889e+02  
4.828e+02  1.585e+02  1.245e+02  
4.741e+02  1.737e+01  2.794e+02  
4.595e+02  2.944e+02  8.939e+00  
4.515e+02  1.482e+02  1.685e+02  
4.397e+02  2.333e+02  8.867e+01  
4.337e+02  7.275e+01  2.575e+02  
4.206e+02  2.907e+02  5.304e+01  
4.143e+02  1.216e+02  2.324e+02  
4.038e+02  2.143e+02  1.451e+02  
3.986e+02  2.865e+01  3.357e+02  
3.864e+02  3.401e+02  3.512e+01  
3.828e+02  1.560e+02  2.271e+02  
3.735e+02  2.582e+02  1.341e+02  
3.650e+02  6.123e+01  3.380e+02  
3.573e+02  3.174e+02  8.889e+01  
3.528e+02  1.152e+02  3.000e+02  
3.431e+02  2.213e+02  1.980e+02  
3.394e+02  5.092e+00  4.214e+02  
3.278e+02  4.284e+02  6.478e+00  
3.215e+02  2.143e+02  2.294e+02  
3.148e+02  3.304e+02  1.179e+02  
3.104e+02  1.047e+02  3.531e+02  
3.019e+02  3.968e+02  6.499e+01  
2.965e+02  1.693e+02  3.004e+02  
2.898e+02  2.881e+02  1.855e+02  
2.823e+02  5.283e+01  4.313e+02  
2.752e+02  4.483e+02  3.626e+01  
2.709e+02  2.094e+02  2.869e+02  
2.627e+02  3.363e+02  1.631e+02  
2.600e+02  8.537e+01  4.225e+02  
2.522e+02  4.072e+02  1.027e+02  
2.467e+02  1.528e+02  3.625e+02  
2.411e+02  2.879e+02  2.381e+02  
2.332e+02  2.293e+01  5.108e+02  
2.295e+02  5.057e+02  2.440e+01  
2.261e+02  2.451e+02  2.993e+02  
2.159e+02  3.833e+02  1.603e+02  
2.126e+02  1.095e+02  4.403e+02  
2.073e+02  4.614e+02  9.473e+01  
2.023e+02  1.855e+02  3.798e+02  
1.973e+02  3.266e+02  2.410e+02  
1.913e+02  4.367e+01  5.288e+02  
1.855e+02  5.110e+02  6.150e+01  
1.825e+02  2.304e+02  3.577e+02  
1.761e+02  3.754e+02  2.114e+02  
1.694e+02  8.243e+01  5.099e+02  
1.655e+02  4.558e+02  1.386e+02  
1.613e+02  1.613e+02  4.472e+02  
1.563e+02  3.084e+02  2.966e+02  
1.503e+02  9.577e+00  6.063e+02  
1.434e+02  6.115e+02  4.443e+00  
1.416e+02  3.086e+02  3.183e+02  
1.356e+02  4.641e+02  1.604e+02  
1.317e+02  1.522e+02  4.828e+02  
1.276e+02  5.583e+02  8.549e+01  
1.201e+02  2.370e+02  4.039e+02  
1.167e+02  3.994e+02  2.455e+02  
1.116e+02  7.720e+01  5.780e+02  
1.072e+02  6.066e+02  4.553e+01  
1.014e+02  2.857e+02  3.791e+02  
9.521e+01  4.513e+02  2.126e+02  
9.301e+01  1.177e+02  5.511e+02  
8.697e+01  5.398e+02  1.311e+02  
8.524e+01  2.055e+02  4.713e+02  
7.975e+01  3.780e+02  3.026e+02  
7.605e+01  3.701e+01  6.492e+02  
7.206e+01  6.610e+02  2.499e+01  
6.745e+01  3.197e+02  3.741e+02  
6.079e+01  4.965e+02  2.023e+02  
5.785e+01  1.490e+02  5.571e+02  
5.491e+01  5.910e+02  1.141e+02  
5.042e+01  2.390e+02  4.724e+02  
4.517e+01  4.184e+02  2.959e+02  
4.120e+01  6.055e+01  6.639e+02  
3.825e+01  6.471e+02  7.271e+01  
3.395e+01  2.898e+02  4.361e+02  
2.871e+01  4.738e+02  2.558e+02  
2.539e+01  1.092e+02  6.298e+02  
1.937e+01  5.727e+02  1.674e+02  
1.416e+01  2.038e+02  5.461e+02  
1.143e+01  3.903e+02  3.588e+02  
9.313e+00  1.682e+01  7.376e+02  
5.041e+00  7.402e+02  1.531e+01  
5.715e-03  3.614e+02  3.992e+02  
