1.000e+00  8.252e-06  9.437e-11  
3.167e-10  1.000e+00  9.437e-11  
5.063e-08  2.389e-08  1.000e+00  
9.989e-01  2.931e-02  3.807e-02  
9.940e-01  1.043e-01  3.438e-02  
9.892e-01  4.091e-02  1.410e-01  
9.796e-01  2.009e-01  9.437e-11  
9.806e-01  1.009e-01  1.682e-01  
9.751e-01  1.905e-01  1.140e-01  
9.560e-01  4.151e-02  2.916e-01  
9.404e-01  3.393e-01  2.230e-02  
9.579e-01  1.762e-01  2.265e-01  
9.457e-01  2.958e-01  1.344e-01  
9.256e-01  8.503e-02  3.688e-01  
9.163e-01  3.903e-01  9.022e-02  
9.210e-01  1.611e-01  3.546e-01  
9.207e-01  3.080e-01  2.397e-01  
8.610e-01  7.105e-06  5.087e-01  
8.403e-01  5.421e-01  6.386e-03  
8.954e-01  2.946e-01  3.339e-01  
8.694e-01  4.600e-01  1.805e-01  
8.465e-01  1.435e-01  5.127e-01  
8.204e-01  5.622e-01  1.041e-01  
8.463e-01  2.457e-01  4.728e-01  
8.423e-01  4.449e-01  3.044e-01  
7.632e-01  6.640e-02  6.427e-01  
7.496e-01  6.585e-01  6.765e-02  
8.089e-01  3.320e-01  4.852e-01  
7.878e-01  5.458e-01  2.856e-01  
7.289e-01  1.235e-01  6.734e-01  
7.345e-01  6.535e-01  1.830e-01  
7.383e-01  2.457e-01  6.281e-01  
7.541e-01  4.925e-01  4.345e-01  
6.287e-01  2.130e-02  7.774e-01  
6.086e-01  7.935e-01  2.250e-03  
7.178e-01  4.762e-01  5.079e-01  
6.683e-01  6.995e-01  2.529e-01  
6.457e-01  2.220e-01  7.306e-01  
5.997e-01  7.897e-01  1.290e-01  
6.507e-01  3.705e-01  6.628e-01  
6.433e-01  6.445e-01  4.132e-01  
5.477e-01  1.015e-01  8.305e-01  
5.226e-01  8.496e-01  7.113e-02  
6.082e-01  4.667e-01  6.421e-01  
5.774e-01  7.336e-01  3.583e-01  
5.170e-01  1.737e-01  8.382e-01  
5.122e-01  8.323e-01  2.119e-01  
5.301e-01  3.301e-01  7.810e-01  
5.437e-01  6.463e-01  5.355e-01  
4.221e-01  3.867e-02  9.057e-01  
4.096e-01  9.112e-01  4.368e-02  
5.028e-01  5.513e-01  6.658e-01  
4.641e-01  8.160e-01  3.446e-01  
4.248e-01  2.236e-01  8.772e-01  
4.030e-01  8.963e-01  1.850e-01  
4.336e-01  3.949e-01  8.100e-01  
4.358e-01  7.271e-01  5.305e-01  
3.394e-01  7.861e-02  9.373e-01  
3.377e-01  9.344e-01  1.144e-01  
3.921e-01  4.960e-01  7.747e-01  
3.751e-01  8.084e-01  4.536e-01  
3.136e-01  1.533e-01  9.371e-01  
3.267e-01  9.038e-01  2.766e-01  
3.227e-01  3.213e-01  8.903e-01  
3.384e-01  6.859e-01  6.443e-01  
2.417e-01  3.157e-03  9.704e-01  
2.313e-01  9.729e-01  9.437e-11  
2.985e-01  6.641e-01  6.854e-01  
2.662e-01  9.113e-01  3.145e-01  
2.527e-01  2.935e-01  9.219e-01  
2.206e-01  9.641e-01  1.477e-01  
2.475e-01  4.860e-01  8.382e-01  
2.409e-01  8.265e-01  5.089e-01  
1.907e-01  1.291e-01  9.731e-01  
1.728e-01  9.822e-01  7.331e-02  
2.130e-01  5.880e-01  7.803e-01  
1.925e-01  8.878e-01  4.179e-01  
1.656e-01  2.110e-01  9.634e-01  
1.591e-01  9.594e-01  2.328e-01  
1.637e-01  3.944e-01  9.043e-01  
1.643e-01  7.692e-01  6.176e-01  
1.170e-01  5.718e-02  9.915e-01  
1.052e-01  9.937e-01  3.801e-02  
1.364e-01  6.438e-01  7.529e-01  
1.136e-01  9.204e-01  3.741e-01  
1.003e-01  2.558e-01  9.615e-01  
8.917e-02  9.778e-01  1.895e-01  
9.533e-02  4.493e-01  8.883e-01  
9.041e-02  8.133e-01  5.747e-01  
6.356e-02  9.229e-02  9.938e-01  
5.772e-02  9.921e-01  1.111e-01  
6.127e-02  5.512e-01  8.321e-01  
5.433e-02  8.779e-01  4.758e-01  
3.641e-02  1.716e-01  9.845e-01  
3.039e-10  9.598e-01  2.809e-01  
2.628e-02  3.520e-01  9.356e-01  
2.608e-02  7.393e-01  6.728e-01  
1.213e-02  2.372e-02  9.997e-01  
3.166e-10  9.997e-01  2.398e-02  
3.603e-03  6.733e-01  7.394e-01  
