4.128e+01  3.673e-03  
2.369e-05  4.130e+01  
4.128e+01  3.673e-03  
4.101e+01  6.281e-01  
4.051e+01  1.044e+00  
4.014e+01  1.479e+00  
3.978e+01  1.612e+00  
3.922e+01  2.289e+00  
3.877e+01  2.720e+00  
3.843e+01  3.040e+00  
3.790e+01  3.592e+00  
3.747e+01  3.910e+00  
3.712e+01  4.364e+00  
3.655e+01  4.865e+00  
3.625e+01  5.155e+00  
3.584e+01  5.577e+00  
3.537e+01  6.142e+00  
3.490e+01  6.549e+00  
3.455e+01  6.936e+00  
3.403e+01  7.393e+00  
3.357e+01  7.829e+00  
3.341e+01  8.210e+00  
3.297e+01  8.506e+00  
3.228e+01  9.117e+00  
3.203e+01  9.586e+00  
3.162e+01  9.781e+00  
3.122e+01  1.039e+01  
3.070e+01  1.043e+01  
3.039e+01  1.123e+01  
2.999e+01  1.164e+01  
2.959e+01  1.204e+01  
2.908e+01  1.245e+01  
2.844e+01  1.293e+01  
2.817e+01  1.331e+01  
2.784e+01  1.380e+01  
2.740e+01  1.417e+01  
2.702e+01  1.468e+01  
2.657e+01  1.510e+01  
2.586e+01  1.551e+01  
2.575e+01  1.571e+01  
2.533e+01  1.625e+01  
2.494e+01  1.666e+01  
2.455e+01  1.727e+01  
2.412e+01  1.743e+01  
2.320e+01  1.797e+01  
2.298e+01  1.850e+01  
2.273e+01  1.874e+01  
2.237e+01  1.937e+01  
2.206e+01  1.960e+01  
2.150e+01  2.023e+01  
2.110e+01  2.065e+01  
2.067e+01  2.100e+01  
2.016e+01  2.142e+01  
1.959e+01  2.177e+01  
1.929e+01  2.219e+01  
1.891e+01  2.255e+01  
1.845e+01  2.325e+01  
1.810e+01  2.364e+01  
1.732e+01  2.385e+01  
1.670e+01  2.441e+01  
1.629e+01  2.466e+01  
1.623e+01  2.516e+01  
1.575e+01  2.557e+01  
1.539e+01  2.598e+01  
1.488e+01  2.606e+01  
1.453e+01  2.685e+01  
1.416e+01  2.705e+01  
1.387e+01  2.791e+01  
1.329e+01  2.798e+01  
1.280e+01  2.856e+01  
1.247e+01  2.895e+01  
1.205e+01  2.949e+01  
1.155e+01  2.996e+01  
1.121e+01  3.022e+01  
1.078e+01  3.065e+01  
1.023e+01  3.128e+01  
9.856e+00  3.162e+01  
9.525e+00  3.192e+01  
9.099e+00  3.226e+01  
8.601e+00  3.288e+01  
8.207e+00  3.321e+01  
7.787e+00  3.368e+01  
7.288e+00  3.407e+01  
6.877e+00  3.446e+01  
6.435e+00  3.496e+01  
6.066e+00  3.533e+01  
5.663e+00  3.571e+01  
5.247e+00  3.605e+01  
4.835e+00  3.653e+01  
4.350e+00  3.698e+01  
3.931e+00  3.735e+01  
3.573e+00  3.779e+01  
3.079e+00  3.827e+01  
2.678e+00  3.861e+01  
2.309e+00  3.900e+01  
1.861e+00  3.957e+01  
1.391e+00  3.998e+01  
1.036e+00  4.037e+01  
6.179e-01  4.077e+01  
1.708e-01  4.122e+01  
