3.487e+01  7.669e-05  
7.833e-05  3.464e+01  
3.482e+01  1.421e-01  
3.454e+01  5.231e-01  
3.420e+01  7.830e-01  
3.371e+01  1.231e+00  
3.336e+01  1.505e+00  
3.306e+01  1.881e+00  
3.272e+01  2.158e+00  
3.232e+01  2.573e+00  
3.168e+01  3.027e+00  
3.158e+01  3.347e+00  
3.126e+01  3.661e+00  
3.089e+01  4.069e+00  
3.048e+01  4.460e+00  
3.006e+01  4.707e+00  
2.970e+01  5.155e+00  
2.943e+01  5.469e+00  
2.910e+01  5.767e+00  
2.864e+01  6.183e+00  
2.828e+01  6.570e+00  
2.799e+01  6.965e+00  
2.764e+01  7.228e+00  
2.697e+01  7.615e+00  
2.678e+01  7.835e+00  
2.647e+01  8.344e+00  
2.616e+01  8.708e+00  
2.571e+01  8.858e+00  
2.544e+01  9.449e+00  
2.514e+01  9.566e+00  
2.460e+01  9.877e+00  
2.426e+01  1.037e+01  
2.400e+01  1.077e+01  
2.356e+01  1.119e+01  
2.321e+01  1.153e+01  
2.284e+01  1.182e+01  
2.251e+01  1.226e+01  
2.211e+01  1.258e+01  
2.174e+01  1.294e+01  
2.141e+01  1.324e+01  
2.103e+01  1.364e+01  
2.068e+01  1.395e+01  
2.043e+01  1.434e+01  
1.997e+01  1.472e+01  
1.952e+01  1.495e+01  
1.925e+01  1.546e+01  
1.885e+01  1.579e+01  
1.854e+01  1.603e+01  
1.832e+01  1.642e+01  
1.779e+01  1.676e+01  
1.745e+01  1.712e+01  
1.710e+01  1.744e+01  
1.676e+01  1.775e+01  
1.652e+01  1.820e+01  
1.600e+01  1.851e+01  
1.581e+01  1.892e+01  
1.531e+01  1.934e+01  
1.508e+01  1.966e+01  
1.469e+01  1.995e+01  
1.429e+01  2.034e+01  
1.403e+01  2.082e+01  
1.375e+01  2.108e+01  
1.329e+01  2.154e+01  
1.296e+01  2.176e+01  
1.263e+01  2.229e+01  
1.229e+01  2.258e+01  
1.194e+01  2.297e+01  
1.151e+01  2.329e+01  
1.115e+01  2.341e+01  
1.081e+01  2.398e+01  
1.034e+01  2.439e+01  
1.015e+01  2.460e+01  
9.600e+00  2.505e+01  
9.426e+00  2.508e+01  
9.078e+00  2.572e+01  
8.692e+00  2.604e+01  
8.299e+00  2.633e+01  
7.939e+00  2.680e+01  
7.623e+00  2.718e+01  
7.109e+00  2.751e+01  
6.836e+00  2.778e+01  
6.467e+00  2.806e+01  
6.073e+00  2.853e+01  
5.727e+00  2.886e+01  
5.479e+00  2.917e+01  
5.112e+00  2.957e+01  
4.523e+00  2.984e+01  
4.325e+00  3.023e+01  
4.051e+00  3.049e+01  
3.652e+00  3.093e+01  
3.010e+00  3.133e+01  
3.008e+00  3.164e+01  
2.500e+00  3.205e+01  
2.250e+00  3.226e+01  
1.914e+00  3.274e+01  
1.595e+00  3.288e+01  
1.177e+00  3.349e+01  
8.099e-01  3.378e+01  
4.599e-01  3.431e+01  
7.833e-05  3.464e+01  
