2.675e+00  7.490e-01  7.485e-01  
7.490e-01  2.675e+00  7.485e-01  
1.168e-04  2.326e-04  2.877e+00  
2.675e+00  7.490e-01  7.485e-01  
2.760e+00  7.726e-01  2.572e-01  
2.155e+00  6.032e-01  1.809e+00  
2.769e+00  7.751e-01  1.107e-01  
2.528e+00  7.076e-01  1.179e+00  
2.735e+00  7.657e-01  4.590e-01  
1.296e+00  3.628e-01  2.543e+00  
2.706e+00  9.772e-01  6.385e-02  
2.618e+00  7.329e-01  9.423e-01  
2.721e+00  8.524e-01  3.872e-01  
1.802e+00  5.044e-01  2.186e+00  
2.636e+00  1.125e+00  2.572e-01  
2.384e+00  6.673e-01  1.467e+00  
2.649e+00  8.869e-01  6.894e-01  
6.652e-01  1.862e-01  2.793e+00  
2.418e+00  1.559e+00  3.562e-02  
2.578e+00  8.472e-01  9.580e-01  
2.501e+00  1.325e+00  5.179e-01  
1.996e+00  5.588e-01  1.996e+00  
2.360e+00  1.619e+00  2.992e-01  
2.434e+00  7.117e-01  1.359e+00  
2.424e+00  1.280e+00  8.758e-01  
9.927e-01  2.779e-01  2.686e+00  
2.156e+00  1.895e+00  1.955e-01  
2.327e+00  9.562e-01  1.396e+00  
2.268e+00  1.569e+00  8.222e-01  
1.568e+00  4.391e-01  2.372e+00  
2.113e+00  1.881e+00  5.252e-01  
2.124e+00  7.070e-01  1.807e+00  
2.170e+00  1.417e+00  1.250e+00  
3.286e-01  9.201e-02  2.857e+00  
1.751e+00  2.283e+00  3.561e-02  
2.063e+00  1.373e+00  1.462e+00  
1.923e+00  2.012e+00  7.278e-01  
1.858e+00  6.385e-01  2.102e+00  
1.727e+00  2.271e+00  3.701e-01  
1.874e+00  1.068e+00  1.905e+00  
1.852e+00  1.855e+00  1.188e+00  
1.149e+00  3.216e-01  2.619e+00  
1.504e+00  2.444e+00  2.068e-01  
1.748e+00  1.347e+00  1.846e+00  
1.662e+00  2.111e+00  1.031e+00  
1.488e+00  4.980e-01  2.412e+00  
1.479e+00  2.392e+00  6.091e-01  
1.523e+00  9.489e-01  2.249e+00  
1.565e+00  1.860e+00  1.540e+00  
4.971e-01  1.392e-01  2.831e+00  
1.179e+00  2.622e+00  1.274e-01  
1.449e+00  1.586e+00  1.914e+00  
1.335e+00  2.348e+00  9.916e-01  
1.221e+00  6.428e-01  2.525e+00  
1.160e+00  2.579e+00  5.346e-01  
1.246e+00  1.138e+00  2.330e+00  
1.254e+00  2.092e+00  1.527e+00  
8.308e-01  2.326e-01  2.745e+00  
9.721e-01  2.688e+00  3.300e-01  
1.134e+00  1.425e+00  2.228e+00  
1.085e+00  2.325e+00  1.304e+00  
8.997e-01  4.360e-01  2.698e+00  
9.405e-01  2.600e+00  7.956e-01  
9.283e-01  9.261e-01  2.561e+00  
9.784e-01  1.971e+00  1.854e+00  
1.606e-01  4.497e-02  2.873e+00  
7.757e-01  2.771e+00  2.564e-02  
8.762e-01  1.908e+00  1.968e+00  
7.663e-01  2.620e+00  9.101e-01  
7.270e-01  8.450e-01  2.653e+00  
7.634e-01  2.727e+00  5.095e-01  
7.228e-01  1.397e+00  2.409e+00  
6.973e-01  2.373e+00  1.471e+00  
5.483e-01  3.710e-01  2.800e+00  
7.706e-01  2.753e+00  3.286e-01  
6.167e-01  1.691e+00  2.245e+00  
6.709e-01  2.397e+00  1.444e+00  
4.763e-01  6.069e-01  2.772e+00  
7.216e-01  2.578e+00  1.056e+00  
4.638e-01  1.140e+00  2.601e+00  
5.457e-01  1.949e+00  2.045e+00  
3.320e-01  1.649e-01  2.854e+00  
7.718e-01  2.757e+00  2.880e-01  
4.327e-01  1.546e+00  2.388e+00  
5.890e-01  2.104e+00  1.872e+00  
2.939e-01  7.389e-01  2.765e+00  
6.744e-01  2.409e+00  1.422e+00  
2.871e-01  1.026e+00  2.673e+00  
3.909e-01  1.396e+00  2.485e+00  
1.831e-01  2.628e-01  2.860e+00  
6.889e-01  2.461e+00  1.322e+00  
2.156e-01  7.703e-01  2.764e+00  
3.083e-01  1.101e+00  2.640e+00  
1.176e-01  4.201e-01  2.844e+00  
3.385e-01  1.209e+00  2.589e+00  
9.443e-02  3.373e-01  2.856e+00  
1.108e-01  3.959e-01  2.848e+00  
3.403e-02  6.778e-02  2.876e+00  
6.035e-01  2.156e+00  1.808e+00  
1.220e-02  4.048e-02  2.877e+00  
