1.000e+00  9.817e-05  9.017e-05  
9.795e-05  1.000e+00  9.949e-05  
8.240e-05  7.001e-05  1.000e+00  
9.985e-01  3.835e-02  3.857e-02  
9.938e-01  1.057e-01  3.514e-02  
9.888e-01  4.725e-02  1.418e-01  
9.792e-01  2.006e-01  2.870e-02  
9.806e-01  1.007e-01  1.681e-01  
9.750e-01  1.905e-01  1.142e-01  
9.556e-01  3.792e-02  2.921e-01  
9.403e-01  3.395e-01  2.253e-02  
9.579e-01  1.762e-01  2.265e-01  
9.457e-01  2.961e-01  1.344e-01  
9.257e-01  8.485e-02  3.687e-01  
9.161e-01  3.908e-01  9.014e-02  
9.211e-01  1.610e-01  3.546e-01  
9.207e-01  3.082e-01  2.396e-01  
8.605e-01  3.346e-02  5.084e-01  
8.402e-01  5.420e-01  1.743e-02  
8.954e-01  2.946e-01  3.339e-01  
8.689e-01  4.611e-01  1.802e-01  
8.465e-01  1.435e-01  5.127e-01  
8.202e-01  5.625e-01  1.041e-01  
8.460e-01  2.474e-01  4.724e-01  
8.422e-01  4.449e-01  3.044e-01  
7.632e-01  6.647e-02  6.427e-01  
7.496e-01  6.584e-01  6.808e-02  
8.089e-01  3.319e-01  4.853e-01  
7.887e-01  5.446e-01  2.852e-01  
7.289e-01  1.236e-01  6.734e-01  
7.345e-01  6.535e-01  1.830e-01  
7.381e-01  2.458e-01  6.283e-01  
7.540e-01  4.926e-01  4.346e-01  
6.286e-01  2.494e-02  7.774e-01  
6.085e-01  7.935e-01  1.253e-02  
7.171e-01  4.769e-01  5.082e-01  
6.683e-01  6.995e-01  2.530e-01  
6.455e-01  2.235e-01  7.303e-01  
5.999e-01  7.896e-01  1.292e-01  
6.511e-01  3.711e-01  6.620e-01  
6.430e-01  6.448e-01  4.133e-01  
5.477e-01  1.006e-01  8.306e-01  
5.225e-01  8.496e-01  7.195e-02  
6.077e-01  4.681e-01  6.415e-01  
5.774e-01  7.336e-01  3.583e-01  
5.170e-01  1.733e-01  8.383e-01  
5.144e-01  8.310e-01  2.118e-01  
5.295e-01  3.299e-01  7.815e-01  
5.436e-01  6.463e-01  5.355e-01  
4.221e-01  4.374e-02  9.055e-01  
4.098e-01  9.111e-01  4.476e-02  
5.038e-01  5.510e-01  6.653e-01  
4.640e-01  8.161e-01  3.446e-01  
4.246e-01  2.236e-01  8.773e-01  
4.028e-01  8.962e-01  1.859e-01  
4.331e-01  3.951e-01  8.101e-01  
4.358e-01  7.271e-01  5.305e-01  
3.396e-01  7.906e-02  9.372e-01  
3.378e-01  9.342e-01  1.147e-01  
3.939e-01  4.960e-01  7.738e-01  
3.768e-01  8.079e-01  4.532e-01  
3.136e-01  1.533e-01  9.371e-01  
3.267e-01  9.038e-01  2.764e-01  
3.228e-01  3.207e-01  8.905e-01  
3.401e-01  6.854e-01  6.439e-01  
2.422e-01  3.304e-03  9.702e-01  
2.313e-01  9.728e-01  7.633e-03  
3.047e-01  6.628e-01  6.840e-01  
2.661e-01  9.106e-01  3.163e-01  
2.527e-01  2.939e-01  9.218e-01  
2.199e-01  9.643e-01  1.477e-01  
2.511e-01  4.857e-01  8.373e-01  
2.423e-01  8.245e-01  5.114e-01  
1.907e-01  1.281e-01  9.733e-01  
1.740e-01  9.819e-01  7.426e-02  
2.141e-01  5.877e-01  7.802e-01  
1.940e-01  8.874e-01  4.182e-01  
1.651e-01  2.110e-01  9.634e-01  
1.591e-01  9.594e-01  2.328e-01  
1.592e-01  3.962e-01  9.043e-01  
1.626e-01  7.694e-01  6.178e-01  
1.170e-01  5.729e-02  9.915e-01  
1.080e-01  9.933e-01  3.988e-02  
1.361e-01  6.438e-01  7.530e-01  
1.175e-01  9.201e-01  3.736e-01  
1.018e-01  2.568e-01  9.611e-01  
9.088e-02  9.772e-01  1.917e-01  
9.497e-02  4.493e-01  8.883e-01  
9.016e-02  8.133e-01  5.748e-01  
6.362e-02  9.339e-02  9.936e-01  
5.835e-02  9.920e-01  1.121e-01  
6.258e-02  5.511e-01  8.321e-01  
5.540e-02  8.778e-01  4.759e-01  
3.907e-02  1.713e-01  9.844e-01  
3.672e-02  9.591e-01  2.808e-01  
2.759e-02  3.521e-01  9.356e-01  
2.611e-02  7.392e-01  6.730e-01  
1.262e-02  2.365e-02  9.996e-01  
7.877e-03  9.997e-01  2.395e-02  
3.210e-10  6.732e-01  7.394e-01  
