7.385e+02  3.285e-02  1.107e-02  
5.256e-02  7.381e+02  2.753e-03  
2.723e-03  2.356e-03  7.345e+02  
6.878e+02  2.486e+01  2.663e+01  
6.493e+02  6.919e+01  2.230e+01  
6.220e+02  2.955e+01  8.761e+01  
6.010e+02  1.220e+02  1.724e+01  
5.829e+02  5.925e+01  9.847e+01  
5.661e+02  1.095e+02  6.421e+01  
5.505e+02  2.157e+01  1.678e+02  
5.350e+02  1.926e+02  1.200e+01  
5.254e+02  9.660e+01  1.219e+02  
5.097e+02  1.586e+02  7.174e+01  
4.991e+02  4.442e+01  1.963e+02  
4.877e+02  2.090e+02  4.793e+01  
4.749e+02  8.312e+01  1.822e+02  
4.647e+02  1.550e+02  1.209e+02  
4.539e+02  1.758e+01  2.680e+02  
4.464e+02  2.882e+02  6.678e+00  
4.383e+02  1.432e+02  1.615e+02  
4.270e+02  2.258e+02  8.776e+01  
4.164e+02  7.066e+01  2.513e+02  
4.118e+02  2.839e+02  5.252e+01  
4.025e+02  1.165e+02  2.238e+02  
3.918e+02  2.072e+02  1.408e+02  
3.851e+02  2.937e+01  3.250e+02  
3.799e+02  3.336e+02  3.285e+01  
3.706e+02  1.526e+02  2.222e+02  
3.643e+02  2.511e+02  1.318e+02  
3.540e+02  6.007e+01  3.247e+02  
3.511e+02  3.100e+02  8.454e+01  
3.409e+02  1.135e+02  2.893e+02  
3.336e+02  2.146e+02  1.924e+02  
3.262e+02  1.179e+01  4.032e+02  
3.214e+02  4.195e+02  5.014e+00  
3.146e+02  2.093e+02  2.225e+02  
3.057e+02  3.204e+02  1.143e+02  
2.996e+02  1.029e+02  3.386e+02  
2.949e+02  3.871e+02  6.350e+01  
2.869e+02  1.630e+02  2.909e+02  
2.828e+02  2.832e+02  1.790e+02  
2.733e+02  4.956e+01  4.162e+02  
2.707e+02  4.384e+02  3.618e+01  
2.620e+02  2.021e+02  2.762e+02  
2.580e+02  3.268e+02  1.576e+02  
2.513e+02  8.418e+01  4.047e+02  
2.443e+02  3.940e+02  9.970e+01  
2.350e+02  1.492e+02  3.542e+02  
2.300e+02  2.790e+02  2.309e+02  
2.288e+02  2.288e+01  4.930e+02  
2.212e+02  4.929e+02  2.423e+01  
2.174e+02  2.378e+02  2.871e+02  
2.097e+02  3.707e+02  1.564e+02  
2.057e+02  1.069e+02  4.259e+02  
1.997e+02  4.468e+02  9.129e+01  
1.947e+02  1.781e+02  3.648e+02  
1.911e+02  3.165e+02  2.327e+02  
1.864e+02  3.845e+01  5.155e+02  
1.813e+02  5.030e+02  5.924e+01  
1.748e+02  2.198e+02  3.426e+02  
1.680e+02  3.659e+02  2.055e+02  
1.610e+02  8.088e+01  4.944e+02  
1.609e+02  4.463e+02  1.368e+02  
1.527e+02  1.548e+02  4.316e+02  
1.504e+02  3.035e+02  2.842e+02  
1.464e+02  8.396e+00  5.919e+02  
1.426e+02  6.006e+02  2.772e-03  
1.370e+02  2.984e+02  3.059e+02  
1.306e+02  4.512e+02  1.567e+02  
1.265e+02  1.463e+02  4.631e+02  
1.213e+02  5.337e+02  8.136e+01  
1.133e+02  2.285e+02  3.956e+02  
1.118e+02  3.861e+02  2.395e+02  
1.079e+02  7.191e+01  5.558e+02  
1.039e+02  5.904e+02  4.365e+01  
9.846e+01  2.743e+02  3.647e+02  
9.500e+01  4.369e+02  2.047e+02  
9.079e+01  1.161e+02  5.331e+02  
8.669e+01  5.238e+02  1.266e+02  
8.243e+01  1.991e+02  4.556e+02  
7.739e+01  3.667e+02  2.934e+02  
7.283e+01  3.586e+01  6.273e+02  
7.054e+01  6.497e+02  2.596e+01  
6.405e+01  3.109e+02  3.623e+02  
6.122e+01  4.839e+02  1.958e+02  
5.724e+01  1.420e+02  5.362e+02  
5.407e+01  5.749e+02  1.088e+02  
4.751e+01  2.306e+02  4.584e+02  
4.378e+01  4.067e+02  2.868e+02  
3.941e+01  5.891e+01  6.379e+02  
3.654e+01  6.370e+02  6.924e+01  
3.321e+01  2.833e+02  4.272e+02  
2.796e+01  4.596e+02  2.494e+02  
2.504e+01  1.051e+02  6.090e+02  
2.069e+01  5.636e+02  1.634e+02  
1.199e+01  1.970e+02  5.263e+02  
1.329e+01  3.849e+02  3.458e+02  
8.432e+00  1.544e+01  7.144e+02  
5.162e-02  7.249e+02  1.551e+01  
2.518e-02  3.536e+02  3.887e+02  
