1.112e+02  2.695e-03  
5.975e-03  1.112e+02  
1.112e+02  2.695e-03  
1.112e+02  2.695e-03  
1.112e+02  2.695e-03  
1.112e+02  2.695e-03  
1.111e+02  5.169e+00  
1.111e+02  6.403e+00  
1.110e+02  6.810e+00  
1.108e+02  8.853e+00  
1.108e+02  1.000e+01  
1.106e+02  1.180e+01  
1.105e+02  1.302e+01  
1.103e+02  1.397e+01  
1.101e+02  1.601e+01  
1.100e+02  1.741e+01  
1.096e+02  1.859e+01  
1.094e+02  2.043e+01  
1.091e+02  2.209e+01  
1.087e+02  2.347e+01  
1.084e+02  2.518e+01  
1.080e+02  2.664e+01  
1.076e+02  2.840e+01  
1.071e+02  3.006e+01  
1.066e+02  3.178e+01  
1.061e+02  3.342e+01  
1.056e+02  3.512e+01  
1.050e+02  3.680e+01  
1.044e+02  3.855e+01  
1.037e+02  4.047e+01  
1.030e+02  4.205e+01  
1.023e+02  4.384e+01  
1.015e+02  4.583e+01  
1.006e+02  4.748e+01  
9.977e+01  4.951e+01  
9.887e+01  5.136e+01  
9.780e+01  5.314e+01  
9.678e+01  5.495e+01  
9.580e+01  5.678e+01  
9.470e+01  5.875e+01  
9.347e+01  6.046e+01  
9.238e+01  6.231e+01  
9.102e+01  6.425e+01  
8.986e+01  6.588e+01  
8.840e+01  6.765e+01  
8.719e+01  6.947e+01  
8.558e+01  7.127e+01  
8.427e+01  7.288e+01  
8.265e+01  7.475e+01  
8.114e+01  7.640e+01  
7.957e+01  7.793e+01  
7.782e+01  7.955e+01  
7.639e+01  8.116e+01  
7.468e+01  8.269e+01  
7.289e+01  8.410e+01  
7.127e+01  8.569e+01  
6.954e+01  8.714e+01  
6.776e+01  8.847e+01  
6.582e+01  8.975e+01  
6.417e+01  9.101e+01  
6.228e+01  9.227e+01  
6.047e+01  9.340e+01  
5.864e+01  9.457e+01  
5.685e+01  9.582e+01  
5.506e+01  9.702e+01  
5.320e+01  9.783e+01  
5.125e+01  9.879e+01  
4.935e+01  9.987e+01  
4.731e+01  1.007e+02  
4.569e+01  1.015e+02  
4.402e+01  1.025e+02  
4.191e+01  1.032e+02  
4.048e+01  1.038e+02  
3.827e+01  1.046e+02  
3.694e+01  1.052e+02  
3.514e+01  1.057e+02  
3.342e+01  1.064e+02  
3.158e+01  1.068e+02  
2.976e+01  1.074e+02  
2.834e+01  1.077e+02  
2.658e+01  1.082e+02  
2.514e+01  1.084e+02  
2.365e+01  1.088e+02  
2.192e+01  1.092e+02  
2.009e+01  1.095e+02  
1.897e+01  1.097e+02  
1.741e+01  1.100e+02  
1.583e+01  1.102e+02  
1.430e+01  1.104e+02  
1.308e+01  1.106e+02  
1.176e+01  1.107e+02  
1.027e+01  1.108e+02  
8.827e+00  1.109e+02  
7.290e+00  1.110e+02  
6.482e+00  1.111e+02  
5.283e+00  1.112e+02  
3.366e+00  1.112e+02  
1.376e+00  1.112e+02  
1.376e+00  1.112e+02  
5.975e-03  1.112e+02  
