9.036e+01  3.357e-03  
4.853e-03  9.047e+01  
9.036e+01  3.357e-03  
9.038e+01  3.358e-03  
9.035e+01  2.282e+00  
9.032e+01  3.081e+00  
9.029e+01  4.117e+00  
9.022e+01  5.224e+00  
9.019e+01  5.986e+00  
9.006e+01  7.408e+00  
8.998e+01  8.381e+00  
8.988e+01  9.556e+00  
8.974e+01  1.059e+01  
8.959e+01  1.154e+01  
8.942e+01  1.284e+01  
8.921e+01  1.420e+01  
8.904e+01  1.529e+01  
8.885e+01  1.667e+01  
8.856e+01  1.788e+01  
8.833e+01  1.919e+01  
8.812e+01  2.017e+01  
8.774e+01  2.176e+01  
8.743e+01  2.306e+01  
8.709e+01  2.441e+01  
8.659e+01  2.575e+01  
8.619e+01  2.721e+01  
8.582e+01  2.861e+01  
8.545e+01  2.975e+01  
8.485e+01  3.133e+01  
8.434e+01  3.276e+01  
8.370e+01  3.425e+01  
8.305e+01  3.574e+01  
8.241e+01  3.712e+01  
8.183e+01  3.863e+01  
8.110e+01  4.017e+01  
8.030e+01  4.171e+01  
7.957e+01  4.320e+01  
7.879e+01  4.453e+01  
7.791e+01  4.623e+01  
7.692e+01  4.776e+01  
7.613e+01  4.918e+01  
7.511e+01  5.071e+01  
7.414e+01  5.202e+01  
7.297e+01  5.351e+01  
7.188e+01  5.504e+01  
7.081e+01  5.646e+01  
6.977e+01  5.769e+01  
6.854e+01  5.943e+01  
6.720e+01  6.063e+01  
6.600e+01  6.190e+01  
6.471e+01  6.339e+01  
6.343e+01  6.475e+01  
6.223e+01  6.598e+01  
6.069e+01  6.722e+01  
5.914e+01  6.864e+01  
5.793e+01  6.975e+01  
5.634e+01  7.093e+01  
5.532e+01  7.227e+01  
5.359e+01  7.300e+01  
5.226e+01  7.428e+01  
5.077e+01  7.541e+01  
4.900e+01  7.607e+01  
4.780e+01  7.686e+01  
4.621e+01  7.799e+01  
4.442e+01  7.905e+01  
4.332e+01  7.961e+01  
4.156e+01  8.037e+01  
4.003e+01  8.127e+01  
3.859e+01  8.197e+01  
3.707e+01  8.273e+01  
3.545e+01  8.321e+01  
3.430e+01  8.394e+01  
3.280e+01  8.447e+01  
3.147e+01  8.509e+01  
2.972e+01  8.549e+01  
2.850e+01  8.606e+01  
2.718e+01  8.652e+01  
2.589e+01  8.693e+01  
2.398e+01  8.734e+01  
2.285e+01  8.761e+01  
2.178e+01  8.797e+01  
2.030e+01  8.822e+01  
1.899e+01  8.853e+01  
1.785e+01  8.867e+01  
1.614e+01  8.900e+01  
1.548e+01  8.915e+01  
1.399e+01  8.953e+01  
1.259e+01  8.968e+01  
1.174e+01  8.976e+01  
1.077e+01  8.987e+01  
9.612e+00  9.000e+01  
8.477e+00  9.011e+01  
6.742e+00  9.019e+01  
6.129e+00  9.028e+01  
4.689e+00  9.033e+01  
3.824e+00  9.047e+01  
2.908e+00  9.048e+01  
2.303e+00  9.049e+01  
8.736e-01  9.050e+01  
4.853e-03  9.047e+01  
