1.461e+00  1.418e-04  
1.383e-04  1.461e+00  
1.461e+00  7.486e-03  
1.460e+00  2.269e-02  
1.460e+00  3.822e-02  
1.460e+00  5.404e-02  
1.459e+00  7.021e-02  
1.458e+00  8.669e-02  
1.457e+00  1.035e-01  
1.456e+00  1.206e-01  
1.454e+00  1.381e-01  
1.452e+00  1.559e-01  
1.450e+00  1.740e-01  
1.448e+00  1.925e-01  
1.445e+00  2.113e-01  
1.442e+00  2.304e-01  
1.439e+00  2.499e-01  
1.436e+00  2.697e-01  
1.432e+00  2.898e-01  
1.427e+00  3.103e-01  
1.423e+00  3.310e-01  
1.418e+00  3.521e-01  
1.412e+00  3.735e-01  
1.406e+00  3.952e-01  
1.400e+00  4.172e-01  
1.393e+00  4.394e-01  
1.386e+00  4.619e-01  
1.378e+00  4.846e-01  
1.370e+00  5.076e-01  
1.361e+00  5.308e-01  
1.351e+00  5.542e-01  
1.342e+00  5.777e-01  
1.331e+00  6.014e-01  
1.320e+00  6.253e-01  
1.308e+00  6.492e-01  
1.296e+00  6.732e-01  
1.283e+00  6.973e-01  
1.270e+00  7.214e-01  
1.256e+00  7.455e-01  
1.241e+00  7.695e-01  
1.226e+00  7.935e-01  
1.211e+00  8.174e-01  
1.194e+00  8.411e-01  
1.177e+00  8.647e-01  
1.160e+00  8.880e-01  
1.142e+00  9.112e-01  
1.123e+00  9.340e-01  
1.104e+00  9.566e-01  
1.084e+00  9.789e-01  
1.064e+00  1.001e+00  
1.043e+00  1.022e+00  
1.022e+00  1.043e+00  
1.001e+00  1.064e+00  
9.789e-01  1.084e+00  
9.566e-01  1.104e+00  
9.340e-01  1.123e+00  
9.112e-01  1.142e+00  
8.880e-01  1.160e+00  
8.647e-01  1.177e+00  
8.411e-01  1.194e+00  
8.174e-01  1.211e+00  
7.935e-01  1.226e+00  
7.695e-01  1.241e+00  
7.455e-01  1.256e+00  
7.214e-01  1.270e+00  
6.973e-01  1.283e+00  
6.732e-01  1.296e+00  
6.492e-01  1.308e+00  
6.253e-01  1.320e+00  
6.014e-01  1.331e+00  
5.777e-01  1.342e+00  
5.542e-01  1.351e+00  
5.308e-01  1.361e+00  
5.076e-01  1.370e+00  
4.846e-01  1.378e+00  
4.619e-01  1.386e+00  
4.394e-01  1.393e+00  
4.172e-01  1.400e+00  
3.952e-01  1.406e+00  
3.735e-01  1.412e+00  
3.521e-01  1.418e+00  
3.311e-01  1.423e+00  
3.103e-01  1.427e+00  
2.898e-01  1.432e+00  
2.697e-01  1.436e+00  
2.499e-01  1.439e+00  
2.304e-01  1.442e+00  
2.113e-01  1.445e+00  
1.925e-01  1.448e+00  
1.740e-01  1.450e+00  
1.559e-01  1.452e+00  
1.381e-01  1.454e+00  
1.206e-01  1.456e+00  
1.035e-01  1.457e+00  
8.669e-02  1.458e+00  
7.021e-02  1.459e+00  
5.406e-02  1.460e+00  
3.822e-02  1.460e+00  
2.270e-02  1.460e+00  
7.488e-03  1.461e+00  
