1.000e+00  9.735e-05  8.749e-05  
9.405e-05  1.000e+00  9.650e-05  
4.822e-05  9.439e-05  1.000e+00  
9.985e-01  3.861e-02  3.850e-02  
9.938e-01  1.058e-01  3.526e-02  
9.888e-01  4.725e-02  1.417e-01  
9.792e-01  2.007e-01  2.870e-02  
9.806e-01  1.009e-01  1.682e-01  
9.750e-01  1.904e-01  1.143e-01  
9.555e-01  4.168e-02  2.920e-01  
9.403e-01  3.395e-01  2.259e-02  
9.579e-01  1.762e-01  2.266e-01  
9.456e-01  2.961e-01  1.345e-01  
9.257e-01  8.496e-02  3.686e-01  
9.161e-01  3.908e-01  8.987e-02  
9.211e-01  1.611e-01  3.545e-01  
9.207e-01  3.082e-01  2.397e-01  
8.604e-01  3.388e-02  5.084e-01  
8.402e-01  5.420e-01  1.745e-02  
8.954e-01  2.946e-01  3.339e-01  
8.690e-01  4.608e-01  1.804e-01  
8.465e-01  1.433e-01  5.127e-01  
8.202e-01  5.625e-01  1.041e-01  
8.460e-01  2.474e-01  4.723e-01  
8.423e-01  4.449e-01  3.044e-01  
7.633e-01  6.647e-02  6.426e-01  
7.496e-01  6.584e-01  6.808e-02  
8.089e-01  3.320e-01  4.853e-01  
7.887e-01  5.446e-01  2.853e-01  
7.288e-01  1.241e-01  6.734e-01  
7.345e-01  6.535e-01  1.829e-01  
7.383e-01  2.458e-01  6.281e-01  
7.541e-01  4.925e-01  4.346e-01  
6.286e-01  2.338e-02  7.774e-01  
6.085e-01  7.935e-01  1.254e-02  
7.170e-01  4.773e-01  5.081e-01  
6.683e-01  6.995e-01  2.530e-01  
6.456e-01  2.235e-01  7.303e-01  
5.999e-01  7.895e-01  1.292e-01  
6.511e-01  3.713e-01  6.619e-01  
6.434e-01  6.445e-01  4.131e-01  
5.476e-01  1.020e-01  8.305e-01  
5.226e-01  8.496e-01  7.180e-02  
6.077e-01  4.681e-01  6.415e-01  
5.774e-01  7.336e-01  3.582e-01  
5.168e-01  1.730e-01  8.384e-01  
5.144e-01  8.310e-01  2.118e-01  
5.295e-01  3.299e-01  7.815e-01  
5.437e-01  6.463e-01  5.355e-01  
4.220e-01  4.326e-02  9.056e-01  
4.101e-01  9.110e-01  4.468e-02  
5.038e-01  5.511e-01  6.652e-01  
4.640e-01  8.161e-01  3.446e-01  
4.248e-01  2.236e-01  8.772e-01  
4.030e-01  8.961e-01  1.859e-01  
4.330e-01  3.956e-01  8.100e-01  
4.358e-01  7.271e-01  5.306e-01  
3.396e-01  7.919e-02  9.372e-01  
3.377e-01  9.342e-01  1.147e-01  
3.939e-01  4.959e-01  7.739e-01  
3.768e-01  8.079e-01  4.530e-01  
3.136e-01  1.530e-01  9.372e-01  
3.267e-01  9.037e-01  2.767e-01  
3.226e-01  3.218e-01  8.902e-01  
3.401e-01  6.854e-01  6.439e-01  
2.422e-01  1.376e-02  9.701e-01  
2.313e-01  9.728e-01  7.610e-03  
3.045e-01  6.629e-01  6.840e-01  
2.660e-01  9.106e-01  3.162e-01  
2.521e-01  2.946e-01  9.218e-01  
2.210e-01  9.640e-01  1.476e-01  
2.511e-01  4.857e-01  8.372e-01  
2.423e-01  8.245e-01  5.114e-01  
1.906e-01  1.291e-01  9.731e-01  
1.740e-01  9.819e-01  7.420e-02  
2.136e-01  5.878e-01  7.803e-01  
1.941e-01  8.874e-01  4.181e-01  
1.657e-01  2.108e-01  9.634e-01  
1.591e-01  9.594e-01  2.328e-01  
1.633e-01  3.960e-01  9.036e-01  
1.646e-01  7.692e-01  6.175e-01  
1.171e-01  5.734e-02  9.915e-01  
1.081e-01  9.933e-01  4.037e-02  
1.364e-01  6.438e-01  7.529e-01  
1.175e-01  9.199e-01  3.740e-01  
1.027e-01  2.566e-01  9.610e-01  
9.094e-02  9.772e-01  1.917e-01  
9.523e-02  4.494e-01  8.883e-01  
9.038e-02  8.133e-01  5.748e-01  
6.370e-02  9.311e-02  9.936e-01  
5.839e-02  9.920e-01  1.121e-01  
6.300e-02  5.510e-01  8.321e-01  
5.541e-02  8.778e-01  4.759e-01  
4.076e-02  1.714e-01  9.844e-01  
3.670e-02  9.591e-01  2.808e-01  
2.917e-02  3.521e-01  9.355e-01  
2.608e-02  7.392e-01  6.730e-01  
1.185e-02  2.378e-02  9.996e-01  
7.889e-03  9.997e-01  2.391e-02  
1.206e-03  6.732e-01  7.394e-01  
