1.024e+00  1.022e-04  
1.008e-04  1.024e+00  
1.023e+00  5.248e-03  
1.023e+00  1.590e-02  
1.023e+00  2.678e-02  
1.023e+00  3.788e-02  
1.022e+00  4.920e-02  
1.022e+00  6.075e-02  
1.021e+00  7.252e-02  
1.020e+00  8.453e-02  
1.019e+00  9.677e-02  
1.018e+00  1.092e-01  
1.016e+00  1.219e-01  
1.015e+00  1.349e-01  
1.013e+00  1.481e-01  
1.011e+00  1.615e-01  
1.008e+00  1.751e-01  
1.006e+00  1.890e-01  
1.003e+00  2.031e-01  
1.000e+00  2.174e-01  
9.969e-01  2.320e-01  
9.933e-01  2.467e-01  
9.895e-01  2.617e-01  
9.853e-01  2.769e-01  
9.809e-01  2.923e-01  
9.761e-01  3.079e-01  
9.710e-01  3.237e-01  
9.655e-01  3.396e-01  
9.597e-01  3.557e-01  
9.535e-01  3.719e-01  
9.470e-01  3.883e-01  
9.400e-01  4.048e-01  
9.327e-01  4.214e-01  
9.250e-01  4.381e-01  
9.168e-01  4.549e-01  
9.083e-01  4.718e-01  
8.993e-01  4.886e-01  
8.900e-01  5.055e-01  
8.802e-01  5.224e-01  
8.699e-01  5.392e-01  
8.593e-01  5.560e-01  
8.482e-01  5.727e-01  
8.368e-01  5.894e-01  
8.249e-01  6.059e-01  
8.126e-01  6.223e-01  
7.999e-01  6.385e-01  
7.869e-01  6.545e-01  
7.735e-01  6.703e-01  
7.597e-01  6.859e-01  
7.455e-01  7.012e-01  
7.311e-01  7.163e-01  
7.163e-01  7.311e-01  
7.012e-01  7.455e-01  
6.859e-01  7.597e-01  
6.703e-01  7.735e-01  
6.545e-01  7.869e-01  
6.385e-01  7.999e-01  
6.223e-01  8.126e-01  
6.059e-01  8.249e-01  
5.894e-01  8.368e-01  
5.727e-01  8.482e-01  
5.560e-01  8.593e-01  
5.392e-01  8.699e-01  
5.224e-01  8.802e-01  
5.055e-01  8.900e-01  
4.886e-01  8.993e-01  
4.718e-01  9.083e-01  
4.549e-01  9.168e-01  
4.381e-01  9.250e-01  
4.214e-01  9.327e-01  
4.048e-01  9.400e-01  
3.883e-01  9.470e-01  
3.719e-01  9.535e-01  
3.557e-01  9.597e-01  
3.396e-01  9.655e-01  
3.237e-01  9.710e-01  
3.079e-01  9.761e-01  
2.923e-01  9.809e-01  
2.769e-01  9.853e-01  
2.617e-01  9.895e-01  
2.467e-01  9.933e-01  
2.320e-01  9.969e-01  
2.174e-01  1.000e+00  
2.031e-01  1.003e+00  
1.890e-01  1.006e+00  
1.751e-01  1.008e+00  
1.615e-01  1.011e+00  
1.481e-01  1.013e+00  
1.349e-01  1.015e+00  
1.219e-01  1.016e+00  
1.092e-01  1.018e+00  
9.677e-02  1.019e+00  
8.453e-02  1.020e+00  
7.252e-02  1.021e+00  
6.075e-02  1.022e+00  
4.920e-02  1.022e+00  
3.788e-02  1.023e+00  
2.678e-02  1.023e+00  
1.591e-02  1.023e+00  
5.243e-03  1.023e+00  
