1.000e+00  4.735e-05  9.729e-05  
9.266e-05  1.000e+00  7.482e-05  
8.327e-05  8.337e-05  1.000e+00  
9.985e-01  3.833e-02  3.858e-02  
9.938e-01  1.058e-01  3.527e-02  
9.888e-01  4.726e-02  1.418e-01  
9.792e-01  2.007e-01  2.864e-02  
9.806e-01  1.009e-01  1.680e-01  
9.751e-01  1.903e-01  1.143e-01  
9.555e-01  4.167e-02  2.919e-01  
9.403e-01  3.395e-01  2.262e-02  
9.581e-01  1.756e-01  2.265e-01  
9.456e-01  2.961e-01  1.346e-01  
9.257e-01  8.510e-02  3.686e-01  
9.161e-01  3.907e-01  9.000e-02  
9.210e-01  1.611e-01  3.545e-01  
9.207e-01  3.081e-01  2.397e-01  
8.605e-01  3.386e-02  5.084e-01  
8.402e-01  5.420e-01  1.747e-02  
8.956e-01  2.939e-01  3.340e-01  
8.689e-01  4.610e-01  1.803e-01  
8.465e-01  1.436e-01  5.127e-01  
8.203e-01  5.624e-01  1.042e-01  
8.460e-01  2.472e-01  4.724e-01  
8.423e-01  4.449e-01  3.043e-01  
7.633e-01  6.636e-02  6.426e-01  
7.496e-01  6.584e-01  6.809e-02  
8.089e-01  3.320e-01  4.852e-01  
7.887e-01  5.446e-01  2.852e-01  
7.288e-01  1.241e-01  6.734e-01  
7.345e-01  6.535e-01  1.829e-01  
7.384e-01  2.454e-01  6.282e-01  
7.541e-01  4.924e-01  4.346e-01  
6.286e-01  2.432e-02  7.774e-01  
6.084e-01  7.935e-01  1.234e-02  
7.170e-01  4.773e-01  5.081e-01  
6.683e-01  6.995e-01  2.530e-01  
6.457e-01  2.221e-01  7.306e-01  
5.999e-01  7.895e-01  1.292e-01  
6.513e-01  3.708e-01  6.621e-01  
6.434e-01  6.445e-01  4.131e-01  
5.475e-01  9.923e-02  8.309e-01  
5.226e-01  8.496e-01  7.165e-02  
6.077e-01  4.680e-01  6.416e-01  
5.774e-01  7.336e-01  3.583e-01  
5.170e-01  1.736e-01  8.382e-01  
5.144e-01  8.310e-01  2.117e-01  
5.294e-01  3.299e-01  7.816e-01  
5.437e-01  6.463e-01  5.354e-01  
4.221e-01  4.416e-02  9.055e-01  
4.099e-01  9.110e-01  4.476e-02  
5.036e-01  5.512e-01  6.652e-01  
4.640e-01  8.161e-01  3.445e-01  
4.249e-01  2.218e-01  8.776e-01  
4.030e-01  8.961e-01  1.860e-01  
4.330e-01  3.955e-01  8.100e-01  
4.357e-01  7.271e-01  5.306e-01  
3.395e-01  7.929e-02  9.373e-01  
3.377e-01  9.342e-01  1.147e-01  
3.940e-01  4.958e-01  7.739e-01  
3.768e-01  8.079e-01  4.531e-01  
3.132e-01  1.532e-01  9.373e-01  
3.265e-01  9.038e-01  2.766e-01  
3.217e-01  3.220e-01  8.904e-01  
3.401e-01  6.854e-01  6.438e-01  
2.422e-01  1.445e-02  9.701e-01  
2.313e-01  9.728e-01  7.464e-03  
3.049e-01  6.626e-01  6.841e-01  
2.658e-01  9.106e-01  3.163e-01  
2.526e-01  2.945e-01  9.216e-01  
2.209e-01  9.641e-01  1.476e-01  
2.496e-01  4.858e-01  8.377e-01  
2.422e-01  8.245e-01  5.114e-01  
1.905e-01  1.292e-01  9.732e-01  
1.739e-01  9.820e-01  7.410e-02  
2.141e-01  5.877e-01  7.802e-01  
1.942e-01  8.874e-01  4.181e-01  
1.641e-01  2.111e-01  9.636e-01  
1.591e-01  9.595e-01  2.325e-01  
1.631e-01  3.959e-01  9.037e-01  
1.647e-01  7.691e-01  6.175e-01  
1.170e-01  5.731e-02  9.915e-01  
1.080e-01  9.933e-01  4.037e-02  
1.365e-01  6.438e-01  7.529e-01  
1.168e-01  9.200e-01  3.741e-01  
1.024e-01  2.569e-01  9.610e-01  
9.079e-02  9.772e-01  1.918e-01  
9.524e-02  4.493e-01  8.883e-01  
9.031e-02  8.134e-01  5.747e-01  
6.402e-02  9.341e-02  9.936e-01  
5.811e-02  9.920e-01  1.118e-01  
6.485e-02  5.510e-01  8.320e-01  
5.130e-02  8.779e-01  4.760e-01  
4.078e-02  1.715e-01  9.843e-01  
3.672e-02  9.592e-01  2.804e-01  
2.951e-02  3.521e-01  9.355e-01  
2.244e-02  7.393e-01  6.731e-01  
1.297e-02  2.396e-02  9.996e-01  
7.933e-03  9.997e-01  2.396e-02  
6.238e-05  6.732e-01  7.394e-01  
