1.000e+00  6.726e-05  1.557e-12  
4.701e-05  1.000e+00  9.619e-05  
8.181e-05  5.025e-05  1.000e+00  
9.985e-01  3.850e-02  3.856e-02  
9.938e-01  1.058e-01  3.522e-02  
9.888e-01  4.725e-02  1.417e-01  
9.792e-01  2.008e-01  2.861e-02  
9.806e-01  1.009e-01  1.681e-01  
9.750e-01  1.904e-01  1.143e-01  
9.555e-01  4.166e-02  2.919e-01  
9.404e-01  3.394e-01  2.256e-02  
9.579e-01  1.762e-01  2.265e-01  
9.456e-01  2.961e-01  1.346e-01  
9.258e-01  8.457e-02  3.686e-01  
9.160e-01  3.908e-01  9.016e-02  
9.210e-01  1.611e-01  3.546e-01  
9.206e-01  3.082e-01  2.397e-01  
8.604e-01  3.377e-02  5.084e-01  
8.403e-01  5.419e-01  1.748e-02  
8.954e-01  2.946e-01  3.339e-01  
8.688e-01  4.611e-01  1.802e-01  
8.465e-01  1.434e-01  5.127e-01  
8.202e-01  5.625e-01  1.041e-01  
8.460e-01  2.474e-01  4.724e-01  
8.423e-01  4.448e-01  3.044e-01  
7.633e-01  6.628e-02  6.427e-01  
7.496e-01  6.584e-01  6.807e-02  
8.088e-01  3.321e-01  4.853e-01  
7.887e-01  5.446e-01  2.853e-01  
7.288e-01  1.245e-01  6.733e-01  
7.345e-01  6.534e-01  1.830e-01  
7.383e-01  2.458e-01  6.281e-01  
7.540e-01  4.925e-01  4.346e-01  
6.285e-01  2.504e-02  7.774e-01  
6.084e-01  7.935e-01  1.258e-02  
7.170e-01  4.773e-01  5.081e-01  
6.683e-01  6.995e-01  2.530e-01  
6.455e-01  2.235e-01  7.303e-01  
6.000e-01  7.895e-01  1.292e-01  
6.510e-01  3.712e-01  6.621e-01  
6.435e-01  6.445e-01  4.130e-01  
5.477e-01  1.006e-01  8.306e-01  
5.226e-01  8.495e-01  7.199e-02  
6.078e-01  4.679e-01  6.416e-01  
5.774e-01  7.336e-01  3.583e-01  
5.170e-01  1.734e-01  8.382e-01  
5.144e-01  8.310e-01  2.118e-01  
5.295e-01  3.299e-01  7.815e-01  
5.437e-01  6.463e-01  5.355e-01  
4.221e-01  4.384e-02  9.055e-01  
4.100e-01  9.110e-01  4.476e-02  
5.038e-01  5.511e-01  6.652e-01  
4.640e-01  8.161e-01  3.445e-01  
4.248e-01  2.230e-01  8.774e-01  
4.029e-01  8.961e-01  1.860e-01  
4.332e-01  3.957e-01  8.098e-01  
4.358e-01  7.270e-01  5.306e-01  
3.396e-01  7.933e-02  9.372e-01  
3.378e-01  9.342e-01  1.147e-01  
3.939e-01  4.959e-01  7.739e-01  
3.768e-01  8.079e-01  4.532e-01  
3.136e-01  1.526e-01  9.372e-01  
3.267e-01  9.037e-01  2.766e-01  
3.227e-01  3.218e-01  8.901e-01  
3.400e-01  6.854e-01  6.439e-01  
2.422e-01  9.649e-03  9.702e-01  
2.313e-01  9.728e-01  7.656e-03  
3.045e-01  6.628e-01  6.841e-01  
2.661e-01  9.106e-01  3.163e-01  
2.527e-01  2.943e-01  9.217e-01  
2.209e-01  9.640e-01  1.476e-01  
2.514e-01  4.853e-01  8.374e-01  
2.423e-01  8.245e-01  5.114e-01  
1.907e-01  1.292e-01  9.731e-01  
1.739e-01  9.820e-01  7.424e-02  
2.134e-01  5.877e-01  7.804e-01  
1.942e-01  8.874e-01  4.182e-01  
1.645e-01  2.111e-01  9.635e-01  
1.590e-01  9.594e-01  2.328e-01  
1.637e-01  3.958e-01  9.036e-01  
1.647e-01  7.692e-01  6.175e-01  
1.169e-01  5.720e-02  9.915e-01  
1.081e-01  9.933e-01  4.029e-02  
1.354e-01  6.439e-01  7.530e-01  
1.177e-01  9.199e-01  3.740e-01  
1.002e-01  2.570e-01  9.612e-01  
9.090e-02  9.773e-01  1.916e-01  
9.542e-02  4.494e-01  8.882e-01  
9.022e-02  8.133e-01  5.747e-01  
6.398e-02  9.338e-02  9.936e-01  
5.837e-02  9.920e-01  1.121e-01  
6.111e-02  5.512e-01  8.322e-01  
5.556e-02  8.778e-01  4.759e-01  
3.752e-02  1.716e-01  9.845e-01  
3.651e-02  9.590e-01  2.809e-01  
3.072e-02  3.520e-01  9.355e-01  
4.008e-03  7.394e-01  6.732e-01  
1.232e-02  2.348e-02  9.996e-01  
7.959e-03  9.997e-01  2.399e-02  
3.651e-03  6.732e-01  7.394e-01  
