7.016e+02  2.523e-02  5.024e-02  
6.003e-03  7.031e+02  6.135e-02  
8.024e-03  2.346e-03  7.030e+02  
6.560e+02  2.440e+01  2.522e+01  
6.199e+02  6.341e+01  2.165e+01  
5.926e+02  2.842e+01  8.449e+01  
5.702e+02  1.159e+02  1.639e+01  
5.537e+02  5.620e+01  9.524e+01  
5.385e+02  1.044e+02  6.325e+01  
5.224e+02  1.979e+01  1.599e+02  
5.149e+02  1.824e+02  8.537e+00  
4.944e+02  9.068e+01  1.170e+02  
4.827e+02  1.511e+02  6.890e+01  
4.709e+02  4.209e+01  1.880e+02  
4.691e+02  1.973e+02  4.546e+01  
4.513e+02  7.858e+01  1.732e+02  
4.391e+02  1.473e+02  1.143e+02  
4.321e+02  1.637e+01  2.533e+02  
4.250e+02  2.737e+02  8.554e+00  
4.165e+02  1.363e+02  1.534e+02  
4.077e+02  2.161e+02  8.395e+01  
3.932e+02  6.761e+01  2.412e+02  
3.918e+02  2.648e+02  4.973e+01  
3.825e+02  1.100e+02  2.099e+02  
3.746e+02  1.985e+02  1.354e+02  
3.636e+02  3.049e+01  3.090e+02  
3.598e+02  3.182e+02  3.075e+01  
3.498e+02  1.427e+02  2.099e+02  
3.501e+02  2.404e+02  1.262e+02  
3.377e+02  5.770e+01  3.100e+02  
3.319e+02  2.935e+02  8.201e+01  
3.242e+02  1.061e+02  2.748e+02  
3.178e+02  2.047e+02  1.832e+02  
3.106e+02  1.177e+01  3.807e+02  
3.054e+02  3.961e+02  6.197e+00  
2.953e+02  1.978e+02  2.101e+02  
2.952e+02  3.069e+02  1.097e+02  
2.821e+02  9.895e+01  3.232e+02  
2.799e+02  3.696e+02  6.005e+01  
2.727e+02  1.545e+02  2.772e+02  
2.660e+02  2.694e+02  1.730e+02  
2.644e+02  4.457e+01  4.000e+02  
2.566e+02  4.169e+02  3.507e+01  
2.462e+02  1.945e+02  2.665e+02  
2.458e+02  3.105e+02  1.502e+02  
2.411e+02  7.892e+01  3.880e+02  
2.332e+02  3.785e+02  9.650e+01  
2.263e+02  1.424e+02  3.345e+02  
2.212e+02  2.651e+02  2.197e+02  
2.181e+02  1.990e+01  4.679e+02  
2.121e+02  4.733e+02  2.325e+01  
2.078e+02  2.240e+02  2.747e+02  
2.029e+02  3.569e+02  1.492e+02  
1.967e+02  1.026e+02  4.087e+02  
1.919e+02  4.277e+02  8.875e+01  
1.848e+02  1.709e+02  3.491e+02  
1.819e+02  3.035e+02  2.193e+02  
1.696e+02  3.928e+01  4.970e+02  
1.729e+02  4.782e+02  5.711e+01  
1.660e+02  2.106e+02  3.280e+02  
1.621e+02  3.497e+02  1.956e+02  
1.574e+02  7.607e+01  4.738e+02  
1.523e+02  4.257e+02  1.298e+02  
1.498e+02  1.487e+02  4.132e+02  
1.405e+02  2.911e+02  2.746e+02  
1.406e+02  5.327e+00  5.600e+02  
1.339e+02  5.687e+02  6.130e-02  
1.309e+02  2.826e+02  2.913e+02  
1.263e+02  4.332e+02  1.491e+02  
1.168e+02  1.431e+02  4.470e+02  
1.173e+02  5.117e+02  7.840e+01  
1.144e+02  2.202e+02  3.806e+02  
1.085e+02  3.723e+02  2.277e+02  
9.965e+01  7.127e+01  5.376e+02  
9.924e+01  5.662e+02  4.225e+01  
9.552e+01  2.620e+02  3.467e+02  
9.157e+01  4.191e+02  1.973e+02  
8.679e+01  1.101e+02  5.106e+02  
8.318e+01  5.014e+02  1.218e+02  
7.213e+01  1.928e+02  4.394e+02  
7.077e+01  3.511e+02  2.833e+02  
7.065e+01  3.470e+01  6.063e+02  
6.663e+01  6.178e+02  2.401e+01  
6.114e+01  2.967e+02  3.470e+02  
5.843e+01  4.632e+02  1.873e+02  
5.254e+01  1.380e+02  5.163e+02  
4.982e+01  5.519e+02  1.086e+02  
4.400e+01  2.209e+02  4.393e+02  
4.282e+01  3.888e+02  2.746e+02  
3.726e+01  5.674e+01  6.099e+02  
3.542e+01  6.047e+02  6.796e+01  
2.967e+01  2.694e+02  4.070e+02  
2.696e+01  4.417e+02  2.396e+02  
2.226e+01  1.008e+02  5.802e+02  
2.039e+01  5.341e+02  1.541e+02  
1.193e+01  1.885e+02  5.044e+02  
1.280e+01  3.675e+02  3.330e+02  
8.400e+00  1.337e+01  6.843e+02  
5.882e-03  6.890e+02  1.645e+01  
2.881e-03  3.374e+02  3.721e+02  
