1.000e+00  9.456e-05  8.584e-05  
9.277e-05  1.000e+00  9.635e-05  
8.550e-05  7.458e-05  1.000e+00  
9.985e-01  3.860e-02  3.861e-02  
9.938e-01  1.058e-01  3.515e-02  
9.888e-01  4.721e-02  1.418e-01  
9.792e-01  2.008e-01  2.869e-02  
9.806e-01  1.009e-01  1.682e-01  
9.750e-01  1.905e-01  1.143e-01  
9.555e-01  4.170e-02  2.920e-01  
9.403e-01  3.395e-01  2.245e-02  
9.579e-01  1.762e-01  2.265e-01  
9.457e-01  2.959e-01  1.346e-01  
9.256e-01  8.505e-02  3.687e-01  
9.161e-01  3.908e-01  9.002e-02  
9.210e-01  1.611e-01  3.546e-01  
9.207e-01  3.081e-01  2.396e-01  
8.604e-01  3.387e-02  5.085e-01  
8.402e-01  5.420e-01  1.746e-02  
8.954e-01  2.946e-01  3.339e-01  
8.688e-01  4.611e-01  1.804e-01  
8.465e-01  1.435e-01  5.127e-01  
8.202e-01  5.625e-01  1.041e-01  
8.460e-01  2.473e-01  4.723e-01  
8.423e-01  4.449e-01  3.044e-01  
7.633e-01  6.604e-02  6.427e-01  
7.496e-01  6.584e-01  6.810e-02  
8.089e-01  3.320e-01  4.852e-01  
7.887e-01  5.445e-01  2.853e-01  
7.288e-01  1.246e-01  6.733e-01  
7.345e-01  6.535e-01  1.830e-01  
7.383e-01  2.458e-01  6.281e-01  
7.540e-01  4.925e-01  4.346e-01  
6.286e-01  2.497e-02  7.774e-01  
6.084e-01  7.935e-01  1.258e-02  
7.170e-01  4.772e-01  5.081e-01  
6.683e-01  6.995e-01  2.530e-01  
6.457e-01  2.221e-01  7.306e-01  
5.999e-01  7.895e-01  1.291e-01  
6.512e-01  3.712e-01  6.620e-01  
6.434e-01  6.445e-01  4.131e-01  
5.476e-01  1.007e-01  8.307e-01  
5.226e-01  8.496e-01  7.197e-02  
6.077e-01  4.682e-01  6.415e-01  
5.774e-01  7.336e-01  3.583e-01  
5.169e-01  1.738e-01  8.382e-01  
5.144e-01  8.310e-01  2.118e-01  
5.294e-01  3.300e-01  7.816e-01  
5.438e-01  6.463e-01  5.354e-01  
4.220e-01  4.430e-02  9.055e-01  
4.100e-01  9.110e-01  4.475e-02  
5.028e-01  5.515e-01  6.656e-01  
4.641e-01  8.161e-01  3.445e-01  
4.249e-01  2.233e-01  8.773e-01  
4.029e-01  8.961e-01  1.860e-01  
4.331e-01  3.956e-01  8.099e-01  
4.357e-01  7.271e-01  5.306e-01  
3.396e-01  7.919e-02  9.372e-01  
3.378e-01  9.342e-01  1.147e-01  
3.941e-01  4.955e-01  7.741e-01  
3.768e-01  8.079e-01  4.531e-01  
3.136e-01  1.529e-01  9.372e-01  
3.267e-01  9.037e-01  2.766e-01  
3.228e-01  3.207e-01  8.905e-01  
3.400e-01  6.854e-01  6.439e-01  
2.421e-01  1.031e-02  9.702e-01  
2.313e-01  9.728e-01  7.610e-03  
3.049e-01  6.626e-01  6.841e-01  
2.661e-01  9.106e-01  3.163e-01  
2.527e-01  2.941e-01  9.218e-01  
2.209e-01  9.640e-01  1.476e-01  
2.501e-01  4.859e-01  8.375e-01  
2.408e-01  8.248e-01  5.116e-01  
1.907e-01  1.288e-01  9.732e-01  
1.740e-01  9.819e-01  7.422e-02  
2.142e-01  5.878e-01  7.802e-01  
1.938e-01  8.874e-01  4.182e-01  
1.656e-01  2.109e-01  9.634e-01  
1.591e-01  9.594e-01  2.329e-01  
1.635e-01  3.959e-01  9.036e-01  
1.644e-01  7.692e-01  6.175e-01  
1.170e-01  5.704e-02  9.915e-01  
1.081e-01  9.933e-01  4.035e-02  
1.365e-01  6.438e-01  7.529e-01  
1.173e-01  9.200e-01  3.741e-01  
1.026e-01  2.568e-01  9.610e-01  
9.096e-02  9.772e-01  1.917e-01  
9.525e-02  4.493e-01  8.883e-01  
9.040e-02  8.133e-01  5.747e-01  
6.407e-02  9.294e-02  9.936e-01  
5.837e-02  9.920e-01  1.121e-01  
6.453e-02  5.510e-01  8.320e-01  
5.525e-02  8.778e-01  4.758e-01  
3.995e-02  1.714e-01  9.844e-01  
3.665e-02  9.590e-01  2.809e-01  
3.095e-02  3.520e-01  9.355e-01  
2.513e-02  7.392e-01  6.730e-01  
1.273e-02  2.399e-02  9.996e-01  
7.882e-03  9.997e-01  2.375e-02  
3.585e-03  6.732e-01  7.394e-01  
