7.648e+02  4.413e-03  
5.845e-02  7.623e+02  
7.619e+02  3.845e+00  
7.540e+02  1.172e+01  
7.476e+02  1.954e+01  
7.385e+02  2.655e+01  
7.318e+02  3.430e+01  
7.232e+02  4.282e+01  
7.148e+02  5.075e+01  
7.076e+02  5.853e+01  
7.005e+02  6.593e+01  
6.904e+02  7.406e+01  
6.840e+02  8.057e+01  
6.761e+02  8.964e+01  
6.687e+02  9.770e+01  
6.596e+02  1.053e+02  
6.525e+02  1.132e+02  
6.454e+02  1.211e+02  
6.362e+02  1.287e+02  
6.293e+02  1.366e+02  
6.213e+02  1.445e+02  
6.125e+02  1.521e+02  
6.052e+02  1.592e+02  
5.977e+02  1.680e+02  
5.894e+02  1.756e+02  
5.817e+02  1.833e+02  
5.745e+02  1.915e+02  
5.660e+02  1.989e+02  
5.595e+02  2.052e+02  
5.505e+02  2.151e+02  
5.435e+02  2.229e+02  
5.343e+02  2.304e+02  
5.268e+02  2.381e+02  
5.208e+02  2.466e+02  
5.136e+02  2.546e+02  
5.056e+02  2.619e+02  
4.959e+02  2.692e+02  
4.893e+02  2.778e+02  
4.818e+02  2.860e+02  
4.725e+02  2.932e+02  
4.652e+02  3.009e+02  
4.580e+02  3.093e+02  
4.479e+02  3.160e+02  
4.428e+02  3.251e+02  
4.340e+02  3.324e+02  
4.264e+02  3.390e+02  
4.186e+02  3.480e+02  
4.106e+02  3.557e+02  
4.012e+02  3.641e+02  
3.943e+02  3.719e+02  
3.870e+02  3.795e+02  
3.803e+02  3.867e+02  
3.717e+02  3.946e+02  
3.639e+02  4.033e+02  
3.557e+02  4.113e+02  
3.481e+02  4.187e+02  
3.397e+02  4.256e+02  
3.326e+02  4.342e+02  
3.241e+02  4.422e+02  
3.159e+02  4.488e+02  
3.086e+02  4.579e+02  
3.002e+02  4.656e+02  
2.921e+02  4.717e+02  
2.853e+02  4.811e+02  
2.764e+02  4.883e+02  
2.696e+02  4.964e+02  
2.616e+02  5.037e+02  
2.529e+02  5.111e+02  
2.450e+02  5.186e+02  
2.379e+02  5.266e+02  
2.276e+02  5.355e+02  
2.221e+02  5.421e+02  
2.141e+02  5.493e+02  
2.068e+02  5.582e+02  
1.985e+02  5.658e+02  
1.906e+02  5.738e+02  
1.829e+02  5.804e+02  
1.751e+02  5.882e+02  
1.667e+02  5.957e+02  
1.598e+02  6.038e+02  
1.519e+02  6.117e+02  
1.438e+02  6.193e+02  
1.358e+02  6.259e+02  
1.286e+02  6.356e+02  
1.206e+02  6.420e+02  
1.130e+02  6.505e+02  
1.048e+02  6.588e+02  
9.718e+01  6.665e+02  
8.961e+01  6.731e+02  
8.185e+01  6.824e+02  
7.360e+01  6.897e+02  
6.607e+01  6.975e+02  
5.849e+01  7.054e+02  
5.046e+01  7.126e+02  
4.282e+01  7.203e+02  
3.467e+01  7.284e+02  
2.704e+01  7.364e+02  
1.929e+01  7.430e+02  
1.128e+01  7.514e+02  
3.619e+00  7.594e+02  
