2.622e+00  3.043e-05  
2.574e-05  2.622e+00  
2.622e+00  1.344e-02  
2.622e+00  4.069e-02  
2.621e+00  6.857e-02  
2.620e+00  9.704e-02  
2.619e+00  1.260e-01  
2.617e+00  1.556e-01  
2.615e+00  1.858e-01  
2.613e+00  2.165e-01  
2.610e+00  2.479e-01  
2.607e+00  2.798e-01  
2.603e+00  3.124e-01  
2.599e+00  3.455e-01  
2.594e+00  3.793e-01  
2.589e+00  4.137e-01  
2.583e+00  4.486e-01  
2.577e+00  4.841e-01  
2.570e+00  5.203e-01  
2.562e+00  5.570e-01  
2.554e+00  5.943e-01  
2.545e+00  6.321e-01  
2.535e+00  6.705e-01  
2.524e+00  7.094e-01  
2.513e+00  7.488e-01  
2.501e+00  7.888e-01  
2.487e+00  8.291e-01  
2.473e+00  8.700e-01  
2.459e+00  9.112e-01  
2.443e+00  9.528e-01  
2.426e+00  9.948e-01  
2.408e+00  1.037e+00  
2.389e+00  1.080e+00  
2.370e+00  1.122e+00  
2.349e+00  1.165e+00  
2.327e+00  1.209e+00  
2.304e+00  1.252e+00  
2.280e+00  1.295e+00  
2.255e+00  1.338e+00  
2.229e+00  1.381e+00  
2.201e+00  1.424e+00  
2.173e+00  1.467e+00  
2.144e+00  1.510e+00  
2.113e+00  1.552e+00  
2.082e+00  1.594e+00  
2.049e+00  1.636e+00  
2.016e+00  1.677e+00  
1.981e+00  1.717e+00  
1.946e+00  1.757e+00  
1.910e+00  1.796e+00  
1.873e+00  1.835e+00  
1.835e+00  1.873e+00  
1.796e+00  1.910e+00  
1.757e+00  1.946e+00  
1.717e+00  1.981e+00  
1.677e+00  2.016e+00  
1.636e+00  2.049e+00  
1.594e+00  2.082e+00  
1.552e+00  2.113e+00  
1.510e+00  2.144e+00  
1.467e+00  2.173e+00  
1.424e+00  2.201e+00  
1.381e+00  2.229e+00  
1.338e+00  2.255e+00  
1.295e+00  2.280e+00  
1.252e+00  2.304e+00  
1.209e+00  2.327e+00  
1.165e+00  2.349e+00  
1.122e+00  2.370e+00  
1.080e+00  2.389e+00  
1.037e+00  2.408e+00  
9.948e-01  2.426e+00  
9.528e-01  2.443e+00  
9.112e-01  2.459e+00  
8.700e-01  2.473e+00  
8.291e-01  2.487e+00  
7.888e-01  2.501e+00  
7.488e-01  2.513e+00  
7.094e-01  2.524e+00  
6.705e-01  2.535e+00  
6.321e-01  2.545e+00  
5.943e-01  2.554e+00  
5.570e-01  2.562e+00  
5.203e-01  2.570e+00  
4.841e-01  2.577e+00  
4.486e-01  2.583e+00  
4.136e-01  2.589e+00  
3.793e-01  2.594e+00  
3.455e-01  2.599e+00  
3.124e-01  2.603e+00  
2.798e-01  2.607e+00  
2.479e-01  2.610e+00  
2.165e-01  2.613e+00  
1.858e-01  2.615e+00  
1.556e-01  2.617e+00  
1.260e-01  2.619e+00  
9.704e-02  2.620e+00  
6.861e-02  2.621e+00  
4.070e-02  2.622e+00  
1.344e-02  2.622e+00  
