1.538e+02  4.265e-03  
9.311e-05  1.536e+02  
1.538e+02  4.265e-03  
1.538e+02  4.265e-03  
1.538e+02  4.265e-03  
1.538e+02  5.449e+00  
1.538e+02  5.449e+00  
1.536e+02  8.979e+00  
1.536e+02  1.090e+01  
1.534e+02  1.224e+01  
1.533e+02  1.438e+01  
1.530e+02  1.642e+01  
1.528e+02  1.804e+01  
1.526e+02  1.999e+01  
1.523e+02  2.215e+01  
1.520e+02  2.410e+01  
1.517e+02  2.547e+01  
1.513e+02  2.840e+01  
1.509e+02  3.045e+01  
1.504e+02  3.261e+01  
1.500e+02  3.491e+01  
1.496e+02  3.686e+01  
1.490e+02  3.928e+01  
1.484e+02  4.140e+01  
1.478e+02  4.401e+01  
1.471e+02  4.555e+01  
1.464e+02  4.813e+01  
1.453e+02  5.100e+01  
1.447e+02  5.330e+01  
1.438e+02  5.522e+01  
1.427e+02  5.831e+01  
1.415e+02  6.102e+01  
1.404e+02  6.292e+01  
1.393e+02  6.573e+01  
1.379e+02  6.841e+01  
1.369e+02  7.039e+01  
1.354e+02  7.352e+01  
1.339e+02  7.611e+01  
1.327e+02  7.871e+01  
1.315e+02  8.138e+01  
1.295e+02  8.341e+01  
1.279e+02  8.594e+01  
1.263e+02  8.893e+01  
1.243e+02  9.132e+01  
1.225e+02  9.378e+01  
1.206e+02  9.616e+01  
1.186e+02  9.841e+01  
1.163e+02  1.007e+02  
1.143e+02  1.031e+02  
1.124e+02  1.057e+02  
1.102e+02  1.079e+02  
1.083e+02  1.101e+02  
1.055e+02  1.124e+02  
1.034e+02  1.145e+02  
1.007e+02  1.167e+02  
9.860e+01  1.183e+02  
9.611e+01  1.208e+02  
9.333e+01  1.226e+02  
9.152e+01  1.244e+02  
8.904e+01  1.262e+02  
8.594e+01  1.277e+02  
8.379e+01  1.295e+02  
8.118e+01  1.309e+02  
7.875e+01  1.325e+02  
7.583e+01  1.342e+02  
7.305e+01  1.358e+02  
7.096e+01  1.367e+02  
6.858e+01  1.380e+02  
6.607e+01  1.391e+02  
6.306e+01  1.401e+02  
6.096e+01  1.415e+02  
5.783e+01  1.426e+02  
5.588e+01  1.434e+02  
5.342e+01  1.446e+02  
5.034e+01  1.454e+02  
4.863e+01  1.459e+02  
4.590e+01  1.468e+02  
4.385e+01  1.473e+02  
4.107e+01  1.481e+02  
3.895e+01  1.488e+02  
3.692e+01  1.493e+02  
3.478e+01  1.497e+02  
3.235e+01  1.503e+02  
2.995e+01  1.507e+02  
2.820e+01  1.511e+02  
2.618e+01  1.515e+02  
2.401e+01  1.517e+02  
2.217e+01  1.521e+02  
1.966e+01  1.523e+02  
1.823e+01  1.526e+02  
1.615e+01  1.528e+02  
1.453e+01  1.529e+02  
9.959e+00  1.533e+02  
9.959e+00  1.533e+02  
7.809e+00  1.534e+02  
5.712e+00  1.536e+02  
1.628e+00  1.536e+02  
1.628e+00  1.536e+02  
9.314e-05  1.537e+02  
9.311e-05  1.536e+02  
