1.000e+00  7.936e-05  5.548e-05  
9.938e-05  1.000e+00  7.229e-05  
1.177e-05  6.914e-05  1.000e+00  
9.985e-01  3.855e-02  3.852e-02  
9.938e-01  1.058e-01  3.516e-02  
9.888e-01  4.724e-02  1.418e-01  
9.792e-01  2.009e-01  2.869e-02  
9.806e-01  1.009e-01  1.681e-01  
9.751e-01  1.904e-01  1.140e-01  
9.555e-01  4.169e-02  2.920e-01  
9.404e-01  3.394e-01  2.251e-02  
9.579e-01  1.761e-01  2.265e-01  
9.456e-01  2.961e-01  1.346e-01  
9.257e-01  8.497e-02  3.686e-01  
9.161e-01  3.906e-01  9.014e-02  
9.210e-01  1.612e-01  3.546e-01  
9.207e-01  3.081e-01  2.396e-01  
8.604e-01  3.345e-02  5.085e-01  
8.402e-01  5.420e-01  1.743e-02  
8.954e-01  2.946e-01  3.339e-01  
8.688e-01  4.611e-01  1.804e-01  
8.465e-01  1.434e-01  5.127e-01  
8.202e-01  5.625e-01  1.041e-01  
8.460e-01  2.474e-01  4.724e-01  
8.423e-01  4.449e-01  3.043e-01  
7.633e-01  6.640e-02  6.427e-01  
7.495e-01  6.584e-01  6.806e-02  
8.089e-01  3.320e-01  4.852e-01  
7.887e-01  5.446e-01  2.852e-01  
7.287e-01  1.247e-01  6.734e-01  
7.345e-01  6.535e-01  1.830e-01  
7.383e-01  2.457e-01  6.281e-01  
7.540e-01  4.925e-01  4.346e-01  
6.286e-01  2.505e-02  7.773e-01  
6.084e-01  7.935e-01  1.238e-02  
7.170e-01  4.772e-01  5.081e-01  
6.684e-01  6.994e-01  2.530e-01  
6.456e-01  2.229e-01  7.304e-01  
5.999e-01  7.895e-01  1.292e-01  
6.512e-01  3.713e-01  6.619e-01  
6.434e-01  6.444e-01  4.132e-01  
5.477e-01  1.006e-01  8.306e-01  
5.226e-01  8.496e-01  7.190e-02  
6.077e-01  4.681e-01  6.416e-01  
5.775e-01  7.336e-01  3.583e-01  
5.170e-01  1.730e-01  8.383e-01  
5.144e-01  8.310e-01  2.118e-01  
5.295e-01  3.299e-01  7.815e-01  
5.438e-01  6.461e-01  5.356e-01  
4.221e-01  4.442e-02  9.055e-01  
4.100e-01  9.110e-01  4.471e-02  
5.037e-01  5.512e-01  6.652e-01  
4.641e-01  8.160e-01  3.445e-01  
4.249e-01  2.234e-01  8.773e-01  
4.029e-01  8.961e-01  1.860e-01  
4.330e-01  3.955e-01  8.100e-01  
4.358e-01  7.270e-01  5.306e-01  
3.396e-01  7.895e-02  9.372e-01  
3.378e-01  9.342e-01  1.147e-01  
3.938e-01  4.956e-01  7.742e-01  
3.768e-01  8.079e-01  4.532e-01  
3.137e-01  1.532e-01  9.371e-01  
3.267e-01  9.037e-01  2.766e-01  
3.222e-01  3.220e-01  8.902e-01  
3.401e-01  6.854e-01  6.439e-01  
2.421e-01  1.045e-02  9.702e-01  
2.313e-01  9.728e-01  7.654e-03  
3.048e-01  6.629e-01  6.839e-01  
2.661e-01  9.106e-01  3.162e-01  
2.524e-01  2.945e-01  9.217e-01  
2.210e-01  9.640e-01  1.476e-01  
2.510e-01  4.857e-01  8.373e-01  
2.423e-01  8.245e-01  5.114e-01  
1.900e-01  1.291e-01  9.733e-01  
1.740e-01  9.819e-01  7.426e-02  
2.142e-01  5.878e-01  7.802e-01  
1.942e-01  8.874e-01  4.182e-01  
1.656e-01  2.109e-01  9.634e-01  
1.591e-01  9.594e-01  2.328e-01  
1.631e-01  3.959e-01  9.037e-01  
1.646e-01  7.692e-01  6.174e-01  
1.170e-01  5.716e-02  9.915e-01  
1.080e-01  9.933e-01  4.036e-02  
1.365e-01  6.438e-01  7.529e-01  
1.177e-01  9.199e-01  3.740e-01  
1.021e-01  2.569e-01  9.610e-01  
9.094e-02  9.772e-01  1.917e-01  
9.546e-02  4.493e-01  8.882e-01  
9.033e-02  8.133e-01  5.748e-01  
6.361e-02  9.340e-02  9.936e-01  
5.832e-02  9.920e-01  1.120e-01  
6.469e-02  5.509e-01  8.321e-01  
5.555e-02  8.778e-01  4.758e-01  
3.901e-02  1.714e-01  9.844e-01  
3.666e-02  9.590e-01  2.809e-01  
2.833e-02  3.519e-01  9.356e-01  
2.614e-02  7.393e-01  6.729e-01  
1.342e-02  2.394e-02  9.996e-01  
7.928e-03  9.997e-01  2.399e-02  
1.030e-03  6.732e-01  7.394e-01  
