1.811e+01  7.263e-06  
7.246e-04  1.806e+01  
1.801e+01  8.741e-02  
1.795e+01  2.025e-01  
1.770e+01  4.588e-01  
1.754e+01  6.024e-01  
1.730e+01  8.104e-01  
1.717e+01  9.866e-01  
1.694e+01  1.176e+00  
1.675e+01  1.385e+00  
1.657e+01  1.573e+00  
1.642e+01  1.736e+00  
1.625e+01  1.899e+00  
1.602e+01  2.124e+00  
1.583e+01  2.274e+00  
1.569e+01  2.451e+00  
1.547e+01  2.663e+00  
1.532e+01  2.838e+00  
1.511e+01  2.983e+00  
1.498e+01  3.234e+00  
1.473e+01  3.427e+00  
1.460e+01  3.511e+00  
1.436e+01  3.789e+00  
1.417e+01  3.974e+00  
1.407e+01  4.148e+00  
1.380e+01  4.366e+00  
1.369e+01  4.526e+00  
1.344e+01  4.748e+00  
1.327e+01  4.891e+00  
1.310e+01  5.105e+00  
1.292e+01  5.288e+00  
1.275e+01  5.450e+00  
1.255e+01  5.635e+00  
1.239e+01  5.833e+00  
1.218e+01  6.079e+00  
1.196e+01  6.221e+00  
1.177e+01  6.440e+00  
1.160e+01  6.601e+00  
1.144e+01  6.823e+00  
1.132e+01  6.897e+00  
1.110e+01  7.173e+00  
1.087e+01  7.289e+00  
1.074e+01  7.579e+00  
1.053e+01  7.726e+00  
1.037e+01  7.912e+00  
1.015e+01  8.049e+00  
9.981e+00  8.247e+00  
9.799e+00  8.400e+00  
9.590e+00  8.639e+00  
9.335e+00  8.831e+00  
9.258e+00  9.030e+00  
9.041e+00  9.224e+00  
8.851e+00  9.418e+00  
8.685e+00  9.510e+00  
8.499e+00  9.770e+00  
8.259e+00  9.927e+00  
8.070e+00  1.011e+01  
7.913e+00  1.036e+01  
7.684e+00  1.055e+01  
7.445e+00  1.070e+01  
7.345e+00  1.087e+01  
7.180e+00  1.110e+01  
6.946e+00  1.122e+01  
6.755e+00  1.143e+01  
6.566e+00  1.159e+01  
6.380e+00  1.180e+01  
6.197e+00  1.204e+01  
6.055e+00  1.217e+01  
5.798e+00  1.231e+01  
5.627e+00  1.257e+01  
5.472e+00  1.275e+01  
5.283e+00  1.288e+01  
5.076e+00  1.313e+01  
4.899e+00  1.331e+01  
4.683e+00  1.343e+01  
4.504e+00  1.357e+01  
4.287e+00  1.385e+01  
4.146e+00  1.394e+01  
3.982e+00  1.417e+01  
3.805e+00  1.442e+01  
3.585e+00  1.454e+01  
3.410e+00  1.468e+01  
3.181e+00  1.491e+01  
3.044e+00  1.507e+01  
2.790e+00  1.531e+01  
2.672e+00  1.539e+01  
2.483e+00  1.567e+01  
2.311e+00  1.580e+01  
2.089e+00  1.602e+01  
1.939e+00  1.613e+01  
1.735e+00  1.639e+01  
1.565e+00  1.652e+01  
1.279e+00  1.681e+01  
1.196e+00  1.695e+01  
9.997e-01  1.707e+01  
8.306e-01  1.730e+01  
6.066e-01  1.744e+01  
4.344e-01  1.764e+01  
2.327e-01  1.787e+01  
7.246e-04  1.806e+01  
