1.000e+00  2.941e-07  1.123e-06  
1.579e-07  1.000e+00  1.699e-06  
1.287e-10  1.517e-10  1.000e+00  
9.988e-01  3.757e-02  3.355e-02  
9.940e-01  1.059e-01  3.358e-02  
9.891e-01  4.337e-02  1.411e-01  
9.794e-01  2.008e-01  2.048e-02  
9.806e-01  1.008e-01  1.682e-01  
9.754e-01  1.905e-01  1.112e-01  
9.557e-01  3.979e-02  2.917e-01  
9.406e-01  3.395e-01  1.123e-06  
9.587e-01  1.747e-01  2.245e-01  
9.464e-01  2.937e-01  1.341e-01  
9.258e-01  8.255e-02  3.689e-01  
9.165e-01  3.909e-01  8.831e-02  
9.211e-01  1.609e-01  3.545e-01  
9.218e-01  3.051e-01  2.393e-01  
8.607e-01  3.262e-02  5.081e-01  
8.403e-01  5.421e-01  1.123e-06  
8.955e-01  2.946e-01  3.338e-01  
8.690e-01  4.608e-01  1.804e-01  
8.467e-01  1.411e-01  5.130e-01  
8.204e-01  5.626e-01  1.020e-01  
8.465e-01  2.446e-01  4.728e-01  
8.424e-01  4.449e-01  3.040e-01  
7.639e-01  5.473e-02  6.433e-01  
7.497e-01  6.584e-01  6.753e-02  
8.090e-01  3.318e-01  4.852e-01  
7.885e-01  5.448e-01  2.854e-01  
7.288e-01  1.247e-01  6.732e-01  
7.348e-01  6.536e-01  1.812e-01  
7.383e-01  2.458e-01  6.281e-01  
7.556e-01  4.896e-01  4.352e-01  
6.286e-01  2.485e-02  7.774e-01  
6.085e-01  7.936e-01  1.123e-06  
7.170e-01  4.773e-01  5.081e-01  
6.684e-01  6.995e-01  2.530e-01  
6.459e-01  2.231e-01  7.301e-01  
5.999e-01  7.896e-01  1.292e-01  
6.512e-01  3.713e-01  6.619e-01  
6.435e-01  6.443e-01  4.132e-01  
5.480e-01  9.514e-02  8.310e-01  
5.226e-01  8.499e-01  6.838e-02  
6.077e-01  4.682e-01  6.415e-01  
5.775e-01  7.337e-01  3.582e-01  
5.171e-01  1.722e-01  8.384e-01  
5.144e-01  8.310e-01  2.117e-01  
5.295e-01  3.296e-01  7.817e-01  
5.438e-01  6.462e-01  5.355e-01  
4.221e-01  4.338e-02  9.055e-01  
4.094e-01  9.113e-01  4.426e-02  
5.039e-01  5.508e-01  6.653e-01  
4.640e-01  8.161e-01  3.444e-01  
4.240e-01  2.237e-01  8.776e-01  
4.027e-01  8.963e-01  1.858e-01  
4.329e-01  3.956e-01  8.100e-01  
4.358e-01  7.270e-01  5.306e-01  
3.398e-01  7.943e-02  9.371e-01  
3.373e-01  9.347e-01  1.123e-01  
3.940e-01  4.956e-01  7.740e-01  
3.766e-01  8.079e-01  4.533e-01  
3.136e-01  1.530e-01  9.371e-01  
3.260e-01  9.041e-01  2.764e-01  
3.225e-01  3.219e-01  8.901e-01  
3.401e-01  6.854e-01  6.438e-01  
2.420e-01  1.008e-02  9.702e-01  
2.313e-01  9.729e-01  1.699e-06  
3.008e-01  6.637e-01  6.848e-01  
2.661e-01  9.106e-01  3.162e-01  
2.515e-01  2.946e-01  9.219e-01  
2.197e-01  9.651e-01  1.476e-01  
2.506e-01  4.860e-01  8.373e-01  
2.411e-01  8.248e-01  5.115e-01  
1.906e-01  1.290e-01  9.731e-01  
1.738e-01  9.820e-01  7.418e-02  
2.143e-01  5.878e-01  7.801e-01  
1.941e-01  8.874e-01  4.181e-01  
1.656e-01  2.110e-01  9.634e-01  
1.590e-01  9.595e-01  2.325e-01  
1.636e-01  3.959e-01  9.036e-01  
1.632e-01  7.694e-01  6.176e-01  
1.170e-01  5.709e-02  9.915e-01  
1.065e-01  9.935e-01  4.030e-02  
1.352e-01  6.439e-01  7.531e-01  
1.176e-01  9.200e-01  3.739e-01  
1.006e-01  2.566e-01  9.613e-01  
9.092e-02  9.773e-01  1.916e-01  
9.532e-02  4.494e-01  8.883e-01  
9.025e-02  8.139e-01  5.740e-01  
6.385e-02  9.305e-02  9.936e-01  
5.828e-02  9.920e-01  1.116e-01  
4.457e-02  5.517e-01  8.329e-01  
5.159e-02  8.782e-01  4.756e-01  
3.820e-02  1.712e-01  9.845e-01  
1.937e-02  9.597e-01  2.806e-01  
2.398e-02  3.520e-01  9.357e-01  
1.595e-02  7.393e-01  6.732e-01  
1.177e-02  2.348e-02  9.997e-01  
7.544e-03  9.997e-01  2.309e-02  
1.063e-07  6.731e-01  7.396e-01  
