3.840e+01  3.635e-05  
1.058e-05  3.856e+01  
3.840e+01  3.635e-05  
3.798e+01  4.434e-01  
3.768e+01  9.362e-01  
3.729e+01  1.313e+00  
3.699e+01  1.636e+00  
3.647e+01  1.999e+00  
3.595e+01  2.512e+00  
3.581e+01  2.946e+00  
3.518e+01  3.285e+00  
3.486e+01  3.701e+00  
3.447e+01  4.053e+00  
3.412e+01  4.384e+00  
3.363e+01  4.870e+00  
3.332e+01  5.272e+00  
3.298e+01  5.716e+00  
3.235e+01  6.069e+00  
3.210e+01  6.452e+00  
3.173e+01  6.901e+00  
3.138e+01  7.303e+00  
3.105e+01  7.589e+00  
3.065e+01  7.987e+00  
3.030e+01  8.461e+00  
2.992e+01  8.832e+00  
2.957e+01  9.108e+00  
2.915e+01  9.704e+00  
2.860e+01  9.977e+00  
2.839e+01  1.052e+01  
2.790e+01  1.088e+01  
2.763e+01  1.122e+01  
2.716e+01  1.172e+01  
2.676e+01  1.202e+01  
2.643e+01  1.246e+01  
2.595e+01  1.277e+01  
2.551e+01  1.327e+01  
2.516e+01  1.358e+01  
2.461e+01  1.398e+01  
2.425e+01  1.445e+01  
2.397e+01  1.477e+01  
2.345e+01  1.518e+01  
2.301e+01  1.563e+01  
2.274e+01  1.601e+01  
2.236e+01  1.640e+01  
2.185e+01  1.679e+01  
2.151e+01  1.710e+01  
2.110e+01  1.760e+01  
2.062e+01  1.798e+01  
2.026e+01  1.843e+01  
1.996e+01  1.876e+01  
1.953e+01  1.910e+01  
1.912e+01  1.951e+01  
1.882e+01  1.998e+01  
1.834e+01  2.035e+01  
1.797e+01  2.075e+01  
1.751e+01  2.116e+01  
1.722e+01  2.138e+01  
1.679e+01  2.187e+01  
1.634e+01  2.237e+01  
1.603e+01  2.269e+01  
1.560e+01  2.316e+01  
1.519e+01  2.357e+01  
1.484e+01  2.386e+01  
1.431e+01  2.445e+01  
1.404e+01  2.477e+01  
1.372e+01  2.498e+01  
1.327e+01  2.553e+01  
1.286e+01  2.593e+01  
1.228e+01  2.623e+01  
1.206e+01  2.659e+01  
1.171e+01  2.688e+01  
1.114e+01  2.765e+01  
1.081e+01  2.784e+01  
1.020e+01  2.834e+01  
9.904e+00  2.880e+01  
9.576e+00  2.902e+01  
9.274e+00  2.942e+01  
8.701e+00  2.993e+01  
8.384e+00  3.026e+01  
8.044e+00  3.060e+01  
7.689e+00  3.097e+01  
7.270e+00  3.135e+01  
6.798e+00  3.168e+01  
6.449e+00  3.202e+01  
6.074e+00  3.243e+01  
5.641e+00  3.295e+01  
5.226e+00  3.317e+01  
4.730e+00  3.372e+01  
4.380e+00  3.405e+01  
3.966e+00  3.450e+01  
3.717e+00  3.475e+01  
3.335e+00  3.522e+01  
2.922e+00  3.552e+01  
2.491e+00  3.600e+01  
2.156e+00  3.627e+01  
1.677e+00  3.693e+01  
1.370e+00  3.719e+01  
9.019e-01  3.765e+01  
5.613e-01  3.792e+01  
1.099e-01  3.852e+01  
