1.386e+00  1.303e-04  
1.368e-04  1.386e+00  
1.386e+00  7.110e-03  
1.386e+00  2.154e-02  
1.386e+00  3.628e-02  
1.385e+00  5.131e-02  
1.385e+00  6.665e-02  
1.384e+00  8.229e-02  
1.383e+00  9.824e-02  
1.382e+00  1.145e-01  
1.380e+00  1.311e-01  
1.379e+00  1.480e-01  
1.377e+00  1.652e-01  
1.374e+00  1.827e-01  
1.372e+00  2.006e-01  
1.369e+00  2.187e-01  
1.366e+00  2.372e-01  
1.363e+00  2.560e-01  
1.359e+00  2.751e-01  
1.355e+00  2.945e-01  
1.350e+00  3.142e-01  
1.346e+00  3.342e-01  
1.340e+00  3.545e-01  
1.335e+00  3.751e-01  
1.329e+00  3.960e-01  
1.322e+00  4.171e-01  
1.315e+00  4.384e-01  
1.308e+00  4.600e-01  
1.300e+00  4.818e-01  
1.292e+00  5.038e-01  
1.283e+00  5.260e-01  
1.273e+00  5.484e-01  
1.263e+00  5.709e-01  
1.253e+00  5.935e-01  
1.242e+00  6.162e-01  
1.230e+00  6.390e-01  
1.218e+00  6.619e-01  
1.206e+00  6.847e-01  
1.192e+00  7.076e-01  
1.178e+00  7.304e-01  
1.164e+00  7.532e-01  
1.149e+00  7.758e-01  
1.133e+00  7.984e-01  
1.117e+00  8.207e-01  
1.101e+00  8.429e-01  
1.084e+00  8.649e-01  
1.066e+00  8.866e-01  
1.048e+00  9.080e-01  
1.029e+00  9.291e-01  
1.010e+00  9.499e-01  
9.903e-01  9.703e-01  
9.703e-01  9.903e-01  
9.499e-01  1.010e+00  
9.291e-01  1.029e+00  
9.080e-01  1.048e+00  
8.866e-01  1.066e+00  
8.649e-01  1.084e+00  
8.429e-01  1.101e+00  
8.207e-01  1.117e+00  
7.984e-01  1.133e+00  
7.758e-01  1.149e+00  
7.532e-01  1.164e+00  
7.304e-01  1.178e+00  
7.076e-01  1.192e+00  
6.847e-01  1.206e+00  
6.619e-01  1.218e+00  
6.390e-01  1.230e+00  
6.162e-01  1.242e+00  
5.935e-01  1.253e+00  
5.709e-01  1.263e+00  
5.484e-01  1.273e+00  
5.260e-01  1.283e+00  
5.038e-01  1.292e+00  
4.818e-01  1.300e+00  
4.600e-01  1.308e+00  
4.384e-01  1.315e+00  
4.171e-01  1.322e+00  
3.960e-01  1.329e+00  
3.751e-01  1.335e+00  
3.545e-01  1.340e+00  
3.342e-01  1.346e+00  
3.142e-01  1.350e+00  
2.945e-01  1.355e+00  
2.751e-01  1.359e+00  
2.560e-01  1.363e+00  
2.372e-01  1.366e+00  
2.187e-01  1.369e+00  
2.006e-01  1.372e+00  
1.827e-01  1.374e+00  
1.652e-01  1.377e+00  
1.480e-01  1.379e+00  
1.311e-01  1.380e+00  
1.145e-01  1.382e+00  
9.824e-02  1.383e+00  
8.229e-02  1.384e+00  
6.665e-02  1.385e+00  
5.131e-02  1.385e+00  
3.628e-02  1.386e+00  
2.154e-02  1.386e+00  
7.104e-03  1.386e+00  
