1.000e+00  9.682e-05  9.062e-05  
9.251e-05  1.000e+00  9.548e-05  
7.536e-05  9.756e-05  1.000e+00  
9.985e-01  3.853e-02  3.856e-02  
9.938e-01  1.058e-01  3.527e-02  
9.888e-01  4.727e-02  1.417e-01  
9.792e-01  2.008e-01  2.870e-02  
9.806e-01  1.009e-01  1.682e-01  
9.750e-01  1.904e-01  1.142e-01  
9.555e-01  4.164e-02  2.920e-01  
9.403e-01  3.395e-01  2.258e-02  
9.579e-01  1.762e-01  2.265e-01  
9.456e-01  2.961e-01  1.345e-01  
9.256e-01  8.503e-02  3.688e-01  
9.161e-01  3.907e-01  9.017e-02  
9.210e-01  1.612e-01  3.546e-01  
9.207e-01  3.081e-01  2.396e-01  
8.604e-01  3.381e-02  5.084e-01  
8.402e-01  5.420e-01  1.748e-02  
8.955e-01  2.944e-01  3.339e-01  
8.688e-01  4.611e-01  1.804e-01  
8.465e-01  1.435e-01  5.127e-01  
8.202e-01  5.625e-01  1.041e-01  
8.460e-01  2.474e-01  4.724e-01  
8.427e-01  4.439e-01  3.046e-01  
7.633e-01  6.647e-02  6.427e-01  
7.496e-01  6.584e-01  6.809e-02  
8.089e-01  3.320e-01  4.852e-01  
7.887e-01  5.446e-01  2.852e-01  
7.288e-01  1.238e-01  6.734e-01  
7.345e-01  6.535e-01  1.829e-01  
7.384e-01  2.452e-01  6.282e-01  
7.540e-01  4.925e-01  4.345e-01  
6.286e-01  1.887e-02  7.775e-01  
6.085e-01  7.935e-01  1.259e-02  
7.170e-01  4.773e-01  5.081e-01  
6.684e-01  6.996e-01  2.528e-01  
6.456e-01  2.230e-01  7.304e-01  
5.999e-01  7.896e-01  1.291e-01  
6.512e-01  3.713e-01  6.619e-01  
6.434e-01  6.445e-01  4.132e-01  
5.472e-01  1.020e-01  8.308e-01  
5.226e-01  8.495e-01  7.200e-02  
6.077e-01  4.679e-01  6.416e-01  
5.774e-01  7.336e-01  3.583e-01  
5.170e-01  1.735e-01  8.382e-01  
5.144e-01  8.310e-01  2.118e-01  
5.297e-01  3.290e-01  7.818e-01  
5.436e-01  6.463e-01  5.355e-01  
4.220e-01  4.186e-02  9.056e-01  
4.100e-01  9.110e-01  4.480e-02  
5.038e-01  5.511e-01  6.652e-01  
4.640e-01  8.161e-01  3.445e-01  
4.246e-01  2.236e-01  8.773e-01  
4.030e-01  8.961e-01  1.860e-01  
4.331e-01  3.953e-01  8.100e-01  
4.357e-01  7.271e-01  5.306e-01  
3.396e-01  7.936e-02  9.372e-01  
3.377e-01  9.342e-01  1.147e-01  
3.940e-01  4.958e-01  7.739e-01  
3.768e-01  8.079e-01  4.532e-01  
3.137e-01  1.532e-01  9.371e-01  
3.267e-01  9.037e-01  2.766e-01  
3.228e-01  3.208e-01  8.905e-01  
3.401e-01  6.854e-01  6.439e-01  
2.423e-01  7.727e-04  9.702e-01  
2.313e-01  9.728e-01  7.580e-03  
3.048e-01  6.629e-01  6.839e-01  
2.661e-01  9.106e-01  3.163e-01  
2.523e-01  2.946e-01  9.217e-01  
2.206e-01  9.641e-01  1.477e-01  
2.513e-01  4.857e-01  8.372e-01  
2.423e-01  8.245e-01  5.114e-01  
1.907e-01  1.281e-01  9.733e-01  
1.739e-01  9.820e-01  7.422e-02  
2.143e-01  5.877e-01  7.802e-01  
1.942e-01  8.874e-01  4.182e-01  
1.653e-01  2.110e-01  9.634e-01  
1.591e-01  9.594e-01  2.329e-01  
1.631e-01  3.960e-01  9.037e-01  
1.646e-01  7.692e-01  6.175e-01  
1.170e-01  5.707e-02  9.915e-01  
1.081e-01  9.933e-01  4.038e-02  
1.363e-01  6.438e-01  7.530e-01  
1.176e-01  9.199e-01  3.740e-01  
1.025e-01  2.569e-01  9.610e-01  
9.093e-02  9.772e-01  1.917e-01  
9.548e-02  4.494e-01  8.882e-01  
9.036e-02  8.133e-01  5.748e-01  
6.408e-02  9.293e-02  9.936e-01  
5.828e-02  9.920e-01  1.121e-01  
6.135e-02  5.512e-01  8.321e-01  
5.549e-02  8.778e-01  4.758e-01  
4.067e-02  1.716e-01  9.843e-01  
3.670e-02  9.590e-01  2.809e-01  
3.005e-02  3.520e-01  9.355e-01  
2.618e-02  7.392e-01  6.730e-01  
1.281e-02  2.391e-02  9.996e-01  
7.958e-03  9.997e-01  2.399e-02  
5.552e-05  6.732e-01  7.395e-01  
