1.863e+01  1.479e-03  
8.444e-06  1.843e+01  
1.854e+01  7.409e-02  
1.840e+01  2.818e-01  
1.828e+01  4.563e-01  
1.798e+01  6.574e-01  
1.792e+01  8.169e-01  
1.765e+01  1.033e+00  
1.742e+01  1.221e+00  
1.728e+01  1.386e+00  
1.713e+01  1.558e+00  
1.687e+01  1.812e+00  
1.673e+01  1.984e+00  
1.658e+01  2.126e+00  
1.630e+01  2.369e+00  
1.599e+01  2.544e+00  
1.594e+01  2.686e+00  
1.566e+01  2.914e+00  
1.549e+01  3.112e+00  
1.529e+01  3.301e+00  
1.512e+01  3.480e+00  
1.498e+01  3.696e+00  
1.482e+01  3.779e+00  
1.454e+01  4.077e+00  
1.434e+01  4.220e+00  
1.403e+01  4.454e+00  
1.399e+01  4.646e+00  
1.380e+01  4.786e+00  
1.361e+01  5.050e+00  
1.345e+01  5.091e+00  
1.331e+01  5.431e+00  
1.309e+01  5.640e+00  
1.277e+01  5.800e+00  
1.269e+01  5.946e+00  
1.245e+01  6.209e+00  
1.230e+01  6.372e+00  
1.214e+01  6.625e+00  
1.187e+01  6.735e+00  
1.182e+01  6.988e+00  
1.165e+01  7.118e+00  
1.139e+01  7.321e+00  
1.122e+01  7.582e+00  
1.096e+01  7.688e+00  
1.084e+01  7.969e+00  
1.066e+01  8.079e+00  
1.037e+01  8.391e+00  
1.027e+01  8.530e+00  
1.020e+01  8.715e+00  
9.933e+00  8.912e+00  
9.620e+00  9.045e+00  
9.450e+00  9.212e+00  
9.273e+00  9.399e+00  
9.052e+00  9.636e+00  
8.951e+00  9.879e+00  
8.743e+00  9.995e+00  
8.494e+00  1.022e+01  
8.250e+00  1.049e+01  
8.060e+00  1.063e+01  
7.938e+00  1.076e+01  
7.706e+00  1.095e+01  
7.544e+00  1.115e+01  
7.284e+00  1.134e+01  
7.149e+00  1.154e+01  
6.939e+00  1.176e+01  
6.725e+00  1.198e+01  
6.522e+00  1.209e+01  
6.318e+00  1.233e+01  
6.150e+00  1.243e+01  
6.057e+00  1.271e+01  
5.745e+00  1.287e+01  
5.470e+00  1.313e+01  
5.415e+00  1.320e+01  
5.109e+00  1.350e+01  
4.991e+00  1.355e+01  
4.849e+00  1.380e+01  
4.626e+00  1.403e+01  
4.388e+00  1.407e+01  
4.130e+00  1.438e+01  
4.001e+00  1.451e+01  
3.855e+00  1.473e+01  
3.697e+00  1.486e+01  
3.460e+00  1.506e+01  
3.303e+00  1.525e+01  
3.080e+00  1.546e+01  
2.813e+00  1.567e+01  
2.691e+00  1.577e+01  
2.490e+00  1.603e+01  
2.367e+00  1.620e+01  
2.164e+00  1.639e+01  
1.984e+00  1.663e+01  
1.759e+00  1.679e+01  
1.544e+00  1.708e+01  
1.400e+00  1.713e+01  
1.173e+00  1.736e+01  
9.377e-01  1.757e+01  
8.303e-01  1.765e+01  
6.266e-01  1.798e+01  
4.341e-01  1.806e+01  
2.728e-01  1.825e+01  
9.313e-02  1.840e+01  
