6.262e-01  5.883e-01  5.883e-01  
5.883e-01  6.262e-01  5.883e-01  
1.038e-04  1.005e-04  1.041e+00  
6.262e-01  5.883e-01  5.883e-01  
7.399e-01  6.951e-01  2.317e-01  
3.322e-01  3.121e-01  9.363e-01  
7.553e-01  7.096e-01  1.014e-01  
5.002e-01  4.699e-01  7.832e-01  
7.020e-01  6.595e-01  3.957e-01  
1.550e-01  1.456e-01  1.019e+00  
7.581e-01  7.123e-01  4.748e-02  
5.696e-01  5.352e-01  6.881e-01  
7.246e-01  6.808e-01  3.095e-01  
2.424e-01  2.277e-01  9.868e-01  
7.496e-01  7.043e-01  1.625e-01  
4.197e-01  3.944e-01  8.676e-01  
6.699e-01  6.293e-01  4.895e-01  
7.354e-02  6.910e-02  1.036e+00  
7.587e-01  7.129e-01  2.299e-02  
5.996e-01  5.633e-01  6.384e-01  
7.331e-01  6.887e-01  2.695e-01  
2.873e-01  2.699e-01  9.639e-01  
7.529e-01  7.074e-01  1.310e-01  
4.611e-01  4.332e-01  8.271e-01  
6.872e-01  6.457e-01  4.418e-01  
1.134e-01  1.065e-01  1.030e+00  
7.570e-01  7.112e-01  7.356e-02  
5.364e-01  5.040e-01  7.366e-01  
7.144e-01  6.712e-01  3.516e-01  
1.981e-01  1.861e-01  1.005e+00  
7.454e-01  7.003e-01  1.961e-01  
3.766e-01  3.538e-01  9.041e-01  
6.496e-01  6.103e-01  5.385e-01  
3.571e-02  3.355e-02  1.040e+00  
7.130e-01  7.589e-01  1.475e-02  
6.133e-01  5.762e-01  6.134e-01  
6.959e-01  7.284e-01  2.635e-01  
3.097e-01  2.910e-01  9.507e-01  
7.054e-01  7.508e-01  1.519e-01  
4.810e-01  4.519e-01  8.055e-01  
6.700e-01  6.711e-01  4.302e-01  
1.340e-01  1.259e-01  1.025e+00  
7.099e-01  7.556e-01  9.779e-02  
5.534e-01  5.200e-01  7.125e-01  
6.563e-01  6.985e-01  4.072e-01  
2.201e-01  2.068e-01  9.966e-01  
6.863e-01  7.304e-01  2.826e-01  
3.983e-01  3.742e-01  8.864e-01  
5.912e-01  6.292e-01  5.822e-01  
5.437e-02  5.108e-02  1.039e+00  
7.110e-01  7.568e-01  7.769e-02  
5.289e-01  5.630e-01  6.983e-01  
6.356e-01  6.765e-01  4.719e-01  
2.648e-01  2.488e-01  9.759e-01  
6.799e-01  7.237e-01  3.138e-01  
4.407e-01  4.140e-01  8.478e-01  
5.477e-01  5.829e-01  6.668e-01  
9.322e-02  8.758e-02  1.033e+00  
6.945e-01  7.392e-01  2.359e-01  
4.255e-01  4.529e-01  8.356e-01  
5.504e-01  5.859e-01  6.619e-01  
1.764e-01  1.657e-01  1.013e+00  
6.169e-01  6.566e-01  5.223e-01  
3.360e-01  3.352e-01  9.269e-01  
4.355e-01  4.636e-01  8.245e-01  
1.759e-02  1.652e-02  1.041e+00  
7.128e-01  7.587e-01  2.360e-02  
3.890e-01  4.140e-01  8.727e-01  
5.530e-01  5.886e-01  6.573e-01  
2.650e-01  2.821e-01  9.667e-01  
6.484e-01  6.901e-01  4.332e-01  
2.863e-01  3.047e-01  9.537e-01  
4.057e-01  4.319e-01  8.563e-01  
1.444e-01  1.357e-01  1.022e+00  
6.844e-01  7.285e-01  2.921e-01  
2.655e-01  2.826e-01  9.664e-01  
4.003e-01  4.261e-01  8.617e-01  
1.737e-01  1.849e-01  1.010e+00  
5.037e-01  5.361e-01  7.370e-01  
1.825e-01  1.942e-01  1.007e+00  
2.588e-01  2.754e-01  9.703e-01  
6.389e-02  6.003e-02  1.038e+00  
6.908e-01  7.353e-01  2.580e-01  
1.825e-01  1.942e-01  1.007e+00  
2.977e-01  3.169e-01  9.462e-01  
1.099e-01  1.170e-01  1.029e+00  
4.060e-01  4.321e-01  8.560e-01  
1.106e-01  1.177e-01  1.029e+00  
1.596e-01  1.699e-01  1.015e+00  
6.687e-02  7.117e-02  1.037e+00  
4.316e-01  4.594e-01  8.289e-01  
8.070e-02  8.590e-02  1.035e+00  
1.199e-01  1.276e-01  1.027e+00  
4.307e-02  4.585e-02  1.039e+00  
1.337e-01  1.423e-01  1.023e+00  
3.441e-02  3.662e-02  1.040e+00  
4.045e-02  4.306e-02  1.040e+00  
1.400e-02  1.490e-02  1.041e+00  
3.124e-01  3.325e-01  9.360e-01  
5.144e-03  5.475e-03  1.041e+00  
