1.000e+00  6.433e-07  8.185e-05  
9.932e-05  1.000e+00  8.185e-05  
5.520e-05  9.948e-05  1.000e+00  
9.985e-01  3.861e-02  3.858e-02  
9.938e-01  1.058e-01  3.520e-02  
9.888e-01  4.727e-02  1.418e-01  
9.792e-01  2.008e-01  2.870e-02  
9.806e-01  1.009e-01  1.682e-01  
9.750e-01  1.905e-01  1.142e-01  
9.555e-01  4.170e-02  2.920e-01  
9.403e-01  3.395e-01  2.253e-02  
9.579e-01  1.762e-01  2.265e-01  
9.456e-01  2.961e-01  1.346e-01  
9.259e-01  8.191e-02  3.689e-01  
9.160e-01  3.908e-01  9.019e-02  
9.210e-01  1.611e-01  3.546e-01  
9.207e-01  3.082e-01  2.394e-01  
8.604e-01  3.378e-02  5.084e-01  
8.402e-01  5.420e-01  1.748e-02  
8.954e-01  2.946e-01  3.339e-01  
8.688e-01  4.611e-01  1.804e-01  
8.465e-01  1.435e-01  5.126e-01  
8.202e-01  5.625e-01  1.042e-01  
8.460e-01  2.474e-01  4.724e-01  
8.423e-01  4.449e-01  3.043e-01  
7.633e-01  6.648e-02  6.427e-01  
7.496e-01  6.584e-01  6.804e-02  
8.089e-01  3.320e-01  4.852e-01  
7.887e-01  5.446e-01  2.853e-01  
7.288e-01  1.247e-01  6.733e-01  
7.345e-01  6.534e-01  1.830e-01  
7.383e-01  2.455e-01  6.282e-01  
7.541e-01  4.925e-01  4.346e-01  
6.286e-01  2.497e-02  7.774e-01  
6.084e-01  7.935e-01  1.254e-02  
7.170e-01  4.773e-01  5.081e-01  
6.683e-01  6.995e-01  2.530e-01  
6.459e-01  2.213e-01  7.307e-01  
5.999e-01  7.896e-01  1.290e-01  
6.511e-01  3.713e-01  6.619e-01  
6.434e-01  6.445e-01  4.132e-01  
5.477e-01  1.020e-01  8.304e-01  
5.226e-01  8.495e-01  7.199e-02  
6.076e-01  4.681e-01  6.416e-01  
5.775e-01  7.336e-01  3.583e-01  
5.169e-01  1.739e-01  8.382e-01  
5.144e-01  8.310e-01  2.118e-01  
5.297e-01  3.291e-01  7.818e-01  
5.436e-01  6.463e-01  5.355e-01  
4.220e-01  4.450e-02  9.055e-01  
4.100e-01  9.110e-01  4.480e-02  
5.038e-01  5.509e-01  6.653e-01  
4.641e-01  8.160e-01  3.445e-01  
4.249e-01  2.233e-01  8.773e-01  
4.030e-01  8.961e-01  1.860e-01  
4.332e-01  3.952e-01  8.101e-01  
4.357e-01  7.271e-01  5.306e-01  
3.396e-01  7.936e-02  9.372e-01  
3.377e-01  9.342e-01  1.147e-01  
3.938e-01  4.960e-01  7.739e-01  
3.768e-01  8.079e-01  4.531e-01  
3.137e-01  1.524e-01  9.372e-01  
3.267e-01  9.037e-01  2.766e-01  
3.217e-01  3.220e-01  8.904e-01  
3.401e-01  6.854e-01  6.439e-01  
2.422e-01  1.146e-02  9.702e-01  
2.313e-01  9.728e-01  7.627e-03  
3.048e-01  6.629e-01  6.839e-01  
2.661e-01  9.106e-01  3.162e-01  
2.527e-01  2.944e-01  9.217e-01  
2.203e-01  9.642e-01  1.477e-01  
2.480e-01  4.860e-01  8.380e-01  
2.422e-01  8.245e-01  5.114e-01  
1.907e-01  1.283e-01  9.732e-01  
1.740e-01  9.819e-01  7.424e-02  
2.142e-01  5.876e-01  7.803e-01  
1.939e-01  8.874e-01  4.182e-01  
1.657e-01  2.105e-01  9.635e-01  
1.591e-01  9.594e-01  2.328e-01  
1.633e-01  3.959e-01  9.036e-01  
1.644e-01  7.690e-01  6.177e-01  
1.170e-01  5.685e-02  9.915e-01  
1.081e-01  9.933e-01  4.037e-02  
1.362e-01  6.438e-01  7.530e-01  
1.177e-01  9.199e-01  3.740e-01  
1.022e-01  2.569e-01  9.610e-01  
9.093e-02  9.772e-01  1.917e-01  
9.479e-02  4.494e-01  8.883e-01  
9.031e-02  8.133e-01  5.748e-01  
6.405e-02  9.326e-02  9.936e-01  
5.839e-02  9.920e-01  1.120e-01  
6.119e-02  5.511e-01  8.322e-01  
5.550e-02  8.778e-01  4.759e-01  
3.702e-02  1.716e-01  9.845e-01  
3.652e-02  9.590e-01  2.809e-01  
2.549e-02  3.520e-01  9.356e-01  
2.143e-02  7.393e-01  6.731e-01  
1.307e-02  2.394e-02  9.996e-01  
8.002e-03  9.997e-01  2.396e-02  
3.463e-03  6.733e-01  7.394e-01  
