8.970e-01  6.372e-01  6.372e-01  
6.372e-01  8.970e-01  6.372e-01  
1.194e-04  9.941e-05  1.272e+00  
8.970e-01  6.372e-01  6.372e-01  
1.018e+00  7.231e-01  2.410e-01  
5.171e-01  3.673e-01  1.102e+00  
1.033e+00  7.339e-01  1.048e-01  
7.458e-01  5.298e-01  8.831e-01  
9.791e-01  6.956e-01  4.174e-01  
2.482e-01  1.764e-01  1.235e+00  
1.036e+00  7.359e-01  4.905e-02  
8.314e-01  5.906e-01  7.594e-01  
1.002e+00  7.121e-01  3.237e-01  
3.837e-01  2.726e-01  1.181e+00  
1.027e+00  7.299e-01  1.684e-01  
6.400e-01  4.546e-01  1.000e+00  
9.451e-01  6.714e-01  5.222e-01  
1.185e-01  8.421e-02  1.263e+00  
1.036e+00  7.363e-01  2.372e-02  
8.666e-01  6.156e-01  6.977e-01  
1.011e+00  7.182e-01  2.810e-01  
4.512e-01  3.205e-01  1.145e+00  
1.031e+00  7.322e-01  1.356e-01  
6.953e-01  4.940e-01  9.430e-01  
9.637e-01  6.846e-01  4.684e-01  
1.823e-01  1.295e-01  1.252e+00  
9.531e-01  8.372e-01  8.660e-02  
7.912e-01  5.621e-01  8.215e-01  
9.919e-01  7.047e-01  3.691e-01  
3.157e-01  2.243e-01  1.211e+00  
9.339e-01  8.309e-01  2.326e-01  
5.803e-01  4.123e-01  1.054e+00  
9.230e-01  6.557e-01  5.786e-01  
5.764e-02  4.095e-02  1.270e+00  
7.736e-01  1.009e+00  1.601e-02  
8.823e-01  6.268e-01  6.673e-01  
8.498e-01  8.895e-01  3.217e-01  
4.844e-01  3.441e-01  1.124e+00  
7.628e-01  1.004e+00  1.643e-01  
7.212e-01  5.123e-01  9.133e-01  
8.181e-01  8.195e-01  5.253e-01  
2.150e-01  1.528e-01  1.244e+00  
7.341e-01  1.033e+00  1.011e-01  
7.727e-01  5.953e-01  8.157e-01  
7.342e-01  9.328e-01  4.555e-01  
3.497e-01  2.484e-01  1.197e+00  
7.163e-01  1.008e+00  2.950e-01  
6.106e-01  4.338e-01  1.027e+00  
6.913e-01  8.217e-01  6.809e-01  
8.771e-02  6.231e-02  1.267e+00  
7.349e-01  1.034e+00  8.029e-02  
6.405e-01  7.008e-01  8.458e-01  
6.765e-01  9.523e-01  5.023e-01  
4.176e-01  2.966e-01  1.164e+00  
7.114e-01  1.001e+00  3.283e-01  
5.507e-01  5.027e-01  1.030e+00  
6.018e-01  8.471e-01  7.327e-01  
1.501e-01  1.066e-01  1.258e+00  
7.226e-01  1.017e+00  2.454e-01  
5.010e-01  6.307e-01  9.839e-01  
6.043e-01  8.506e-01  7.267e-01  
2.818e-01  2.002e-01  1.224e+00  
6.612e-01  9.307e-01  5.598e-01  
4.103e-01  4.093e-01  1.132e+00  
4.963e-01  6.985e-01  9.394e-01  
2.839e-02  2.017e-02  1.271e+00  
7.363e-01  1.036e+00  2.438e-02  
4.491e-01  6.322e-01  1.008e+00  
6.066e-01  8.538e-01  7.209e-01  
3.212e-01  3.745e-01  1.172e+00  
6.868e-01  9.667e-01  4.589e-01  
3.389e-01  4.770e-01  1.129e+00  
4.663e-01  6.564e-01  9.841e-01  
2.316e-01  1.645e-01  1.239e+00  
7.149e-01  1.006e+00  3.051e-01  
3.156e-01  4.443e-01  1.149e+00  
4.608e-01  6.486e-01  9.919e-01  
2.106e-01  2.683e-01  1.225e+00  
5.618e-01  7.908e-01  8.221e-01  
2.200e-01  3.096e-01  1.213e+00  
3.080e-01  4.335e-01  1.155e+00  
1.030e-01  7.319e-02  1.265e+00  
7.198e-01  1.013e+00  2.688e-01  
2.200e-01  3.096e-01  1.213e+00  
3.516e-01  4.948e-01  1.117e+00  
1.336e-01  1.881e-01  1.250e+00  
4.666e-01  6.567e-01  9.837e-01  
1.344e-01  1.892e-01  1.250e+00  
1.930e-01  2.717e-01  1.227e+00  
8.151e-02  1.147e-01  1.264e+00  
4.924e-01  6.931e-01  9.455e-01  
9.829e-02  1.384e-01  1.260e+00  
1.456e-01  2.049e-01  1.246e+00  
5.256e-02  7.398e-02  1.268e+00  
1.621e-01  2.282e-01  1.240e+00  
4.199e-02  5.910e-02  1.269e+00  
4.936e-02  6.949e-02  1.269e+00  
1.710e-02  2.408e-02  1.271e+00  
3.677e-01  5.176e-01  1.102e+00  
6.281e-03  8.842e-03  1.271e+00  
