7.646e-01  6.156e-01  6.156e-01  
6.156e-01  7.646e-01  6.156e-01  
1.143e-04  9.203e-05  1.159e+00  
7.646e-01  6.156e-01  6.156e-01  
8.834e-01  7.112e-01  2.371e-01  
4.236e-01  3.410e-01  1.023e+00  
8.989e-01  7.237e-01  1.034e-01  
6.239e-01  5.023e-01  8.372e-01  
8.447e-01  6.801e-01  4.080e-01  
2.005e-01  1.614e-01  1.130e+00  
9.017e-01  7.260e-01  4.837e-02  
7.026e-01  5.657e-01  7.273e-01  
8.679e-01  6.988e-01  3.176e-01  
3.117e-01  2.509e-01  1.087e+00  
8.932e-01  7.191e-01  1.659e-01  
5.297e-01  4.264e-01  9.382e-01  
8.112e-01  6.531e-01  5.080e-01  
9.540e-02  7.681e-02  1.152e+00  
9.023e-01  7.265e-01  2.342e-02  
7.356e-01  5.923e-01  6.712e-01  
8.765e-01  7.057e-01  2.761e-01  
3.680e-01  2.962e-01  1.058e+00  
8.965e-01  7.218e-01  1.336e-01  
5.786e-01  4.658e-01  8.893e-01  
8.294e-01  6.677e-01  4.569e-01  
1.469e-01  1.183e-01  1.143e+00  
8.685e-01  7.629e-01  7.887e-02  
6.653e-01  5.357e-01  7.829e-01  
8.574e-01  6.903e-01  3.616e-01  
2.556e-01  2.058e-01  1.111e+00  
8.510e-01  7.572e-01  2.120e-01  
4.778e-01  3.847e-01  9.830e-01  
7.897e-01  6.358e-01  5.610e-01  
4.636e-02  3.732e-02  1.157e+00  
7.266e-01  9.024e-01  1.502e-02  
7.506e-01  6.043e-01  6.433e-01  
7.744e-01  8.105e-01  2.932e-01  
3.959e-01  3.187e-01  1.041e+00  
7.201e-01  8.944e-01  1.551e-01  
6.017e-01  4.844e-01  8.636e-01  
7.455e-01  7.468e-01  4.787e-01  
1.734e-01  1.396e-01  1.137e+00  
7.239e-01  8.992e-01  9.971e-02  
6.845e-01  5.511e-01  7.552e-01  
6.772e-01  8.411e-01  4.202e-01  
2.836e-01  2.283e-01  1.100e+00  
7.035e-01  8.739e-01  2.897e-01  
5.040e-01  4.058e-01  9.611e-01  
6.300e-01  7.488e-01  6.204e-01  
7.056e-02  5.681e-02  1.155e+00  
7.249e-01  9.004e-01  7.920e-02  
5.838e-01  6.385e-01  7.707e-01  
6.587e-01  8.182e-01  4.891e-01  
3.398e-01  2.736e-01  1.073e+00  
6.980e-01  8.669e-01  3.221e-01  
5.018e-01  4.582e-01  9.385e-01  
5.775e-01  7.173e-01  7.031e-01  
1.209e-01  9.731e-02  1.148e+00  
7.107e-01  8.827e-01  2.414e-01  
4.580e-01  5.689e-01  8.995e-01  
5.801e-01  7.206e-01  6.977e-01  
2.279e-01  1.835e-01  1.121e+00  
6.418e-01  7.971e-01  5.434e-01  
3.739e-01  3.726e-01  1.031e+00  
4.681e-01  5.815e-01  8.862e-01  
2.284e-02  1.838e-02  1.158e+00  
7.265e-01  9.023e-01  2.400e-02  
4.209e-01  5.228e-01  9.445e-01  
5.826e-01  7.236e-01  6.924e-01  
2.927e-01  3.413e-01  1.068e+00  
6.702e-01  8.324e-01  4.478e-01  
3.138e-01  3.897e-01  1.045e+00  
4.380e-01  5.441e-01  9.245e-01  
1.869e-01  1.505e-01  1.134e+00  
7.019e-01  8.718e-01  2.996e-01  
2.916e-01  3.622e-01  1.061e+00  
4.325e-01  5.372e-01  9.311e-01  
1.921e-01  2.387e-01  1.117e+00  
5.354e-01  6.650e-01  7.834e-01  
2.018e-01  2.506e-01  1.113e+00  
2.843e-01  3.532e-01  1.066e+00  
8.290e-02  6.675e-02  1.154e+00  
7.075e-01  8.787e-01  2.642e-01  
2.018e-01  2.506e-01  1.113e+00  
3.259e-01  4.047e-01  1.036e+00  
1.221e-01  1.516e-01  1.142e+00  
4.383e-01  5.444e-01  9.241e-01  
1.228e-01  1.525e-01  1.142e+00  
1.768e-01  2.196e-01  1.124e+00  
7.434e-02  9.234e-02  1.153e+00  
4.642e-01  5.766e-01  8.914e-01  
8.969e-02  1.114e-01  1.150e+00  
1.330e-01  1.652e-01  1.139e+00  
4.791e-02  5.951e-02  1.156e+00  
1.483e-01  1.842e-01  1.134e+00  
3.827e-02  4.754e-02  1.157e+00  
4.500e-02  5.589e-02  1.156e+00  
1.559e-02  1.936e-02  1.158e+00  
3.414e-01  4.240e-01  1.023e+00  
5.720e-03  7.104e-03  1.159e+00  
