4.999e-01  4.520e-05  4.520e-05  
4.969e-05  4.999e-01  3.833e-05  
4.852e-05  4.446e-05  4.999e-01  
4.641e-01  1.793e-02  1.793e-02  
4.378e-01  4.663e-02  1.553e-02  
4.197e-01  2.006e-02  6.019e-02  
4.050e-01  8.310e-02  1.187e-02  
3.923e-01  4.038e-02  6.730e-02  
3.809e-01  7.441e-02  4.465e-02  
3.706e-01  1.616e-02  1.132e-01  
3.610e-01  1.303e-01  8.674e-03  
3.520e-01  6.474e-02  8.326e-02  
3.436e-01  1.076e-01  4.887e-02  
3.355e-01  3.081e-02  1.337e-01  
3.279e-01  1.399e-01  3.227e-02  
3.205e-01  5.605e-02  1.234e-01  
3.134e-01  1.050e-01  8.163e-02  
3.067e-01  1.208e-02  1.813e-01  
3.001e-01  1.936e-01  6.240e-03  
2.938e-01  9.667e-02  1.096e-01  
2.877e-01  1.527e-01  5.966e-02  
2.818e-01  4.750e-02  1.707e-01  
2.758e-01  1.891e-01  3.503e-02  
2.702e-01  7.897e-02  1.509e-01  
2.647e-01  1.397e-01  9.566e-02  
2.592e-01  2.256e-02  2.182e-01  
2.539e-01  2.230e-01  2.307e-02  
2.487e-01  1.021e-01  1.492e-01  
2.437e-01  1.682e-01  8.812e-02  
2.387e-01  4.074e-02  2.206e-01  
2.338e-01  2.080e-01  5.824e-02  
2.290e-01  7.615e-02  1.948e-01  
2.242e-01  1.465e-01  1.293e-01  
2.195e-01  8.651e-03  2.718e-01  
2.151e-01  2.805e-01  4.416e-03  
2.106e-01  1.402e-01  1.492e-01  
2.062e-01  2.158e-01  7.805e-02  
2.018e-01  6.989e-02  2.283e-01  
1.975e-01  2.599e-01  4.253e-02  
1.934e-01  1.101e-01  1.966e-01  
1.891e-01  1.895e-01  1.214e-01  
1.850e-01  3.443e-02  2.806e-01  
1.809e-01  2.941e-01  2.491e-02  
1.769e-01  1.363e-01  1.868e-01  
1.729e-01  2.197e-01  1.073e-01  
1.690e-01  5.688e-02  2.741e-01  
1.651e-01  2.668e-01  6.802e-02  
1.613e-01  1.005e-01  2.382e-01  
1.576e-01  1.873e-01  1.552e-01  
1.539e-01  1.591e-02  3.302e-01  
1.501e-01  3.335e-01  1.638e-02  
1.464e-01  1.602e-01  1.934e-01  
1.428e-01  2.511e-01  1.060e-01  
1.392e-01  7.329e-02  2.875e-01  
1.357e-01  3.017e-01  6.257e-02  
1.321e-01  1.207e-01  2.472e-01  
1.287e-01  2.147e-01  1.567e-01  
1.252e-01  2.917e-02  3.456e-01  
1.218e-01  3.369e-01  4.136e-02  
1.184e-01  1.491e-01  2.326e-01  
1.151e-01  2.465e-01  1.384e-01  
1.117e-01  5.447e-02  3.338e-01  
1.084e-01  2.998e-01  9.176e-02  
1.051e-01  1.049e-01  2.900e-01  
1.018e-01  2.053e-01  1.929e-01  
9.863e-02  6.259e-03  3.951e-01  
9.544e-02  4.014e-01  3.147e-03  
9.228e-02  2.007e-01  2.070e-01  
8.913e-02  3.049e-01  1.059e-01  
8.601e-02  1.002e-01  3.138e-01  
8.291e-02  3.617e-01  5.539e-02  
7.970e-02  1.543e-01  2.660e-01  
7.676e-02  2.612e-01  1.620e-01  
7.374e-02  4.989e-02  3.764e-01  
7.073e-02  3.991e-01  3.016e-02  
6.723e-02  1.859e-01  2.468e-01  
6.475e-02  2.958e-01  1.395e-01  
6.179e-02  7.867e-02  3.595e-01  
5.888e-02  3.550e-01  8.616e-02  
5.597e-02  1.353e-01  3.087e-01  
5.305e-02  2.479e-01  1.991e-01  
5.012e-02  2.460e-02  4.253e-01  
4.734e-02  4.350e-01  1.768e-02  
4.454e-02  2.098e-01  2.457e-01  
4.168e-02  3.258e-01  1.325e-01  
3.889e-02  9.720e-02  3.639e-01  
3.609e-02  3.878e-01  7.610e-02  
3.333e-02  1.568e-01  3.099e-01  
3.057e-02  2.751e-01  1.943e-01  
2.771e-02  4.056e-02  4.317e-01  
2.511e-02  4.267e-01  4.822e-02  
2.241e-02  1.903e-01  2.873e-01  
1.971e-02  3.114e-01  1.689e-01  
1.704e-02  7.168e-02  4.113e-01  
1.438e-02  3.756e-01  1.100e-01  
1.174e-02  1.334e-01  3.549e-01  
9.079e-03  2.570e-01  2.340e-01  
6.172e-03  1.148e-02  4.823e-01  
3.866e-03  4.845e-01  1.162e-02  
1.285e-03  2.377e-01  2.611e-01  
