7.050e+02  5.965e-02  1.852e-02  
5.760e-03  7.057e+02  1.663e-02  
2.854e-03  1.957e-03  7.070e+02  
6.597e+02  2.395e+01  2.472e+01  
6.189e+02  6.563e+01  2.185e+01  
5.950e+02  2.806e+01  8.430e+01  
5.744e+02  1.171e+02  1.676e+01  
5.552e+02  5.665e+01  9.427e+01  
5.429e+02  1.011e+02  6.370e+01  
5.270e+02  2.087e+01  1.610e+02  
5.137e+02  1.818e+02  1.235e+01  
4.990e+02  8.946e+01  1.179e+02  
4.867e+02  1.521e+02  6.937e+01  
4.771e+02  4.319e+01  1.899e+02  
4.632e+02  1.977e+02  4.567e+01  
4.565e+02  7.724e+01  1.755e+02  
4.436e+02  1.483e+02  1.153e+02  
4.354e+02  1.581e+01  2.582e+02  
4.248e+02  2.728e+02  8.382e+00  
4.155e+02  1.362e+02  1.548e+02  
4.085e+02  2.160e+02  8.473e+01  
3.993e+02  6.756e+01  2.403e+02  
3.907e+02  2.694e+02  4.987e+01  
3.806e+02  1.116e+02  2.132e+02  
3.743e+02  1.979e+02  1.353e+02  
3.711e+02  2.619e+01  3.144e+02  
3.591e+02  3.155e+02  3.239e+01  
3.531e+02  1.449e+02  2.106e+02  
3.446e+02  2.376e+02  1.242e+02  
3.399e+02  5.755e+01  3.146e+02  
3.325e+02  2.957e+02  8.099e+01  
3.243e+02  1.063e+02  2.763e+02  
3.183e+02  2.078e+02  1.814e+02  
3.135e+02  1.197e+01  3.888e+02  
3.031e+02  3.991e+02  5.058e+00  
2.977e+02  1.991e+02  2.101e+02  
2.919e+02  3.054e+02  1.099e+02  
2.822e+02  9.971e+01  3.261e+02  
2.798e+02  3.676e+02  5.848e+01  
2.738e+02  1.538e+02  2.791e+02  
2.667e+02  2.678e+02  1.727e+02  
2.642e+02  4.921e+01  3.999e+02  
2.568e+02  4.188e+02  3.243e+01  
2.502e+02  1.928e+02  2.641e+02  
2.435e+02  3.109e+02  1.518e+02  
2.403e+02  7.822e+01  3.876e+02  
2.322e+02  3.787e+02  9.652e+01  
2.264e+02  1.422e+02  3.373e+02  
2.227e+02  2.629e+02  2.195e+02  
2.202e+02  2.321e+01  4.712e+02  
2.113e+02  4.727e+02  2.269e+01  
2.066e+02  2.257e+02  2.735e+02  
2.026e+02  3.561e+02  1.487e+02  
1.952e+02  1.042e+02  4.077e+02  
1.914e+02  4.283e+02  8.743e+01  
1.892e+02  1.724e+02  3.529e+02  
1.812e+02  3.035e+02  2.213e+02  
1.759e+02  4.043e+01  4.934e+02  
1.719e+02  4.757e+02  5.849e+01  
1.672e+02  2.107e+02  3.281e+02  
1.622e+02  3.486e+02  1.957e+02  
1.544e+02  7.738e+01  4.745e+02  
1.530e+02  4.235e+02  1.298e+02  
1.482e+02  1.478e+02  4.112e+02  
1.414e+02  2.911e+02  2.737e+02  
1.416e+02  7.519e+00  5.688e+02  
1.355e+02  5.724e+02  1.668e-02  
1.303e+02  2.818e+02  2.933e+02  
1.258e+02  4.316e+02  1.484e+02  
1.216e+02  1.420e+02  4.437e+02  
1.153e+02  5.158e+02  7.783e+01  
1.130e+02  2.148e+02  3.789e+02  
1.077e+02  3.695e+02  2.286e+02  
1.049e+02  6.813e+01  5.350e+02  
9.918e+01  5.691e+02  3.923e+01  
9.528e+01  2.639e+02  3.471e+02  
9.093e+01  4.184e+02  1.969e+02  
8.525e+01  1.123e+02  5.139e+02  
8.310e+01  5.079e+02  1.230e+02  
7.920e+01  1.938e+02  4.420e+02  
7.105e+01  3.518e+02  2.822e+02  
6.971e+01  3.451e+01  6.107e+02  
6.712e+01  6.150e+02  2.460e+01  
6.277e+01  2.969e+02  3.476e+02  
5.868e+01  4.606e+02  1.861e+02  
5.563e+01  1.384e+02  5.203e+02  
5.171e+01  5.566e+02  1.089e+02  
4.683e+01  2.215e+02  4.387e+02  
4.135e+01  3.896e+02  2.756e+02  
3.858e+01  5.702e+01  6.182e+02  
3.531e+01  6.045e+02  6.830e+01  
2.871e+01  2.705e+02  4.075e+02  
2.579e+01  4.415e+02  2.401e+02  
2.142e+01  1.013e+02  5.851e+02  
2.016e+01  5.324e+02  1.550e+02  
1.540e+01  1.932e+02  5.141e+02  
1.154e+01  3.691e+02  3.365e+02  
6.942e+00  1.553e+01  6.864e+02  
5.667e-03  6.943e+02  1.647e+01  
2.784e-03  3.411e+02  3.685e+02  
