1.000e+00  3.719e-05  6.358e-05  
6.988e-05  1.000e+00  3.281e-05  
8.249e-05  8.177e-05  1.000e+00  
9.985e-01  3.853e-02  3.848e-02  
9.938e-01  1.058e-01  3.515e-02  
9.888e-01  4.708e-02  1.418e-01  
9.792e-01  2.007e-01  2.867e-02  
9.806e-01  1.009e-01  1.682e-01  
9.750e-01  1.905e-01  1.141e-01  
9.555e-01  4.166e-02  2.920e-01  
9.404e-01  3.394e-01  2.262e-02  
9.579e-01  1.762e-01  2.265e-01  
9.456e-01  2.961e-01  1.346e-01  
9.256e-01  8.502e-02  3.687e-01  
9.161e-01  3.906e-01  9.014e-02  
9.210e-01  1.610e-01  3.546e-01  
9.207e-01  3.081e-01  2.397e-01  
8.604e-01  3.367e-02  5.085e-01  
8.402e-01  5.420e-01  1.744e-02  
8.954e-01  2.946e-01  3.339e-01  
8.689e-01  4.611e-01  1.803e-01  
8.465e-01  1.436e-01  5.127e-01  
8.202e-01  5.625e-01  1.042e-01  
8.460e-01  2.471e-01  4.724e-01  
8.423e-01  4.449e-01  3.044e-01  
7.633e-01  6.645e-02  6.427e-01  
7.496e-01  6.584e-01  6.808e-02  
8.090e-01  3.318e-01  4.853e-01  
7.887e-01  5.446e-01  2.853e-01  
7.288e-01  1.242e-01  6.734e-01  
7.345e-01  6.535e-01  1.830e-01  
7.383e-01  2.458e-01  6.281e-01  
7.541e-01  4.925e-01  4.346e-01  
6.285e-01  2.499e-02  7.774e-01  
6.084e-01  7.935e-01  1.257e-02  
7.170e-01  4.773e-01  5.081e-01  
6.683e-01  6.995e-01  2.530e-01  
6.459e-01  2.209e-01  7.307e-01  
5.999e-01  7.896e-01  1.291e-01  
6.512e-01  3.711e-01  6.620e-01  
6.434e-01  6.445e-01  4.131e-01  
5.476e-01  1.015e-01  8.305e-01  
5.226e-01  8.496e-01  7.197e-02  
6.076e-01  4.681e-01  6.416e-01  
5.774e-01  7.336e-01  3.583e-01  
5.169e-01  1.739e-01  8.382e-01  
5.143e-01  8.310e-01  2.118e-01  
5.294e-01  3.300e-01  7.816e-01  
5.437e-01  6.463e-01  5.355e-01  
4.221e-01  4.452e-02  9.055e-01  
4.100e-01  9.110e-01  4.472e-02  
5.038e-01  5.511e-01  6.652e-01  
4.641e-01  8.161e-01  3.445e-01  
4.249e-01  2.228e-01  8.774e-01  
4.029e-01  8.961e-01  1.860e-01  
4.332e-01  3.950e-01  8.101e-01  
4.357e-01  7.271e-01  5.306e-01  
3.397e-01  7.913e-02  9.372e-01  
3.378e-01  9.342e-01  1.147e-01  
3.939e-01  4.960e-01  7.739e-01  
3.768e-01  8.079e-01  4.532e-01  
3.135e-01  1.532e-01  9.371e-01  
3.267e-01  9.037e-01  2.766e-01  
3.227e-01  3.219e-01  8.901e-01  
3.393e-01  6.856e-01  6.441e-01  
2.422e-01  1.061e-02  9.702e-01  
2.313e-01  9.728e-01  7.566e-03  
3.048e-01  6.629e-01  6.839e-01  
2.658e-01  9.106e-01  3.163e-01  
2.527e-01  2.942e-01  9.218e-01  
2.210e-01  9.640e-01  1.476e-01  
2.514e-01  4.854e-01  8.373e-01  
2.423e-01  8.245e-01  5.114e-01  
1.907e-01  1.291e-01  9.731e-01  
1.739e-01  9.820e-01  7.414e-02  
2.143e-01  5.877e-01  7.802e-01  
1.939e-01  8.874e-01  4.182e-01  
1.654e-01  2.107e-01  9.635e-01  
1.591e-01  9.594e-01  2.328e-01  
1.637e-01  3.958e-01  9.036e-01  
1.645e-01  7.692e-01  6.175e-01  
1.170e-01  5.726e-02  9.915e-01  
1.081e-01  9.933e-01  4.036e-02  
1.353e-01  6.439e-01  7.531e-01  
1.177e-01  9.199e-01  3.740e-01  
1.020e-01  2.569e-01  9.610e-01  
9.094e-02  9.772e-01  1.917e-01  
9.543e-02  4.493e-01  8.883e-01  
9.036e-02  8.133e-01  5.748e-01  
6.344e-02  9.340e-02  9.936e-01  
5.838e-02  9.920e-01  1.121e-01  
6.465e-02  5.510e-01  8.320e-01  
5.553e-02  8.778e-01  4.759e-01  
4.077e-02  1.715e-01  9.843e-01  
3.667e-02  9.590e-01  2.809e-01  
2.664e-02  3.521e-01  9.356e-01  
2.340e-02  7.392e-01  6.730e-01  
1.248e-02  2.384e-02  9.996e-01  
8.006e-03  9.997e-01  2.394e-02  
3.601e-03  6.732e-01  7.394e-01  
