5.999e-01  5.825e-01  5.825e-01  
5.825e-01  5.999e-01  5.825e-01  
9.984e-05  9.694e-05  1.019e+00  
5.999e-01  5.825e-01  5.825e-01  
7.122e-01  6.915e-01  2.305e-01  
3.156e-01  3.064e-01  9.193e-01  
7.276e-01  7.064e-01  1.009e-01  
4.772e-01  4.633e-01  7.722e-01  
6.746e-01  6.550e-01  3.930e-01  
1.469e-01  1.426e-01  9.983e-01  
7.304e-01  7.092e-01  4.727e-02  
5.446e-01  5.288e-01  6.799e-01  
6.970e-01  6.768e-01  3.076e-01  
2.299e-01  2.232e-01  9.674e-01  
7.219e-01  7.009e-01  1.618e-01  
3.995e-01  3.879e-01  8.535e-01  
6.429e-01  6.242e-01  4.855e-01  
6.965e-02  6.763e-02  1.014e+00  
7.310e-01  7.097e-01  2.288e-02  
5.739e-01  5.572e-01  6.315e-01  
7.054e-01  6.849e-01  2.680e-01  
2.727e-01  2.648e-01  9.456e-01  
7.251e-01  7.041e-01  1.304e-01  
4.394e-01  4.267e-01  8.145e-01  
6.600e-01  6.409e-01  4.385e-01  
1.074e-01  1.043e-01  1.008e+00  
7.293e-01  7.081e-01  7.325e-02  
5.123e-01  4.975e-01  7.271e-01  
6.868e-01  6.669e-01  3.493e-01  
1.878e-01  1.824e-01  9.849e-01  
7.176e-01  6.968e-01  1.951e-01  
3.581e-01  3.477e-01  8.885e-01  
6.229e-01  6.048e-01  5.337e-01  
3.382e-02  3.284e-02  1.018e+00  
7.099e-01  7.311e-01  1.468e-02  
5.873e-01  5.702e-01  6.070e-01  
6.865e-01  7.070e-01  2.599e-01  
2.941e-01  2.856e-01  9.330e-01  
7.021e-01  7.231e-01  1.512e-01  
4.586e-01  4.453e-01  7.937e-01  
6.557e-01  6.568e-01  4.210e-01  
1.269e-01  1.232e-01  1.004e+00  
7.067e-01  7.278e-01  9.736e-02  
5.289e-01  5.135e-01  7.037e-01  
6.517e-01  6.711e-01  4.043e-01  
2.088e-01  2.027e-01  9.767e-01  
6.824e-01  7.028e-01  2.810e-01  
3.790e-01  3.680e-01  8.715e-01  
5.854e-01  6.029e-01  5.765e-01  
5.149e-02  4.999e-02  1.017e+00  
7.079e-01  7.290e-01  7.734e-02  
5.225e-01  5.381e-01  6.899e-01  
6.306e-01  6.494e-01  4.682e-01  
2.512e-01  2.440e-01  9.570e-01  
6.759e-01  6.961e-01  3.119e-01  
4.197e-01  4.075e-01  8.345e-01  
5.414e-01  5.576e-01  6.592e-01  
8.829e-02  8.573e-02  1.012e+00  
6.909e-01  7.115e-01  2.346e-01  
4.189e-01  4.314e-01  8.228e-01  
5.442e-01  5.605e-01  6.545e-01  
1.672e-01  1.623e-01  9.921e-01  
6.115e-01  6.298e-01  5.177e-01  
3.282e-01  3.282e-01  9.073e-01  
4.290e-01  4.418e-01  8.120e-01  
1.665e-02  1.617e-02  1.019e+00  
7.097e-01  7.310e-01  2.350e-02  
3.826e-01  3.940e-01  8.584e-01  
5.468e-01  5.632e-01  6.499e-01  
2.600e-01  2.677e-01  9.483e-01  
6.436e-01  6.629e-01  4.301e-01  
2.810e-01  2.894e-01  9.359e-01  
3.993e-01  4.112e-01  8.427e-01  
1.369e-01  1.329e-01  1.001e+00  
6.805e-01  7.008e-01  2.904e-01  
2.605e-01  2.683e-01  9.480e-01  
3.939e-01  4.056e-01  8.479e-01  
1.701e-01  1.752e-01  9.894e-01  
4.972e-01  5.120e-01  7.275e-01  
1.788e-01  1.841e-01  9.863e-01  
2.538e-01  2.614e-01  9.518e-01  
6.051e-02  5.875e-02  1.016e+00  
6.871e-01  7.076e-01  2.566e-01  
1.788e-01  1.841e-01  9.863e-01  
2.922e-01  3.010e-01  9.288e-01  
1.076e-01  1.109e-01  1.007e+00  
3.995e-01  4.115e-01  8.424e-01  
1.083e-01  1.115e-01  1.007e+00  
1.564e-01  1.610e-01  9.941e-01  
6.545e-02  6.741e-02  1.015e+00  
4.251e-01  4.378e-01  8.163e-01  
7.899e-02  8.135e-02  1.013e+00  
1.174e-01  1.209e-01  1.005e+00  
4.216e-02  4.342e-02  1.017e+00  
1.309e-01  1.348e-01  1.002e+00  
3.367e-02  3.468e-02  1.018e+00  
3.959e-02  4.078e-02  1.018e+00  
1.371e-02  1.411e-02  1.019e+00  
3.068e-01  3.159e-01  9.191e-01  
5.037e-03  5.187e-03  1.019e+00  
