3.424e+02  6.180e-05  1.046e-03  
4.113e-04  3.424e+02  4.293e-04  
1.683e-06  5.122e-05  3.426e+02  
3.424e+02  6.180e-05  1.046e-03  
3.416e+02  2.618e+01  1.047e-03  
3.402e+02  6.140e-05  4.395e+01  
3.357e+02  6.871e+01  1.047e-03  
3.361e+02  2.990e+01  5.757e+01  
3.344e+02  6.480e+01  3.312e+01  
3.273e+02  5.907e-05  1.001e+02  
3.233e+02  1.156e+02  1.255e-03  
3.291e+02  5.657e+01  7.656e+01  
3.246e+02  1.015e+02  4.066e+01  
3.175e+02  2.824e+01  1.253e+02  
3.143e+02  1.332e+02  2.771e+01  
3.164e+02  4.877e+01  1.218e+02  
3.180e+02  1.060e+02  7.518e+01  
2.955e+02  4.853e+00  1.745e+02  
2.888e+02  1.859e+02  8.432e-04  
3.084e+02  9.856e+01  1.138e+02  
2.995e+02  1.585e+02  6.158e+01  
2.920e+02  4.668e+01  1.746e+02  
2.817e+02  1.936e+02  3.562e+01  
2.925e+02  7.721e+01  1.637e+02  
2.894e+02  1.532e+02  1.038e+02  
2.632e+02  1.249e+01  2.205e+02  
2.582e+02  2.261e+02  1.678e+01  
2.807e+02  1.122e+02  1.636e+02  
2.708e+02  1.877e+02  9.809e+01  
2.507e+02  3.865e+01  2.304e+02  
2.540e+02  2.261e+02  5.955e+01  
2.556e+02  8.297e+01  2.169e+02  
2.584e+02  1.695e+02  1.498e+02  
2.156e+02  3.892e-05  2.665e+02  
2.098e+02  2.737e+02  1.261e-03  
2.475e+02  1.621e+02  1.747e+02  
2.322e+02  2.434e+02  8.306e+01  
2.229e+02  7.497e+01  2.520e+02  
2.070e+02  2.701e+02  4.302e+01  
2.241e+02  1.282e+02  2.280e+02  
2.219e+02  2.212e+02  1.418e+02  
1.886e+02  3.404e-05  2.861e+02  
1.790e+02  2.912e+02  2.409e+01  
2.089e+02  1.610e+02  2.207e+02  
1.979e+02  2.517e+02  1.241e+02  
1.782e+02  5.994e+01  2.888e+02  
1.754e+02  2.854e+02  7.217e+01  
1.814e+02  1.132e+02  2.686e+02  
1.865e+02  2.213e+02  1.840e+02  
1.458e+02  2.513e+00  3.126e+02  
1.402e+02  3.126e+02  4.295e-04  
1.741e+02  1.883e+02  2.308e+02  
1.580e+02  2.808e+02  1.186e+02  
1.467e+02  7.445e+01  3.024e+02  
1.377e+02  3.072e+02  6.122e+01  
1.482e+02  1.333e+02  2.791e+02  
1.429e+02  2.525e+02  1.837e+02  
1.161e+02  2.481e+01  3.224e+02  
1.119e+02  3.216e+02  3.772e+01  
1.361e+02  1.718e+02  2.679e+02  
1.295e+02  2.798e+02  1.526e+02  
1.079e+02  4.790e+01  3.228e+02  
1.084e+02  3.115e+02  9.280e+01  
1.100e+02  1.104e+02  3.072e+02  
1.165e+02  2.348e+02  2.212e+02  
8.330e+01  1.435e+00  3.346e+02  
7.819e+01  3.330e+02  4.289e-04  
1.029e+02  2.289e+02  2.356e+02  
9.108e+01  3.118e+02  1.086e+02  
8.531e+01  1.012e+02  3.169e+02  
7.422e+01  3.309e+02  4.742e+01  
8.282e+01  1.670e+02  2.883e+02  
8.146e+01  2.840e+02  1.744e+02  
6.348e+01  3.877e+01  3.348e+02  
5.376e+01  3.372e+02  2.399e+01  
6.937e+01  2.022e+02  2.686e+02  
6.353e+01  3.052e+02  1.427e+02  
5.615e+01  7.143e+01  3.305e+02  
5.249e+01  3.293e+02  7.882e+01  
5.320e+01  1.361e+02  3.123e+02  
5.433e+01  2.640e+02  2.127e+02  
3.936e+01  1.651e+01  3.412e+02  
3.603e+01  3.404e+02  1.178e+01  
4.655e+01  2.206e+02  2.591e+02  
3.341e+01  3.157e+02  1.282e+02  
2.748e+01  8.667e+01  3.307e+02  
2.971e+01  3.350e+02  6.380e+01  
3.088e+01  1.545e+02  3.055e+02  
3.373e-04  2.807e+02  1.984e+02  
2.198e+01  3.211e+01  3.413e+02  
1.829e+01  3.398e+02  3.769e+01  
2.149e+01  1.887e+02  2.856e+02  
3.617e-04  3.011e+02  1.640e+02  
1.388e+01  5.814e+01  3.384e+02  
3.948e-04  3.286e+02  9.579e+01  
9.334e+00  1.208e+02  3.215e+02  
3.065e-04  2.551e+02  2.325e+02  
1.683e-06  5.122e-05  3.426e+02  
4.113e-04  3.424e+02  4.293e-04  
2.769e-04  2.305e+02  2.542e+02  
