5.192e-01  4.094e-02  9.554e-01  
5.781e-02  1.305e+00  9.990e-01  
3.484e-04  2.943e-04  1.461e+00  
5.192e-01  4.094e-02  9.554e-01  
3.815e-01  4.097e-02  9.549e-01  
6.189e-02  1.559e-02  9.990e-01  
3.224e-01  6.609e-02  9.501e-01  
1.459e-01  3.128e-02  9.959e-01  
2.595e-01  5.042e-02  9.716e-01  
3.554e-02  8.492e-03  1.000e+00  
3.226e-01  1.128e-01  9.490e-01  
1.435e-01  4.040e-02  9.957e-01  
2.492e-01  7.486e-02  9.766e-01  
5.993e-02  1.245e-02  9.990e-01  
2.610e-01  9.869e-02  9.670e-01  
1.252e-01  2.482e-02  9.964e-01  
1.863e-01  5.719e-02  9.878e-01  
9.596e-02  2.953e-03  1.000e+00  
3.232e-01  1.430e-01  9.479e-01  
1.430e-01  4.706e-02  9.957e-01  
1.983e-01  1.051e-01  9.825e-01  
5.938e-02  1.638e-02  9.990e-01  
2.519e-01  1.632e-01  9.728e-01  
7.991e-02  2.850e-02  9.990e-01  
1.448e-01  7.894e-02  9.954e-01  
1.711e-02  4.463e-03  1.000e+00  
2.659e-01  2.302e-01  9.654e-01  
7.656e-02  3.912e-02  9.990e-01  
1.402e-01  1.030e-01  9.954e-01  
5.971e-02  1.087e-02  9.991e-01  
1.865e-01  5.565e-02  9.876e-01  
5.549e-02  1.752e-02  9.990e-01  
9.604e-02  6.206e-02  9.968e-01  
1.860e-02  1.185e-03  1.000e+00  
3.232e-01  1.430e-01  9.479e-01  
5.696e-02  4.204e-02  9.990e-01  
1.363e-01  1.080e-01  9.954e-01  
5.040e-02  1.788e-02  9.991e-01  
1.951e-01  2.435e-01  9.833e-01  
5.477e-02  2.628e-02  9.990e-01  
5.777e-02  5.820e-02  9.990e-01  
2.563e-02  7.026e-03  1.000e+00  
2.492e-01  3.885e-01  9.756e-01  
5.477e-02  2.628e-02  9.990e-01  
5.647e-02  1.049e-01  9.990e-01  
2.083e-02  1.171e-02  1.000e+00  
1.310e-01  1.776e-01  9.954e-01  
3.924e-02  2.290e-02  9.996e-01  
5.777e-02  5.820e-02  9.990e-01  
1.955e-02  3.009e-03  1.000e+00  
2.559e-01  4.050e-01  9.688e-01  
4.395e-02  4.579e-02  9.991e-01  
6.365e-02  1.186e-01  9.990e-01  
2.023e-02  1.504e-02  1.000e+00  
1.175e-01  1.652e-01  9.955e-01  
2.186e-02  1.798e-02  1.000e+00  
4.774e-02  5.447e-02  9.991e-01  
7.108e-03  4.573e-03  1.000e+00  
1.573e-01  3.966e-01  9.951e-01  
2.186e-02  1.798e-02  1.000e+00  
4.836e-02  5.466e-02  9.991e-01  
1.774e-02  9.470e-03  1.000e+00  
6.365e-02  1.186e-01  9.990e-01  
2.051e-02  1.841e-02  1.000e+00  
2.074e-02  1.891e-02  1.000e+00  
1.340e-02  9.719e-04  1.000e+00  
3.202e-01  5.930e-01  9.513e-01  
2.074e-02  1.891e-02  1.000e+00  
4.866e-02  6.013e-02  9.991e-01  
1.623e-02  1.400e-02  1.000e+00  
7.125e-02  3.225e-01  9.980e-01  
1.724e-02  1.866e-02  1.000e+00  
2.039e-02  7.481e-02  1.000e+00  
8.085e-03  6.606e-03  1.000e+00  
1.234e-01  6.610e-01  9.953e-01  
1.480e-02  1.426e-02  1.000e+00  
2.013e-02  9.854e-02  1.000e+00  
1.027e-02  1.111e-02  1.000e+00  
3.963e-02  6.342e-02  9.996e-01  
9.525e-03  2.104e-02  1.000e+00  
1.480e-02  1.426e-02  1.000e+00  
6.353e-03  3.323e-03  1.000e+00  
1.440e-01  9.659e-01  9.951e-01  
1.041e-02  3.940e-02  1.000e+00  
1.794e-02  8.011e-02  1.000e+00  
6.512e-03  1.363e-02  1.000e+00  
2.335e-02  1.622e-01  1.000e+00  
6.512e-03  1.363e-02  1.000e+00  
9.363e-03  7.897e-02  1.000e+00  
3.615e-03  5.615e-03  1.000e+00  
2.335e-02  1.622e-01  1.000e+00  
4.860e-03  1.105e-02  1.000e+00  
6.862e-03  7.984e-02  1.000e+00  
2.604e-03  1.030e-02  1.000e+00  
7.697e-03  1.864e-01  1.000e+00  
2.208e-03  2.192e-02  1.000e+00  
2.348e-03  6.079e-02  1.000e+00  
1.009e-03  1.570e-03  1.001e+00  
1.811e-02  6.186e-02  1.000e+00  
5.458e-04  5.326e-02  1.000e+00  
