8.569e-01  3.254e-02  7.558e-01  
2.457e-01  1.219e+00  9.709e-01  
9.895e-04  1.268e-03  2.323e+00  
8.339e-01  3.342e-02  7.569e-01  
6.692e-01  7.239e-02  7.485e-01  
6.020e-01  2.967e-02  8.227e-01  
6.706e-01  1.266e-01  7.452e-01  
5.723e-01  5.751e-02  8.232e-01  
6.120e-01  8.911e-02  7.948e-01  
5.679e-01  2.810e-02  8.375e-01  
6.759e-01  2.064e-01  7.418e-01  
5.312e-01  9.658e-02  8.506e-01  
5.905e-01  1.579e-01  8.096e-01  
4.367e-01  4.194e-02  9.072e-01  
6.211e-01  2.232e-01  7.860e-01  
4.475e-01  6.956e-02  8.978e-01  
5.162e-01  1.673e-01  8.599e-01  
1.673e-01  1.528e-02  9.998e-01  
6.766e-01  3.905e-01  7.393e-01  
4.520e-01  1.323e-01  8.938e-01  
5.469e-01  2.162e-01  8.388e-01  
3.511e-01  5.611e-02  9.382e-01  
6.007e-01  3.694e-01  8.016e-01  
3.692e-01  1.060e-01  9.315e-01  
4.586e-01  2.417e-01  8.908e-01  
2.734e-01  2.534e-02  9.669e-01  
6.248e-01  5.152e-01  7.823e-01  
3.531e-01  1.039e-01  9.370e-01  
4.584e-01  3.024e-01  8.907e-01  
2.621e-01  4.322e-02  9.670e-01  
5.211e-01  4.485e-01  8.552e-01  
2.802e-01  9.250e-02  9.630e-01  
3.624e-01  9.376e-02  9.339e-01  
1.309e-01  5.303e-03  9.999e-01  
6.766e-01  5.423e-01  7.392e-01  
3.168e-01  1.761e-01  9.496e-01  
4.489e-01  4.405e-01  8.950e-01  
2.223e-01  5.491e-02  9.764e-01  
5.411e-01  5.014e-01  8.418e-01  
2.419e-01  1.167e-01  9.718e-01  
3.378e-01  3.376e-01  9.422e-01  
1.729e-01  3.158e-02  9.868e-01  
5.945e-01  6.424e-01  8.074e-01  
2.351e-01  1.349e-01  9.736e-01  
3.455e-01  4.344e-01  9.395e-01  
1.623e-01  5.070e-02  9.879e-01  
4.350e-01  6.351e-01  9.041e-01  
1.757e-01  9.115e-02  9.853e-01  
2.483e-01  2.506e-01  9.702e-01  
3.069e-02  9.073e-03  9.999e-01  
6.161e-01  5.972e-01  7.924e-01  
1.946e-01  1.363e-01  9.822e-01  
3.068e-01  5.012e-01  9.528e-01  
1.299e-01  6.638e-02  9.924e-01  
4.099e-01  8.340e-01  9.144e-01  
1.421e-01  1.293e-01  9.904e-01  
2.086e-01  3.207e-01  9.788e-01  
2.939e-02  1.043e-02  9.999e-01  
4.762e-01  5.946e-01  8.862e-01  
1.359e-01  1.576e-01  9.913e-01  
2.105e-01  3.846e-01  9.783e-01  
7.874e-02  3.461e-02  9.990e-01  
2.790e-01  7.676e-01  9.614e-01  
7.172e-02  6.855e-02  9.990e-01  
1.401e-01  2.584e-01  9.906e-01  
4.301e-02  5.261e-03  9.999e-01  
6.691e-01  6.156e-01  7.475e-01  
1.199e-01  2.287e-01  9.933e-01  
2.128e-01  5.245e-01  9.779e-01  
7.172e-02  6.855e-02  9.990e-01  
3.291e-01  1.037e+00  9.452e-01  
7.050e-02  5.437e-02  9.990e-01  
1.270e-01  3.823e-01  9.924e-01  
4.173e-02  2.479e-02  9.998e-01  
4.266e-01  5.779e-01  9.072e-01  
6.478e-02  7.716e-02  9.990e-01  
1.246e-01  4.786e-01  9.926e-01  
4.160e-02  3.577e-02  9.998e-01  
1.769e-01  6.166e-01  9.848e-01  
3.530e-02  9.179e-02  9.999e-01  
2.826e-02  1.479e-02  9.999e-01  
2.921e-02  1.582e-02  9.999e-01  
4.518e-01  7.419e-01  8.938e-01  
4.207e-02  5.321e-02  9.998e-01  
6.860e-02  6.381e-02  9.990e-01  
2.939e-02  1.043e-02  9.999e-01  
1.270e-01  4.783e-01  9.924e-01  
2.921e-02  1.582e-02  9.999e-01  
3.262e-02  1.632e-01  9.998e-01  
1.555e-02  1.583e-02  1.000e+00  
1.389e-01  6.808e-01  9.913e-01  
1.304e-02  1.409e-02  1.000e+00  
2.826e-02  1.479e-02  9.999e-01  
1.191e-02  1.437e-02  1.000e+00  
3.262e-02  1.632e-01  9.998e-01  
9.654e-03  1.018e-01  1.000e+00  
9.841e-03  1.868e-01  1.000e+00  
4.346e-03  7.337e-03  1.002e+00  
7.642e-02  1.611e-01  9.987e-01  
2.261e-03  1.595e-01  1.002e+00  
