1.286e+00  1.034e-01  6.978e-02  
7.856e-01  2.517e+00  9.999e-01  
2.393e-02  7.035e-02  1.262e+00  
1.286e+00  1.034e-01  6.978e-02  
1.077e+00  1.479e-01  4.875e-02  
1.133e+00  9.456e-02  1.549e-01  
1.022e+00  2.512e-01  4.033e-02  
1.017e+00  1.445e-01  1.811e-01  
9.983e-01  2.304e-01  1.177e-01  
1.127e+00  9.217e-02  1.787e-01  
1.000e+00  3.924e-01  3.334e-02  
9.980e-01  2.144e-01  2.401e-01  
9.980e-01  3.083e-01  1.451e-01  
1.016e+00  1.329e-01  4.121e-01  
9.980e-01  3.665e-01  1.083e-01  
9.979e-01  2.147e-01  3.816e-01  
9.979e-01  3.693e-01  2.608e-01  
1.188e+00  9.120e-02  1.804e-01  
1.000e+00  4.831e-01  2.899e-02  
9.979e-01  3.308e-01  3.684e-01  
9.979e-01  3.573e-01  2.176e-01  
9.979e-01  2.095e-01  4.897e-01  
9.980e-01  5.090e-01  1.362e-01  
9.979e-01  3.258e-01  5.354e-01  
9.979e-01  3.308e-01  3.684e-01  
1.016e+00  1.313e-01  4.428e-01  
9.980e-01  8.056e-01  9.688e-02  
9.979e-01  4.461e-01  5.943e-01  
9.979e-01  3.578e-01  3.644e-01  
9.979e-01  2.095e-01  4.897e-01  
9.979e-01  3.824e-01  2.409e-01  
9.979e-01  3.520e-01  5.560e-01  
9.979e-01  4.504e-01  5.807e-01  
3.506e-01  7.511e-02  1.005e+00  
1.000e+00  4.831e-01  2.899e-02  
9.979e-01  4.504e-01  5.807e-01  
9.979e-01  4.505e-01  3.702e-01  
5.266e-01  3.330e-01  9.999e-01  
9.979e-01  4.943e-01  2.250e-01  
5.790e-01  4.944e-01  9.999e-01  
9.979e-01  4.437e-01  6.066e-01  
4.570e-01  1.632e-01  9.999e-01  
9.980e-01  9.555e-01  1.456e-01  
6.976e-01  6.208e-01  9.999e-01  
9.979e-01  4.448e-01  5.957e-01  
4.834e-01  2.456e-01  9.999e-01  
9.979e-01  4.163e-01  4.157e-01  
5.805e-01  4.172e-01  9.999e-01  
9.979e-01  4.437e-01  6.066e-01  
3.777e-01  9.079e-02  1.002e+00  
9.980e-01  9.736e-01  9.737e-02  
6.976e-01  6.208e-01  9.999e-01  
9.979e-01  4.079e-01  6.813e-01  
4.631e-01  2.868e-01  9.999e-01  
9.979e-01  5.186e-01  4.360e-01  
5.255e-01  5.160e-01  9.999e-01  
5.642e-01  1.251e+00  9.999e-01  
2.890e-01  1.124e-01  1.000e+00  
9.979e-01  5.274e-01  3.380e-01  
5.060e-01  4.579e-01  9.999e-01  
6.244e-01  1.674e+00  9.999e-01  
3.307e-01  1.882e-01  1.000e+00  
9.979e-01  4.079e-01  6.813e-01  
3.572e-01  3.629e-01  9.999e-01  
4.581e-01  8.761e-01  9.999e-01  
1.887e-01  5.941e-02  1.095e+00  
9.993e-01  8.485e-01  4.298e-02  
4.233e-01  3.983e-01  9.999e-01  
7.856e-01  2.517e+00  9.999e-01  
2.294e-01  3.545e-01  9.999e-01  
9.979e-01  4.007e-01  5.260e-01  
2.957e-01  6.101e-01  9.999e-01  
4.521e-01  1.369e+00  9.999e-01  
1.843e-01  1.726e-01  1.004e+00  
9.979e-01  4.935e-01  4.253e-01  
2.555e-01  7.078e-01  9.999e-01  
4.507e-01  1.936e+00  9.999e-01  
1.673e-01  2.457e-01  1.000e+00  
6.689e-01  2.208e+00  9.999e-01  
1.818e-01  3.580e-01  9.999e-01  
2.555e-01  7.078e-01  9.999e-01  
8.311e-02  9.666e-02  1.016e+00  
9.979e-01  3.995e-01  3.717e-01  
1.801e-01  7.501e-01  9.999e-01  
2.783e-01  1.027e+00  9.999e-01  
1.033e-01  3.061e-01  1.001e+00  
4.507e-01  1.936e+00  9.999e-01  
1.072e-01  5.186e-01  1.000e+00  
1.474e-01  4.739e-01  1.000e+00  
4.222e-02  1.332e-01  1.013e+00  
5.090e-01  1.893e+00  9.999e-01  
7.897e-02  5.325e-01  1.000e+00  
1.173e-01  1.035e+00  1.000e+00  
4.054e-02  2.111e-01  1.011e+00  
1.173e-01  1.035e+00  1.000e+00  
3.002e-02  3.258e-01  1.007e+00  
4.132e-02  9.719e-01  1.005e+00  
2.392e-02  7.469e-02  1.302e+00  
2.783e-01  1.025e+00  9.999e-01  
7.164e-03  6.613e-01  1.028e+00  
