1.009e+00  7.884e-02  4.447e-02  
9.941e-01  1.914e+00  9.908e-01  
1.802e-02  4.928e-02  1.181e+00  
1.009e+00  7.967e-02  4.312e-02  
1.004e+00  1.345e-01  4.234e-02  
1.003e+00  8.900e-02  1.489e-01  
1.003e+00  2.453e-01  3.161e-02  
1.000e+00  1.347e-01  1.495e-01  
1.001e+00  2.131e-01  1.185e-01  
1.002e+00  8.471e-02  2.545e-01  
1.003e+00  3.980e-01  3.230e-02  
1.000e+00  2.011e-01  1.737e-01  
1.000e+00  1.347e-01  1.495e-01  
1.000e+00  1.261e-01  2.299e-01  
9.980e-01  4.246e-01  1.052e-01  
9.969e-01  2.043e-01  3.628e-01  
9.971e-01  3.539e-01  2.630e-01  
1.003e+00  8.065e-02  2.413e-01  
1.003e+00  4.252e-01  2.889e-02  
9.967e-01  2.636e-01  3.582e-01  
9.973e-01  4.125e-01  2.076e-01  
9.964e-01  2.064e-01  5.744e-01  
9.976e-01  4.935e-01  1.327e-01  
9.964e-01  2.622e-01  5.584e-01  
9.967e-01  3.658e-01  3.588e-01  
1.000e+00  1.261e-01  2.299e-01  
9.980e-01  4.793e-01  9.726e-02  
9.964e-01  2.455e-01  5.897e-01  
9.967e-01  3.658e-01  3.588e-01  
9.964e-01  2.095e-01  5.627e-01  
9.974e-01  2.820e-01  2.121e-01  
9.963e-01  3.614e-01  8.458e-01  
9.964e-01  2.273e-01  5.684e-01  
3.959e-01  7.277e-02  1.002e+00  
1.004e+00  5.860e-01  2.826e-02  
9.963e-01  3.258e-01  6.888e-01  
9.968e-01  3.630e-01  3.690e-01  
3.752e-01  3.420e-01  1.000e+00  
9.976e-01  3.369e-01  2.010e-01  
2.433e-01  5.760e-01  1.000e+00  
9.964e-01  2.920e-01  6.316e-01  
3.547e-01  1.611e-01  1.000e+00  
9.977e-01  4.205e-01  1.426e-01  
2.552e-01  6.602e-01  1.000e+00  
9.964e-01  3.982e-01  6.133e-01  
4.722e-01  2.358e-01  1.000e+00  
9.968e-01  3.532e-01  3.962e-01  
3.003e-01  4.241e-01  1.000e+00  
9.957e-01  1.107e+00  9.806e-01  
3.224e-01  8.668e-02  1.000e+00  
9.980e-01  6.340e-01  1.132e-01  
2.326e-01  8.324e-01  1.000e+00  
9.956e-01  1.332e+00  6.658e-01  
4.275e-01  2.802e-01  1.000e+00  
9.967e-01  7.549e-01  4.617e-01  
2.632e-01  5.178e-01  1.000e+00  
2.129e-01  8.874e-01  1.000e+00  
3.311e-01  1.102e-01  1.000e+00  
9.970e-01  2.301e-01  3.423e-01  
2.552e-01  6.602e-01  1.000e+00  
2.470e-01  1.093e+00  1.000e+00  
3.004e-01  2.011e-01  1.000e+00  
9.949e-01  1.569e+00  8.382e-01  
2.706e-01  3.970e-01  1.000e+00  
2.166e-01  1.009e+00  1.000e+00  
2.297e-01  5.161e-02  1.010e+00  
1.003e+00  5.117e-01  3.361e-02  
2.686e-01  8.389e-01  1.000e+00  
2.622e-01  7.719e-01  1.000e+00  
2.595e-01  3.547e-01  1.000e+00  
9.956e-01  1.332e+00  6.658e-01  
2.793e-01  6.096e-01  1.000e+00  
2.129e-01  8.874e-01  1.000e+00  
1.953e-01  1.463e-01  1.000e+00  
9.968e-01  3.026e-01  4.188e-01  
2.622e-01  7.719e-01  1.000e+00  
2.247e-01  8.642e-01  1.000e+00  
1.645e-01  2.221e-01  1.000e+00  
2.247e-01  8.642e-01  1.000e+00  
1.809e-01  4.703e-01  1.000e+00  
2.326e-01  8.324e-01  1.000e+00  
1.230e-01  9.506e-02  1.006e+00  
9.970e-01  2.301e-01  3.423e-01  
1.817e-01  8.406e-01  1.000e+00  
2.057e-01  8.814e-01  1.000e+00  
1.011e-01  2.933e-01  1.000e+00  
2.427e-01  7.571e-01  1.000e+00  
1.078e-01  5.305e-01  1.000e+00  
1.630e-01  8.827e-01  1.000e+00  
6.822e-02  1.177e-01  1.000e+00  
2.614e-01  9.302e-01  1.000e+00  
8.242e-02  5.276e-01  1.000e+00  
1.225e-01  9.190e-01  1.000e+00  
4.890e-02  2.164e-01  1.007e+00  
1.350e-01  1.080e+00  1.000e+00  
3.939e-02  3.285e-01  1.005e+00  
4.497e-02  8.659e-01  1.001e+00  
2.260e-02  5.375e-02  1.147e+00  
2.614e-01  9.302e-01  1.000e+00  
1.227e-02  5.661e-01  1.039e+00  
