7.610e-03  2.013e-03  1.000e+00  
2.124e-03  4.668e-03  1.000e+00  
6.535e-06  8.255e-06  1.004e+00  
7.610e-03  2.013e-03  1.000e+00  
6.125e-02  6.371e-03  9.998e-01  
5.075e-03  7.193e-04  1.000e+00  
6.602e-02  1.333e-02  9.994e-01  
8.482e-03  1.353e-03  1.000e+00  
9.011e-03  2.694e-03  1.000e+00  
3.581e-03  3.473e-04  1.000e+00  
6.440e-02  2.310e-02  9.991e-01  
6.606e-03  1.814e-03  1.000e+00  
8.669e-03  3.396e-03  1.000e+00  
4.577e-03  4.778e-04  1.000e+00  
2.219e-02  9.323e-03  9.998e-01  
3.717e-03  1.054e-03  1.000e+00  
8.468e-03  2.522e-03  1.000e+00  
8.464e-05  3.992e-05  1.000e+00  
6.472e-02  2.331e-02  9.989e-01  
6.400e-03  1.990e-03  1.000e+00  
8.868e-03  2.629e-03  1.000e+00  
3.103e-03  6.755e-04  1.000e+00  
1.063e-02  1.062e-02  1.000e+00  
3.923e-03  1.118e-03  1.000e+00  
5.988e-03  2.481e-03  1.000e+00  
2.601e-03  2.477e-04  1.000e+00  
2.341e-02  2.097e-02  9.998e-01  
3.066e-03  1.315e-03  1.000e+00  
5.722e-03  3.357e-03  1.000e+00  
1.279e-03  4.247e-04  1.000e+00  
8.669e-03  3.396e-03  1.000e+00  
2.751e-03  8.703e-04  1.000e+00  
3.908e-03  2.680e-03  1.000e+00  
8.427e-05  3.992e-05  1.000e+00  
6.419e-02  7.982e-02  9.989e-01  
2.955e-03  1.961e-03  1.000e+00  
5.722e-03  3.357e-03  1.000e+00  
1.787e-03  6.827e-04  1.000e+00  
9.944e-03  3.746e-03  1.000e+00  
2.226e-03  1.333e-03  1.000e+00  
3.436e-03  2.430e-03  1.000e+00  
1.086e-03  2.888e-04  1.000e+00  
9.944e-03  3.746e-03  1.000e+00  
1.970e-03  1.473e-03  1.000e+00  
3.296e-03  4.387e-03  1.000e+00  
1.279e-03  4.247e-04  1.000e+00  
5.602e-03  6.075e-03  1.000e+00  
1.613e-03  9.301e-04  1.000e+00  
2.405e-03  1.806e-03  1.000e+00  
8.464e-05  3.992e-05  1.000e+00  
2.023e-02  3.551e-02  9.998e-01  
1.784e-03  1.457e-03  1.000e+00  
2.749e-03  4.184e-03  1.000e+00  
1.146e-03  5.432e-04  1.000e+00  
3.309e-03  6.779e-03  1.000e+00  
1.220e-03  8.356e-04  1.000e+00  
1.888e-03  2.575e-03  1.000e+00  
7.941e-04  2.065e-04  1.000e+00  
6.218e-03  1.396e-02  1.000e+00  
1.215e-03  7.741e-04  1.000e+00  
1.888e-03  2.575e-03  1.000e+00  
7.230e-04  3.658e-04  1.000e+00  
2.737e-03  6.085e-03  1.000e+00  
8.265e-04  5.703e-04  1.000e+00  
1.215e-03  7.741e-04  1.000e+00  
8.427e-05  3.992e-05  1.000e+00  
6.305e-02  2.299e-01  9.996e-01  
1.069e-03  1.874e-03  1.000e+00  
1.798e-03  5.606e-03  1.000e+00  
6.548e-04  2.854e-04  1.000e+00  
2.740e-03  6.677e-03  1.000e+00  
7.214e-04  3.603e-04  1.000e+00  
1.111e-03  7.286e-04  1.000e+00  
4.067e-04  3.215e-04  1.000e+00  
5.261e-03  1.035e-02  1.000e+00  
6.479e-04  1.149e-03  1.000e+00  
1.111e-03  7.286e-04  1.000e+00  
4.077e-04  4.465e-04  1.000e+00  
1.584e-03  6.950e-03  1.000e+00  
4.067e-04  3.215e-04  1.000e+00  
6.393e-04  1.148e-03  1.000e+00  
8.434e-05  3.992e-05  1.000e+00  
6.218e-03  1.396e-02  1.000e+00  
4.070e-04  4.468e-04  1.000e+00  
7.358e-04  4.904e-04  1.000e+00  
8.540e-05  4.847e-04  1.000e+00  
1.083e-03  7.909e-03  1.000e+00  
8.540e-05  4.847e-04  1.000e+00  
3.671e-04  4.630e-04  1.000e+00  
8.427e-05  3.992e-05  1.000e+00  
1.142e-03  8.164e-04  1.000e+00  
8.434e-05  4.133e-05  1.000e+00  
8.661e-05  4.545e-05  1.000e+00  
8.434e-05  4.133e-05  1.000e+00  
8.661e-05  4.545e-05  1.000e+00  
8.434e-05  3.992e-05  1.000e+00  
8.667e-05  5.536e-05  1.000e+00  
3.399e-05  4.373e-05  1.000e+00  
7.714e-04  9.464e-02  1.000e+00  
1.720e-05  1.036e-04  1.000e+00  
