1.029e+00  4.198e-02  
1.213e-01  7.254e-01  
9.350e-01  4.608e-02  
9.147e-01  5.370e-02  
9.095e-01  6.232e-02  
9.071e-01  7.051e-02  
9.059e-01  7.748e-02  
9.052e-01  8.732e-02  
9.049e-01  9.512e-02  
8.506e-01  1.027e-01  
8.151e-01  1.078e-01  
8.012e-01  1.147e-01  
7.959e-01  1.226e-01  
7.927e-01  1.309e-01  
7.911e-01  1.393e-01  
7.900e-01  1.475e-01  
7.893e-01  1.565e-01  
7.888e-01  1.666e-01  
7.885e-01  1.759e-01  
7.882e-01  1.822e-01  
7.880e-01  1.915e-01  
7.880e-01  2.003e-01  
7.879e-01  2.104e-01  
7.879e-01  2.104e-01  
6.934e-01  2.347e-01  
6.932e-01  2.347e-01  
6.932e-01  2.347e-01  
6.694e-01  2.350e-01  
6.424e-01  2.357e-01  
6.222e-01  2.371e-01  
6.031e-01  2.390e-01  
5.885e-01  2.426e-01  
5.809e-01  2.491e-01  
5.762e-01  2.570e-01  
5.742e-01  2.658e-01  
5.728e-01  2.749e-01  
5.718e-01  2.846e-01  
5.711e-01  2.965e-01  
5.711e-01  2.976e-01  
5.531e-01  3.117e-01  
5.384e-01  3.118e-01  
5.224e-01  3.124e-01  
5.070e-01  3.135e-01  
4.932e-01  3.154e-01  
4.817e-01  3.175e-01  
4.711e-01  3.219e-01  
4.654e-01  3.270e-01  
4.615e-01  3.358e-01  
4.591e-01  3.454e-01  
4.574e-01  3.578e-01  
4.561e-01  3.683e-01  
4.552e-01  3.805e-01  
4.547e-01  3.913e-01  
4.543e-01  4.047e-01  
4.540e-01  4.230e-01  
4.539e-01  4.302e-01  
4.539e-01  4.302e-01  
4.539e-01  4.302e-01  
4.539e-01  4.302e-01  
3.987e-01  4.954e-01  
3.953e-01  4.955e-01  
3.953e-01  4.955e-01  
3.987e-01  4.954e-01  
3.790e-01  4.959e-01  
3.790e-01  4.959e-01  
3.635e-01  4.961e-01  
3.563e-01  4.961e-01  
3.463e-01  4.964e-01  
3.352e-01  4.968e-01  
3.263e-01  4.972e-01  
3.176e-01  4.977e-01  
3.079e-01  4.983e-01  
2.989e-01  4.991e-01  
2.908e-01  5.001e-01  
2.815e-01  5.011e-01  
2.745e-01  5.022e-01  
2.669e-01  5.038e-01  
2.591e-01  5.057e-01  
2.528e-01  5.095e-01  
2.461e-01  5.164e-01  
2.421e-01  5.287e-01  
2.392e-01  5.433e-01  
2.375e-01  5.684e-01  
2.372e-01  5.798e-01  
2.299e-01  6.207e-01  
2.200e-01  6.212e-01  
2.137e-01  6.216e-01  
2.060e-01  6.222e-01  
1.984e-01  6.231e-01  
1.896e-01  6.241e-01  
1.817e-01  6.252e-01  
1.749e-01  6.264e-01  
1.687e-01  6.277e-01  
1.628e-01  6.294e-01  
1.563e-01  6.317e-01  
1.495e-01  6.343e-01  
1.431e-01  6.378e-01  
1.366e-01  6.442e-01  
1.308e-01  6.552e-01  
1.246e-01  6.916e-01  
