1.001e+00  7.249e-04  
1.836e-03  1.556e+00  
9.979e-01  4.933e-03  
9.809e-01  1.580e-02  
9.693e-01  2.515e-02  
9.413e-01  3.541e-02  
9.323e-01  4.504e-02  
9.317e-01  5.023e-02  
9.070e-01  6.384e-02  
8.730e-01  7.285e-02  
8.513e-01  8.130e-02  
8.402e-01  8.947e-02  
8.274e-01  9.958e-02  
8.079e-01  1.078e-01  
7.917e-01  1.174e-01  
7.767e-01  1.244e-01  
7.634e-01  1.328e-01  
7.537e-01  1.395e-01  
7.376e-01  1.520e-01  
7.227e-01  1.570e-01  
7.043e-01  1.670e-01  
6.951e-01  1.724e-01  
6.868e-01  1.810e-01  
6.693e-01  1.877e-01  
6.609e-01  1.965e-01  
6.490e-01  2.043e-01  
6.332e-01  2.129e-01  
6.179e-01  2.191e-01  
6.100e-01  2.255e-01  
5.991e-01  2.333e-01  
5.905e-01  2.406e-01  
5.775e-01  2.489e-01  
5.670e-01  2.564e-01  
5.540e-01  2.621e-01  
5.455e-01  2.708e-01  
5.354e-01  2.784e-01  
5.219e-01  2.832e-01  
5.127e-01  2.907e-01  
5.019e-01  2.971e-01  
4.947e-01  3.057e-01  
4.815e-01  3.098e-01  
4.732e-01  3.176e-01  
4.618e-01  3.254e-01  
4.539e-01  3.336e-01  
4.456e-01  3.382e-01  
4.355e-01  3.463e-01  
4.263e-01  3.539e-01  
4.174e-01  3.615e-01  
4.107e-01  3.686e-01  
3.996e-01  3.757e-01  
3.937e-01  3.831e-01  
3.828e-01  3.891e-01  
3.746e-01  3.954e-01  
3.674e-01  4.047e-01  
3.595e-01  4.114e-01  
3.501e-01  4.183e-01  
3.403e-01  4.252e-01  
3.319e-01  4.330e-01  
3.229e-01  4.382e-01  
3.155e-01  4.459e-01  
3.088e-01  4.550e-01  
3.015e-01  4.629e-01  
2.932e-01  4.693e-01  
2.832e-01  4.757e-01  
2.754e-01  4.816e-01  
2.668e-01  4.889e-01  
2.597e-01  4.981e-01  
2.532e-01  5.078e-01  
2.434e-01  5.140e-01  
2.371e-01  5.211e-01  
2.303e-01  5.309e-01  
2.216e-01  5.371e-01  
2.158e-01  5.474e-01  
2.073e-01  5.539e-01  
2.002e-01  5.614e-01  
1.921e-01  5.710e-01  
1.841e-01  5.803e-01  
1.772e-01  5.890e-01  
1.699e-01  5.994e-01  
1.628e-01  6.079e-01  
1.552e-01  6.177e-01  
1.490e-01  6.294e-01  
1.418e-01  6.407e-01  
1.345e-01  6.515e-01  
1.251e-01  6.622e-01  
1.184e-01  6.680e-01  
1.111e-01  6.863e-01  
1.034e-01  6.954e-01  
9.383e-02  7.100e-01  
8.566e-02  7.196e-01  
7.932e-02  7.376e-01  
7.228e-02  7.542e-01  
6.537e-02  7.646e-01  
5.777e-02  7.866e-01  
4.911e-02  7.999e-01  
4.094e-02  8.182e-01  
3.279e-02  8.374e-01  
2.414e-02  8.615e-01  
1.493e-02  8.946e-01  
6.174e-03  9.439e-01  
