1.018e+00  3.736e-03  
7.006e-03  9.902e-01  
1.003e+00  8.550e-03  
9.931e-01  1.901e-02  
9.883e-01  2.856e-02  
9.521e-01  3.869e-02  
9.469e-01  4.885e-02  
9.184e-01  5.586e-02  
9.138e-01  6.593e-02  
8.887e-01  7.590e-02  
8.847e-01  8.561e-02  
8.468e-01  9.510e-02  
8.359e-01  1.025e-01  
8.330e-01  1.113e-01  
7.940e-01  1.205e-01  
7.812e-01  1.274e-01  
7.726e-01  1.361e-01  
7.636e-01  1.455e-01  
7.451e-01  1.523e-01  
7.262e-01  1.605e-01  
7.148e-01  1.672e-01  
7.012e-01  1.765e-01  
6.882e-01  1.834e-01  
6.751e-01  1.915e-01  
6.656e-01  2.000e-01  
6.570e-01  2.087e-01  
6.435e-01  2.157e-01  
6.301e-01  2.208e-01  
6.213e-01  2.312e-01  
6.028e-01  2.379e-01  
5.929e-01  2.453e-01  
5.836e-01  2.521e-01  
5.694e-01  2.615e-01  
5.580e-01  2.653e-01  
5.480e-01  2.748e-01  
5.411e-01  2.830e-01  
5.298e-01  2.904e-01  
5.151e-01  2.946e-01  
5.067e-01  2.997e-01  
4.922e-01  3.096e-01  
4.830e-01  3.145e-01  
4.815e-01  3.203e-01  
4.654e-01  3.281e-01  
4.581e-01  3.359e-01  
4.509e-01  3.410e-01  
4.412e-01  3.483e-01  
4.319e-01  3.597e-01  
4.238e-01  3.658e-01  
4.129e-01  3.707e-01  
4.033e-01  3.770e-01  
3.964e-01  3.826e-01  
3.837e-01  3.903e-01  
3.774e-01  3.980e-01  
3.686e-01  4.036e-01  
3.621e-01  4.146e-01  
3.524e-01  4.186e-01  
3.437e-01  4.253e-01  
3.350e-01  4.323e-01  
3.276e-01  4.395e-01  
3.197e-01  4.480e-01  
3.114e-01  4.558e-01  
3.033e-01  4.620e-01  
2.938e-01  4.683e-01  
2.859e-01  4.769e-01  
2.796e-01  4.808e-01  
2.721e-01  4.921e-01  
2.637e-01  5.015e-01  
2.538e-01  5.052e-01  
2.473e-01  5.110e-01  
2.402e-01  5.214e-01  
2.358e-01  5.321e-01  
2.205e-01  5.450e-01  
2.184e-01  5.506e-01  
2.072e-01  5.618e-01  
1.992e-01  5.695e-01  
1.913e-01  5.759e-01  
1.849e-01  5.843e-01  
1.801e-01  5.912e-01  
1.719e-01  6.051e-01  
1.627e-01  6.101e-01  
1.578e-01  6.224e-01  
1.476e-01  6.297e-01  
1.401e-01  6.382e-01  
1.324e-01  6.479e-01  
1.271e-01  6.594e-01  
1.183e-01  6.687e-01  
1.134e-01  6.748e-01  
1.053e-01  6.949e-01  
9.780e-02  7.059e-01  
9.235e-02  7.141e-01  
8.471e-02  7.284e-01  
7.673e-02  7.396e-01  
6.830e-02  7.576e-01  
6.026e-02  7.771e-01  
5.261e-02  7.962e-01  
4.414e-02  8.139e-01  
3.766e-02  8.350e-01  
2.952e-02  8.577e-01  
2.021e-02  8.958e-01  
1.146e-02  9.517e-01  
