1.102e+00  7.040e-03  
5.497e-03  1.020e+00  
1.010e+00  1.175e-02  
1.001e+00  2.139e-02  
9.877e-01  3.088e-02  
9.498e-01  4.156e-02  
9.434e-01  5.101e-02  
9.232e-01  5.768e-02  
9.070e-01  7.117e-02  
8.788e-01  7.876e-02  
8.667e-01  8.731e-02  
8.505e-01  9.551e-02  
8.324e-01  1.058e-01  
8.130e-01  1.145e-01  
7.987e-01  1.218e-01  
7.772e-01  1.309e-01  
7.690e-01  1.382e-01  
7.545e-01  1.469e-01  
7.458e-01  1.551e-01  
7.269e-01  1.637e-01  
7.147e-01  1.711e-01  
7.004e-01  1.777e-01  
6.870e-01  1.859e-01  
6.782e-01  1.948e-01  
6.676e-01  2.036e-01  
6.574e-01  2.130e-01  
6.525e-01  2.161e-01  
6.311e-01  2.259e-01  
6.163e-01  2.345e-01  
6.084e-01  2.409e-01  
5.932e-01  2.476e-01  
5.852e-01  2.551e-01  
5.720e-01  2.638e-01  
5.608e-01  2.679e-01  
5.457e-01  2.733e-01  
5.338e-01  2.795e-01  
5.261e-01  2.877e-01  
5.159e-01  2.964e-01  
5.020e-01  3.026e-01  
4.944e-01  3.085e-01  
4.863e-01  3.159e-01  
4.748e-01  3.223e-01  
4.679e-01  3.297e-01  
4.555e-01  3.367e-01  
4.471e-01  3.432e-01  
4.385e-01  3.527e-01  
4.284e-01  3.571e-01  
4.189e-01  3.656e-01  
4.110e-01  3.724e-01  
4.005e-01  3.803e-01  
3.947e-01  3.871e-01  
3.842e-01  3.934e-01  
3.740e-01  3.986e-01  
3.659e-01  4.060e-01  
3.584e-01  4.140e-01  
3.508e-01  4.220e-01  
3.424e-01  4.294e-01  
3.330e-01  4.346e-01  
3.277e-01  4.431e-01  
3.224e-01  4.486e-01  
3.151e-01  4.561e-01  
3.033e-01  4.642e-01  
2.940e-01  4.724e-01  
2.869e-01  4.787e-01  
2.827e-01  4.851e-01  
2.739e-01  4.930e-01  
2.636e-01  5.041e-01  
2.549e-01  5.098e-01  
2.471e-01  5.166e-01  
2.391e-01  5.243e-01  
2.315e-01  5.311e-01  
2.216e-01  5.381e-01  
2.157e-01  5.463e-01  
2.079e-01  5.547e-01  
2.007e-01  5.632e-01  
1.927e-01  5.702e-01  
1.866e-01  5.810e-01  
1.774e-01  5.877e-01  
1.723e-01  6.007e-01  
1.640e-01  6.092e-01  
1.566e-01  6.152e-01  
1.501e-01  6.267e-01  
1.428e-01  6.369e-01  
1.354e-01  6.487e-01  
1.278e-01  6.576e-01  
1.206e-01  6.673e-01  
1.123e-01  6.773e-01  
1.048e-01  6.899e-01  
9.692e-02  7.032e-01  
8.993e-02  7.161e-01  
8.258e-02  7.308e-01  
7.566e-02  7.454e-01  
6.779e-02  7.597e-01  
5.939e-02  7.753e-01  
5.185e-02  7.917e-01  
4.113e-02  8.134e-01  
3.366e-02  8.384e-01  
2.749e-02  8.592e-01  
1.810e-02  8.982e-01  
9.909e-03  9.534e-01  
