1.005e+00  1.875e-02  
5.476e-03  1.022e+00  
9.788e-01  2.310e-02  
9.610e-01  3.301e-02  
9.487e-01  4.361e-02  
9.346e-01  5.345e-02  
9.051e-01  6.271e-02  
8.943e-01  7.141e-02  
8.918e-01  7.996e-02  
8.901e-01  9.025e-02  
8.458e-01  9.695e-02  
8.298e-01  1.076e-01  
8.060e-01  1.153e-01  
7.875e-01  1.227e-01  
7.761e-01  1.317e-01  
7.600e-01  1.396e-01  
7.413e-01  1.471e-01  
7.347e-01  1.548e-01  
7.190e-01  1.633e-01  
7.072e-01  1.709e-01  
6.971e-01  1.799e-01  
6.834e-01  1.839e-01  
6.776e-01  1.936e-01  
6.674e-01  2.046e-01  
6.527e-01  2.116e-01  
6.356e-01  2.176e-01  
6.252e-01  2.249e-01  
6.089e-01  2.325e-01  
6.008e-01  2.402e-01  
5.931e-01  2.493e-01  
5.832e-01  2.552e-01  
5.707e-01  2.603e-01  
5.621e-01  2.700e-01  
5.559e-01  2.794e-01  
5.408e-01  2.834e-01  
5.258e-01  2.898e-01  
5.126e-01  2.948e-01  
5.062e-01  3.029e-01  
4.916e-01  3.107e-01  
4.818e-01  3.142e-01  
4.722e-01  3.212e-01  
4.622e-01  3.282e-01  
4.569e-01  3.355e-01  
4.493e-01  3.451e-01  
4.356e-01  3.490e-01  
4.268e-01  3.555e-01  
4.192e-01  3.636e-01  
4.101e-01  3.694e-01  
4.014e-01  3.762e-01  
3.916e-01  3.829e-01  
3.846e-01  3.900e-01  
3.791e-01  3.964e-01  
3.720e-01  4.044e-01  
3.618e-01  4.124e-01  
3.503e-01  4.185e-01  
3.432e-01  4.258e-01  
3.384e-01  4.326e-01  
3.313e-01  4.396e-01  
3.243e-01  4.455e-01  
3.122e-01  4.598e-01  
3.071e-01  4.617e-01  
3.003e-01  4.707e-01  
2.887e-01  4.771e-01  
2.813e-01  4.828e-01  
2.754e-01  4.953e-01  
2.662e-01  4.957e-01  
2.589e-01  5.050e-01  
2.506e-01  5.135e-01  
2.430e-01  5.204e-01  
2.368e-01  5.299e-01  
2.281e-01  5.368e-01  
2.214e-01  5.455e-01  
2.103e-01  5.590e-01  
2.046e-01  5.633e-01  
1.984e-01  5.701e-01  
1.920e-01  5.792e-01  
1.833e-01  5.866e-01  
1.752e-01  5.935e-01  
1.675e-01  6.030e-01  
1.627e-01  6.109e-01  
1.556e-01  6.245e-01  
1.462e-01  6.303e-01  
1.401e-01  6.386e-01  
1.326e-01  6.473e-01  
1.252e-01  6.606e-01  
1.180e-01  6.696e-01  
1.111e-01  6.813e-01  
1.036e-01  6.908e-01  
9.568e-02  7.032e-01  
8.886e-02  7.169e-01  
7.981e-02  7.312e-01  
7.454e-02  7.448e-01  
6.657e-02  7.607e-01  
5.909e-02  7.723e-01  
5.135e-02  7.916e-01  
4.324e-02  8.094e-01  
3.494e-02  8.351e-01  
2.683e-02  8.613e-01  
1.860e-02  8.880e-01  
1.024e-02  9.520e-01  
