1.058e+00  3.016e-03  
2.463e-02  9.365e-01  
1.018e+00  6.153e-03  
9.996e-01  1.519e-02  
9.916e-01  2.377e-02  
9.657e-01  3.219e-02  
9.490e-01  3.926e-02  
9.470e-01  3.971e-02  
9.353e-01  5.467e-02  
9.081e-01  6.183e-02  
8.831e-01  8.122e-02  
8.743e-01  9.260e-02  
8.714e-01  1.024e-01  
8.689e-01  1.133e-01  
8.674e-01  1.250e-01  
8.668e-01  1.363e-01  
8.657e-01  1.469e-01  
7.807e-01  1.589e-01  
7.807e-01  1.589e-01  
7.585e-01  1.614e-01  
7.401e-01  1.688e-01  
7.225e-01  1.756e-01  
7.118e-01  1.837e-01  
7.020e-01  1.920e-01  
6.962e-01  2.017e-01  
6.495e-01  2.088e-01  
6.469e-01  2.095e-01  
6.368e-01  2.178e-01  
6.361e-01  2.241e-01  
6.361e-01  2.241e-01  
6.361e-01  2.241e-01  
6.361e-01  2.241e-01  
5.788e-01  2.679e-01  
5.788e-01  2.679e-01  
5.620e-01  2.686e-01  
5.487e-01  2.738e-01  
5.417e-01  2.818e-01  
5.371e-01  2.916e-01  
5.345e-01  3.009e-01  
5.327e-01  3.118e-01  
5.310e-01  3.269e-01  
5.309e-01  3.287e-01  
5.307e-01  3.404e-01  
5.309e-01  3.287e-01  
4.754e-01  3.840e-01  
4.728e-01  3.840e-01  
4.728e-01  3.840e-01  
4.586e-01  3.848e-01  
4.477e-01  3.865e-01  
4.367e-01  3.893e-01  
4.221e-01  3.924e-01  
4.098e-01  3.956e-01  
4.008e-01  4.020e-01  
3.918e-01  4.066e-01  
3.847e-01  4.120e-01  
3.790e-01  4.244e-01  
3.701e-01  4.308e-01  
3.625e-01  4.344e-01  
3.518e-01  4.407e-01  
3.425e-01  4.475e-01  
3.207e-01  4.536e-01  
3.183e-01  4.552e-01  
3.101e-01  4.603e-01  
3.037e-01  4.700e-01  
3.012e-01  4.844e-01  
3.005e-01  4.955e-01  
3.005e-01  4.955e-01  
2.490e-01  5.464e-01  
2.506e-01  5.465e-01  
2.505e-01  5.464e-01  
2.490e-01  5.464e-01  
2.454e-01  5.466e-01  
2.364e-01  5.474e-01  
2.272e-01  5.496e-01  
2.172e-01  5.530e-01  
2.102e-01  5.596e-01  
2.037e-01  5.730e-01  
2.001e-01  5.851e-01  
1.973e-01  6.086e-01  
1.970e-01  6.214e-01  
1.970e-01  6.214e-01  
1.970e-01  6.215e-01  
1.670e-01  7.480e-01  
1.670e-01  7.480e-01  
1.636e-01  7.493e-01  
1.524e-01  7.504e-01  
1.436e-01  7.526e-01  
1.345e-01  7.553e-01  
1.256e-01  7.595e-01  
1.146e-01  7.650e-01  
1.069e-01  7.721e-01  
9.705e-02  7.778e-01  
8.770e-02  7.854e-01  
8.000e-02  7.956e-01  
7.197e-02  8.030e-01  
6.373e-02  8.147e-01  
5.417e-02  8.353e-01  
4.491e-02  8.530e-01  
3.611e-02  8.671e-01  
2.890e-02  9.101e-01  
