9.815e-01  1.420e-02  
9.022e-04  9.947e-01  
9.749e-01  1.894e-02  
9.706e-01  2.877e-02  
9.679e-01  3.911e-02  
9.662e-01  4.980e-02  
9.654e-01  6.040e-02  
9.651e-01  6.735e-02  
9.651e-01  6.735e-02  
9.652e-01  6.670e-02  
8.271e-01  1.003e-01  
8.184e-01  1.020e-01  
8.066e-01  1.105e-01  
8.010e-01  1.205e-01  
7.985e-01  1.295e-01  
7.965e-01  1.410e-01  
7.961e-01  1.483e-01  
7.962e-01  1.486e-01  
7.961e-01  1.483e-01  
7.962e-01  1.491e-01  
7.028e-01  1.940e-01  
7.028e-01  1.940e-01  
6.848e-01  1.952e-01  
6.594e-01  1.997e-01  
6.458e-01  2.065e-01  
6.368e-01  2.143e-01  
6.282e-01  2.227e-01  
6.203e-01  2.319e-01  
6.154e-01  2.397e-01  
6.060e-01  2.499e-01  
5.930e-01  2.571e-01  
5.805e-01  2.635e-01  
5.711e-01  2.717e-01  
5.566e-01  2.773e-01  
5.445e-01  2.842e-01  
5.316e-01  2.897e-01  
5.202e-01  2.962e-01  
5.077e-01  3.029e-01  
4.972e-01  3.074e-01  
4.840e-01  3.152e-01  
4.758e-01  3.214e-01  
4.664e-01  3.277e-01  
4.579e-01  3.361e-01  
4.503e-01  3.444e-01  
4.404e-01  3.508e-01  
4.317e-01  3.577e-01  
4.219e-01  3.645e-01  
4.134e-01  3.714e-01  
4.055e-01  3.788e-01  
3.966e-01  3.867e-01  
3.871e-01  3.927e-01  
3.780e-01  3.993e-01  
3.687e-01  4.057e-01  
3.605e-01  4.124e-01  
3.518e-01  4.191e-01  
3.431e-01  4.249e-01  
3.343e-01  4.315e-01  
3.250e-01  4.383e-01  
3.168e-01  4.447e-01  
3.091e-01  4.511e-01  
3.009e-01  4.589e-01  
2.926e-01  4.665e-01  
2.858e-01  4.740e-01  
2.782e-01  4.812e-01  
2.698e-01  4.882e-01  
2.625e-01  4.955e-01  
2.547e-01  5.027e-01  
2.470e-01  5.106e-01  
2.395e-01  5.179e-01  
2.322e-01  5.260e-01  
2.243e-01  5.332e-01  
2.167e-01  5.407e-01  
2.093e-01  5.486e-01  
2.019e-01  5.564e-01  
1.943e-01  5.643e-01  
1.869e-01  5.724e-01  
1.794e-01  5.807e-01  
1.722e-01  5.893e-01  
1.647e-01  5.980e-01  
1.575e-01  6.069e-01  
1.502e-01  6.159e-01  
1.431e-01  6.253e-01  
1.357e-01  6.350e-01  
1.284e-01  6.449e-01  
1.212e-01  6.551e-01  
1.140e-01  6.658e-01  
1.066e-01  6.769e-01  
9.933e-02  6.881e-01  
9.193e-02  7.001e-01  
8.455e-02  7.126e-01  
7.722e-02  7.260e-01  
6.970e-02  7.395e-01  
6.210e-02  7.542e-01  
5.456e-02  7.702e-01  
4.681e-02  7.870e-01  
3.878e-02  8.064e-01  
3.097e-02  8.276e-01  
2.271e-02  8.536e-01  
1.435e-02  8.850e-01  
5.541e-03  9.332e-01  
