9.994e-01  6.090e-03  
3.954e-04  9.956e-01  
9.894e-01  1.083e-02  
9.822e-01  2.052e-02  
9.794e-01  3.112e-02  
9.792e-01  3.990e-02  
9.790e-01  4.610e-02  
9.789e-01  4.295e-02  
8.859e-01  6.883e-02  
8.778e-01  7.856e-02  
8.771e-01  8.369e-02  
8.771e-01  8.369e-02  
8.147e-01  1.036e-01  
8.058e-01  1.130e-01  
8.052e-01  1.145e-01  
7.821e-01  1.310e-01  
7.580e-01  1.377e-01  
7.468e-01  1.459e-01  
7.364e-01  1.541e-01  
7.318e-01  1.643e-01  
7.304e-01  1.739e-01  
7.146e-01  1.859e-01  
6.871e-01  1.901e-01  
6.707e-01  1.944e-01  
6.523e-01  2.004e-01  
6.432e-01  2.084e-01  
6.373e-01  2.154e-01  
6.298e-01  2.277e-01  
6.056e-01  2.305e-01  
5.912e-01  2.366e-01  
5.826e-01  2.448e-01  
5.733e-01  2.530e-01  
5.625e-01  2.596e-01  
5.521e-01  2.675e-01  
5.395e-01  2.739e-01  
5.300e-01  2.811e-01  
5.179e-01  2.878e-01  
5.090e-01  2.950e-01  
4.985e-01  3.018e-01  
4.872e-01  3.080e-01  
4.780e-01  3.152e-01  
4.674e-01  3.222e-01  
4.585e-01  3.289e-01  
4.497e-01  3.362e-01  
4.388e-01  3.427e-01  
4.306e-01  3.492e-01  
4.212e-01  3.561e-01  
4.123e-01  3.632e-01  
4.034e-01  3.702e-01  
3.943e-01  3.768e-01  
3.854e-01  3.837e-01  
3.776e-01  3.912e-01  
3.690e-01  3.981e-01  
3.607e-01  4.050e-01  
3.516e-01  4.115e-01  
3.430e-01  4.185e-01  
3.345e-01  4.251e-01  
3.266e-01  4.323e-01  
3.181e-01  4.390e-01  
3.096e-01  4.466e-01  
3.023e-01  4.533e-01  
2.943e-01  4.607e-01  
2.869e-01  4.684e-01  
2.790e-01  4.761e-01  
2.712e-01  4.831e-01  
2.631e-01  4.910e-01  
2.559e-01  4.983e-01  
2.481e-01  5.061e-01  
2.402e-01  5.136e-01  
2.329e-01  5.213e-01  
2.255e-01  5.293e-01  
2.182e-01  5.372e-01  
2.104e-01  5.452e-01  
2.030e-01  5.532e-01  
1.952e-01  5.617e-01  
1.882e-01  5.696e-01  
1.806e-01  5.782e-01  
1.733e-01  5.868e-01  
1.659e-01  5.953e-01  
1.587e-01  6.045e-01  
1.513e-01  6.138e-01  
1.438e-01  6.234e-01  
1.365e-01  6.328e-01  
1.290e-01  6.426e-01  
1.216e-01  6.531e-01  
1.145e-01  6.637e-01  
1.069e-01  6.750e-01  
9.961e-02  6.867e-01  
9.234e-02  6.985e-01  
8.489e-02  7.109e-01  
7.729e-02  7.238e-01  
6.979e-02  7.377e-01  
6.213e-02  7.521e-01  
5.443e-02  7.680e-01  
4.660e-02  7.854e-01  
3.874e-02  8.049e-01  
3.067e-02  8.263e-01  
2.244e-02  8.519e-01  
1.391e-02  8.839e-01  
5.036e-03  9.328e-01  
