1.006e+00  5.197e-04  
3.149e-04  9.905e-01  
9.987e-01  5.548e-03  
9.760e-01  1.548e-02  
9.613e-01  2.548e-02  
9.548e-01  3.365e-02  
9.533e-01  4.267e-02  
9.529e-01  4.869e-02  
8.922e-01  6.290e-02  
8.892e-01  7.290e-02  
8.881e-01  8.326e-02  
8.336e-01  8.982e-02  
8.254e-01  9.880e-02  
8.064e-01  1.075e-01  
8.019e-01  1.177e-01  
7.826e-01  1.257e-01  
7.609e-01  1.325e-01  
7.513e-01  1.414e-01  
7.319e-01  1.485e-01  
7.244e-01  1.577e-01  
7.214e-01  1.640e-01  
7.103e-01  1.775e-01  
6.848e-01  1.812e-01  
6.688e-01  1.878e-01  
6.554e-01  1.953e-01  
6.442e-01  2.036e-01  
6.335e-01  2.115e-01  
6.217e-01  2.191e-01  
6.111e-01  2.269e-01  
5.936e-01  2.334e-01  
5.870e-01  2.410e-01  
5.741e-01  2.472e-01  
5.626e-01  2.547e-01  
5.542e-01  2.627e-01  
5.431e-01  2.699e-01  
5.310e-01  2.764e-01  
5.212e-01  2.831e-01  
5.104e-01  2.902e-01  
5.000e-01  2.971e-01  
4.916e-01  3.049e-01  
4.810e-01  3.120e-01  
4.716e-01  3.192e-01  
4.621e-01  3.252e-01  
4.516e-01  3.317e-01  
4.432e-01  3.400e-01  
4.335e-01  3.465e-01  
4.244e-01  3.534e-01  
4.151e-01  3.608e-01  
4.068e-01  3.674e-01  
3.979e-01  3.745e-01  
3.877e-01  3.817e-01  
3.787e-01  3.878e-01  
3.699e-01  3.940e-01  
3.623e-01  4.019e-01  
3.528e-01  4.089e-01  
3.456e-01  4.158e-01  
3.373e-01  4.228e-01  
3.295e-01  4.305e-01  
3.204e-01  4.370e-01  
3.116e-01  4.440e-01  
3.032e-01  4.513e-01  
2.954e-01  4.583e-01  
2.877e-01  4.655e-01  
2.807e-01  4.729e-01  
2.728e-01  4.803e-01  
2.647e-01  4.879e-01  
2.569e-01  4.955e-01  
2.496e-01  5.034e-01  
2.417e-01  5.114e-01  
2.344e-01  5.190e-01  
2.259e-01  5.264e-01  
2.183e-01  5.342e-01  
2.114e-01  5.425e-01  
2.041e-01  5.503e-01  
1.966e-01  5.588e-01  
1.891e-01  5.669e-01  
1.815e-01  5.755e-01  
1.743e-01  5.847e-01  
1.667e-01  5.938e-01  
1.591e-01  6.030e-01  
1.521e-01  6.120e-01  
1.445e-01  6.214e-01  
1.373e-01  6.314e-01  
1.298e-01  6.415e-01  
1.224e-01  6.516e-01  
1.147e-01  6.627e-01  
1.078e-01  6.733e-01  
1.001e-01  6.848e-01  
9.280e-02  6.971e-01  
8.531e-02  7.094e-01  
7.767e-02  7.228e-01  
7.013e-02  7.364e-01  
6.245e-02  7.515e-01  
5.471e-02  7.673e-01  
4.680e-02  7.847e-01  
3.888e-02  8.039e-01  
3.075e-02  8.254e-01  
2.250e-02  8.514e-01  
1.398e-02  8.833e-01  
5.000e-03  9.321e-01  
