1.015e+00  5.040e-03  
2.129e-04  9.966e-01  
9.871e-01  9.845e-03  
9.761e-01  1.988e-02  
9.733e-01  3.016e-02  
9.728e-01  3.697e-02  
9.728e-01  3.697e-02  
9.023e-01  5.865e-02  
8.957e-01  6.785e-02  
8.819e-01  7.808e-02  
8.719e-01  8.681e-02  
8.470e-01  9.630e-02  
8.152e-01  1.030e-01  
8.057e-01  1.122e-01  
7.946e-01  1.211e-01  
7.796e-01  1.297e-01  
7.787e-01  1.356e-01  
7.489e-01  1.458e-01  
7.304e-01  1.528e-01  
7.218e-01  1.616e-01  
7.197e-01  1.710e-01  
7.104e-01  1.824e-01  
6.882e-01  1.874e-01  
6.687e-01  1.922e-01  
6.540e-01  2.000e-01  
6.429e-01  2.075e-01  
6.298e-01  2.147e-01  
6.151e-01  2.215e-01  
6.082e-01  2.301e-01  
6.008e-01  2.388e-01  
5.799e-01  2.443e-01  
5.727e-01  2.515e-01  
5.613e-01  2.584e-01  
5.480e-01  2.647e-01  
5.383e-01  2.722e-01  
5.293e-01  2.794e-01  
5.182e-01  2.860e-01  
5.091e-01  2.944e-01  
4.968e-01  3.003e-01  
4.878e-01  3.074e-01  
4.775e-01  3.146e-01  
4.689e-01  3.223e-01  
4.606e-01  3.287e-01  
4.509e-01  3.357e-01  
4.415e-01  3.431e-01  
4.322e-01  3.499e-01  
4.215e-01  3.556e-01  
4.130e-01  3.624e-01  
4.038e-01  3.691e-01  
3.950e-01  3.765e-01  
3.847e-01  3.829e-01  
3.772e-01  3.899e-01  
3.685e-01  3.969e-01  
3.591e-01  4.030e-01  
3.509e-01  4.098e-01  
3.427e-01  4.170e-01  
3.344e-01  4.238e-01  
3.259e-01  4.306e-01  
3.180e-01  4.377e-01  
3.101e-01  4.453e-01  
3.022e-01  4.522e-01  
2.936e-01  4.599e-01  
2.857e-01  4.670e-01  
2.782e-01  4.741e-01  
2.706e-01  4.813e-01  
2.628e-01  4.887e-01  
2.550e-01  4.959e-01  
2.473e-01  5.037e-01  
2.397e-01  5.112e-01  
2.322e-01  5.187e-01  
2.248e-01  5.266e-01  
2.172e-01  5.345e-01  
2.098e-01  5.425e-01  
2.023e-01  5.507e-01  
1.949e-01  5.590e-01  
1.875e-01  5.673e-01  
1.802e-01  5.759e-01  
1.729e-01  5.847e-01  
1.656e-01  5.936e-01  
1.582e-01  6.027e-01  
1.510e-01  6.121e-01  
1.436e-01  6.216e-01  
1.363e-01  6.313e-01  
1.288e-01  6.415e-01  
1.216e-01  6.520e-01  
1.144e-01  6.626e-01  
1.070e-01  6.737e-01  
9.954e-02  6.854e-01  
9.220e-02  6.975e-01  
8.465e-02  7.098e-01  
7.726e-02  7.231e-01  
6.950e-02  7.371e-01  
6.205e-02  7.521e-01  
5.428e-02  7.677e-01  
4.656e-02  7.850e-01  
3.858e-02  8.045e-01  
3.045e-02  8.264e-01  
2.233e-02  8.514e-01  
1.382e-02  8.836e-01  
4.848e-03  9.318e-01  
