9.585e-01  2.913e-02  
7.171e-04  9.948e-01  
9.469e-01  3.381e-02  
9.407e-01  4.348e-02  
9.379e-01  5.352e-02  
9.358e-01  6.281e-02  
9.346e-01  7.318e-02  
9.341e-01  8.306e-02  
9.341e-01  7.953e-02  
9.341e-01  7.953e-02  
8.167e-01  1.161e-01  
8.131e-01  1.163e-01  
7.815e-01  1.226e-01  
7.742e-01  1.315e-01  
7.691e-01  1.413e-01  
7.660e-01  1.513e-01  
7.639e-01  1.616e-01  
7.628e-01  1.710e-01  
7.625e-01  1.817e-01  
7.218e-01  1.859e-01  
7.053e-01  1.927e-01  
6.889e-01  1.999e-01  
6.764e-01  2.078e-01  
6.558e-01  2.142e-01  
6.327e-01  2.175e-01  
6.191e-01  2.241e-01  
6.057e-01  2.307e-01  
5.982e-01  2.391e-01  
5.923e-01  2.480e-01  
5.839e-01  2.565e-01  
5.774e-01  2.656e-01  
5.669e-01  2.728e-01  
5.535e-01  2.785e-01  
5.422e-01  2.843e-01  
5.308e-01  2.926e-01  
5.206e-01  2.992e-01  
5.088e-01  3.049e-01  
4.972e-01  3.112e-01  
4.868e-01  3.174e-01  
4.765e-01  3.235e-01  
4.642e-01  3.292e-01  
4.534e-01  3.347e-01  
4.431e-01  3.406e-01  
4.345e-01  3.479e-01  
4.257e-01  3.547e-01  
4.179e-01  3.622e-01  
4.104e-01  3.703e-01  
4.027e-01  3.768e-01  
3.942e-01  3.847e-01  
3.850e-01  3.905e-01  
3.764e-01  3.974e-01  
3.676e-01  4.036e-01  
3.595e-01  4.103e-01  
3.512e-01  4.176e-01  
3.426e-01  4.240e-01  
3.353e-01  4.311e-01  
3.266e-01  4.375e-01  
3.187e-01  4.447e-01  
3.100e-01  4.513e-01  
3.022e-01  4.579e-01  
2.935e-01  4.648e-01  
2.866e-01  4.714e-01  
2.782e-01  4.788e-01  
2.713e-01  4.863e-01  
2.635e-01  4.928e-01  
2.563e-01  4.999e-01  
2.485e-01  5.070e-01  
2.412e-01  5.149e-01  
2.346e-01  5.234e-01  
2.275e-01  5.304e-01  
2.195e-01  5.388e-01  
2.128e-01  5.468e-01  
2.055e-01  5.545e-01  
1.981e-01  5.621e-01  
1.910e-01  5.706e-01  
1.836e-01  5.784e-01  
1.763e-01  5.873e-01  
1.691e-01  5.958e-01  
1.618e-01  6.041e-01  
1.550e-01  6.130e-01  
1.478e-01  6.217e-01  
1.406e-01  6.310e-01  
1.334e-01  6.407e-01  
1.263e-01  6.504e-01  
1.191e-01  6.608e-01  
1.120e-01  6.711e-01  
1.048e-01  6.815e-01  
9.746e-02  6.925e-01  
9.032e-02  7.040e-01  
8.286e-02  7.160e-01  
7.566e-02  7.284e-01  
6.827e-02  7.423e-01  
6.087e-02  7.565e-01  
5.338e-02  7.718e-01  
4.577e-02  7.887e-01  
3.804e-02  8.074e-01  
3.014e-02  8.288e-01  
2.221e-02  8.540e-01  
1.391e-02  8.855e-01  
5.258e-03  9.327e-01  
