9.640e-01  2.138e-02  
3.261e-04  9.959e-01  
9.560e-01  2.616e-02  
9.516e-01  3.603e-02  
9.483e-01  4.567e-02  
9.449e-01  5.617e-02  
9.440e-01  6.627e-02  
9.424e-01  7.514e-02  
8.619e-01  8.246e-02  
8.563e-01  9.056e-02  
8.545e-01  9.673e-02  
8.043e-01  1.104e-01  
7.871e-01  1.157e-01  
7.806e-01  1.250e-01  
7.753e-01  1.343e-01  
7.718e-01  1.447e-01  
7.692e-01  1.546e-01  
7.682e-01  1.650e-01  
7.126e-01  1.734e-01  
7.042e-01  1.742e-01  
6.838e-01  1.803e-01  
6.730e-01  1.886e-01  
6.688e-01  1.983e-01  
6.563e-01  2.061e-01  
6.366e-01  2.115e-01  
6.214e-01  2.177e-01  
6.120e-01  2.252e-01  
6.039e-01  2.334e-01  
5.971e-01  2.426e-01  
5.860e-01  2.500e-01  
5.723e-01  2.560e-01  
5.613e-01  2.630e-01  
5.501e-01  2.692e-01  
5.378e-01  2.758e-01  
5.271e-01  2.823e-01  
5.149e-01  2.882e-01  
5.066e-01  2.963e-01  
4.991e-01  3.043e-01  
4.864e-01  3.106e-01  
4.771e-01  3.173e-01  
4.679e-01  3.246e-01  
4.575e-01  3.302e-01  
4.482e-01  3.374e-01  
4.399e-01  3.448e-01  
4.303e-01  3.508e-01  
4.213e-01  3.577e-01  
4.128e-01  3.644e-01  
4.029e-01  3.702e-01  
3.947e-01  3.782e-01  
3.866e-01  3.849e-01  
3.779e-01  3.914e-01  
3.692e-01  3.985e-01  
3.603e-01  4.052e-01  
3.523e-01  4.118e-01  
3.453e-01  4.195e-01  
3.368e-01  4.263e-01  
3.283e-01  4.334e-01  
3.197e-01  4.397e-01  
3.129e-01  4.470e-01  
3.041e-01  4.537e-01  
2.965e-01  4.607e-01  
2.883e-01  4.679e-01  
2.809e-01  4.752e-01  
2.730e-01  4.825e-01  
2.653e-01  4.903e-01  
2.584e-01  4.976e-01  
2.514e-01  5.049e-01  
2.431e-01  5.119e-01  
2.360e-01  5.187e-01  
2.280e-01  5.259e-01  
2.207e-01  5.331e-01  
2.133e-01  5.408e-01  
2.059e-01  5.485e-01  
1.986e-01  5.567e-01  
1.912e-01  5.646e-01  
1.839e-01  5.728e-01  
1.768e-01  5.813e-01  
1.695e-01  5.899e-01  
1.624e-01  5.985e-01  
1.553e-01  6.074e-01  
1.480e-01  6.168e-01  
1.410e-01  6.259e-01  
1.338e-01  6.357e-01  
1.265e-01  6.457e-01  
1.194e-01  6.559e-01  
1.123e-01  6.666e-01  
1.051e-01  6.776e-01  
9.795e-02  6.889e-01  
9.056e-02  7.009e-01  
8.321e-02  7.133e-01  
7.590e-02  7.267e-01  
6.847e-02  7.410e-01  
6.100e-02  7.551e-01  
5.332e-02  7.711e-01  
4.569e-02  7.883e-01  
3.794e-02  8.074e-01  
3.012e-02  8.286e-01  
2.197e-02  8.538e-01  
1.362e-02  8.855e-01  
4.883e-03  9.326e-01  
