9.764e-01  4.621e-02  
1.535e-03  9.889e-01  
9.427e-01  5.082e-02  
9.220e-01  6.045e-02  
9.122e-01  6.981e-02  
9.080e-01  7.956e-02  
9.059e-01  8.896e-02  
9.046e-01  9.807e-02  
9.043e-01  1.079e-01  
9.041e-01  1.121e-01  
9.041e-01  1.121e-01  
7.885e-01  1.354e-01  
7.695e-01  1.380e-01  
7.542e-01  1.457e-01  
7.463e-01  1.550e-01  
7.420e-01  1.645e-01  
7.396e-01  1.739e-01  
7.386e-01  1.830e-01  
7.374e-01  1.944e-01  
7.370e-01  2.027e-01  
7.370e-01  2.027e-01  
7.370e-01  2.027e-01  
6.297e-01  2.337e-01  
6.297e-01  2.337e-01  
6.297e-01  2.337e-01  
6.067e-01  2.372e-01  
5.914e-01  2.428e-01  
5.815e-01  2.502e-01  
5.740e-01  2.581e-01  
5.679e-01  2.661e-01  
5.636e-01  2.765e-01  
5.605e-01  2.869e-01  
5.577e-01  2.963e-01  
5.491e-01  3.052e-01  
5.393e-01  3.129e-01  
5.247e-01  3.180e-01  
5.103e-01  3.229e-01  
4.966e-01  3.278e-01  
4.834e-01  3.328e-01  
4.720e-01  3.379e-01  
4.604e-01  3.431e-01  
4.471e-01  3.479e-01  
4.367e-01  3.528e-01  
4.261e-01  3.583e-01  
4.176e-01  3.646e-01  
4.087e-01  3.716e-01  
4.021e-01  3.794e-01  
3.949e-01  3.878e-01  
3.882e-01  3.953e-01  
3.813e-01  4.035e-01  
3.745e-01  4.118e-01  
3.673e-01  4.205e-01  
3.609e-01  4.279e-01  
3.513e-01  4.354e-01  
3.436e-01  4.409e-01  
3.343e-01  4.469e-01  
3.244e-01  4.528e-01  
3.159e-01  4.588e-01  
3.092e-01  4.650e-01  
2.995e-01  4.707e-01  
2.916e-01  4.763e-01  
2.832e-01  4.822e-01  
2.754e-01  4.879e-01  
2.668e-01  4.937e-01  
2.586e-01  4.996e-01  
2.514e-01  5.059e-01  
2.441e-01  5.135e-01  
2.369e-01  5.209e-01  
2.301e-01  5.286e-01  
2.227e-01  5.370e-01  
2.161e-01  5.449e-01  
2.091e-01  5.527e-01  
2.022e-01  5.613e-01  
1.953e-01  5.692e-01  
1.882e-01  5.771e-01  
1.812e-01  5.853e-01  
1.740e-01  5.938e-01  
1.669e-01  6.018e-01  
1.594e-01  6.101e-01  
1.527e-01  6.180e-01  
1.454e-01  6.268e-01  
1.386e-01  6.358e-01  
1.315e-01  6.449e-01  
1.244e-01  6.544e-01  
1.176e-01  6.645e-01  
1.104e-01  6.743e-01  
1.035e-01  6.847e-01  
9.640e-02  6.954e-01  
8.884e-02  7.068e-01  
8.187e-02  7.188e-01  
7.489e-02  7.314e-01  
6.773e-02  7.449e-01  
6.052e-02  7.591e-01  
5.313e-02  7.744e-01  
4.568e-02  7.916e-01  
3.815e-02  8.101e-01  
3.052e-02  8.310e-01  
2.265e-02  8.563e-01  
1.446e-02  8.875e-01  
5.959e-03  9.345e-01  
