9.663e-01  2.182e-02  
4.467e-04  9.981e-01  
9.573e-01  2.658e-02  
9.520e-01  3.607e-02  
9.472e-01  4.645e-02  
9.419e-01  5.613e-02  
9.393e-01  6.335e-02  
9.387e-01  7.105e-02  
8.648e-01  8.304e-02  
8.420e-01  9.146e-02  
8.373e-01  1.012e-01  
8.371e-01  1.034e-01  
7.902e-01  1.164e-01  
7.807e-01  1.252e-01  
7.727e-01  1.339e-01  
7.675e-01  1.435e-01  
7.641e-01  1.534e-01  
7.623e-01  1.648e-01  
7.200e-01  1.741e-01  
7.017e-01  1.751e-01  
6.797e-01  1.802e-01  
6.708e-01  1.881e-01  
6.682e-01  1.945e-01  
6.600e-01  2.088e-01  
6.368e-01  2.113e-01  
6.224e-01  2.177e-01  
6.132e-01  2.260e-01  
6.057e-01  2.344e-01  
5.935e-01  2.417e-01  
5.826e-01  2.496e-01  
5.726e-01  2.569e-01  
5.603e-01  2.640e-01  
5.516e-01  2.714e-01  
5.405e-01  2.776e-01  
5.255e-01  2.835e-01  
5.151e-01  2.886e-01  
5.044e-01  2.955e-01  
4.949e-01  3.029e-01  
4.855e-01  3.108e-01  
4.759e-01  3.166e-01  
4.660e-01  3.233e-01  
4.563e-01  3.296e-01  
4.485e-01  3.361e-01  
4.377e-01  3.436e-01  
4.285e-01  3.504e-01  
4.202e-01  3.574e-01  
4.113e-01  3.642e-01  
4.025e-01  3.711e-01  
3.936e-01  3.771e-01  
3.849e-01  3.840e-01  
3.774e-01  3.911e-01  
3.682e-01  3.975e-01  
3.597e-01  4.046e-01  
3.515e-01  4.111e-01  
3.431e-01  4.179e-01  
3.351e-01  4.248e-01  
3.268e-01  4.317e-01  
3.192e-01  4.389e-01  
3.117e-01  4.462e-01  
3.034e-01  4.527e-01  
2.951e-01  4.599e-01  
2.877e-01  4.668e-01  
2.797e-01  4.739e-01  
2.724e-01  4.811e-01  
2.648e-01  4.882e-01  
2.572e-01  4.961e-01  
2.502e-01  5.036e-01  
2.431e-01  5.109e-01  
2.349e-01  5.188e-01  
2.283e-01  5.266e-01  
2.202e-01  5.344e-01  
2.135e-01  5.419e-01  
2.057e-01  5.501e-01  
1.985e-01  5.584e-01  
1.918e-01  5.666e-01  
1.845e-01  5.756e-01  
1.776e-01  5.835e-01  
1.699e-01  5.926e-01  
1.626e-01  6.009e-01  
1.553e-01  6.101e-01  
1.482e-01  6.187e-01  
1.414e-01  6.283e-01  
1.340e-01  6.378e-01  
1.270e-01  6.475e-01  
1.197e-01  6.571e-01  
1.123e-01  6.678e-01  
1.052e-01  6.783e-01  
9.790e-02  6.895e-01  
9.067e-02  7.014e-01  
8.326e-02  7.137e-01  
7.589e-02  7.268e-01  
6.848e-02  7.407e-01  
6.109e-02  7.546e-01  
5.349e-02  7.706e-01  
4.588e-02  7.876e-01  
3.809e-02  8.065e-01  
3.021e-02  8.279e-01  
2.210e-02  8.531e-01  
1.368e-02  8.855e-01  
4.985e-03  9.334e-01  
