9.999e-01  6.284e-04  
2.209e-03  9.634e-01  
9.958e-01  5.086e-03  
9.827e-01  1.575e-02  
9.757e-01  2.583e-02  
9.542e-01  3.619e-02  
9.429e-01  4.619e-02  
9.270e-01  5.578e-02  
9.103e-01  6.519e-02  
8.894e-01  7.421e-02  
8.803e-01  8.347e-02  
8.577e-01  9.259e-02  
8.449e-01  1.018e-01  
8.292e-01  1.107e-01  
8.128e-01  1.192e-01  
7.998e-01  1.280e-01  
7.863e-01  1.368e-01  
7.722e-01  1.453e-01  
7.573e-01  1.525e-01  
7.437e-01  1.619e-01  
7.289e-01  1.698e-01  
7.176e-01  1.785e-01  
6.995e-01  1.852e-01  
6.896e-01  1.935e-01  
6.746e-01  2.014e-01  
6.650e-01  2.098e-01  
6.527e-01  2.175e-01  
6.407e-01  2.253e-01  
6.269e-01  2.323e-01  
6.152e-01  2.395e-01  
6.040e-01  2.467e-01  
5.933e-01  2.548e-01  
5.826e-01  2.630e-01  
5.698e-01  2.695e-01  
5.594e-01  2.772e-01  
5.489e-01  2.844e-01  
5.352e-01  2.904e-01  
5.254e-01  2.978e-01  
5.147e-01  3.048e-01  
5.050e-01  3.122e-01  
4.923e-01  3.177e-01  
4.815e-01  3.242e-01  
4.705e-01  3.305e-01  
4.610e-01  3.376e-01  
4.500e-01  3.437e-01  
4.404e-01  3.503e-01  
4.303e-01  3.567e-01  
4.211e-01  3.637e-01  
4.124e-01  3.710e-01  
4.025e-01  3.772e-01  
3.937e-01  3.843e-01  
3.852e-01  3.916e-01  
3.766e-01  3.988e-01  
3.677e-01  4.055e-01  
3.585e-01  4.118e-01  
3.500e-01  4.189e-01  
3.419e-01  4.263e-01  
3.338e-01  4.338e-01  
3.261e-01  4.419e-01  
3.172e-01  4.480e-01  
3.099e-01  4.565e-01  
3.016e-01  4.637e-01  
2.939e-01  4.713e-01  
2.862e-01  4.792e-01  
2.792e-01  4.890e-01  
2.707e-01  4.950e-01  
2.628e-01  5.037e-01  
2.563e-01  5.128e-01  
2.491e-01  5.213e-01  
2.418e-01  5.307e-01  
2.344e-01  5.398e-01  
2.254e-01  5.476e-01  
2.180e-01  5.551e-01  
2.113e-01  5.648e-01  
2.033e-01  5.723e-01  
1.955e-01  5.817e-01  
1.882e-01  5.902e-01  
1.803e-01  5.984e-01  
1.719e-01  6.081e-01  
1.651e-01  6.167e-01  
1.574e-01  6.256e-01  
1.504e-01  6.380e-01  
1.425e-01  6.462e-01  
1.347e-01  6.568e-01  
1.273e-01  6.683e-01  
1.197e-01  6.811e-01  
1.121e-01  6.910e-01  
1.046e-01  7.013e-01  
9.729e-02  7.165e-01  
8.897e-02  7.279e-01  
8.143e-02  7.412e-01  
7.392e-02  7.582e-01  
6.625e-02  7.747e-01  
5.809e-02  7.885e-01  
5.011e-02  8.101e-01  
4.173e-02  8.272e-01  
3.320e-02  8.468e-01  
2.517e-02  8.830e-01  
1.589e-02  9.292e-01  
4.616e-03  9.591e-01  
