9.998e-01  1.521e-04  
2.782e-03  9.488e-01  
9.977e-01  4.417e-03  
9.758e-01  1.510e-02  
9.695e-01  2.483e-02  
9.374e-01  3.440e-02  
9.349e-01  3.985e-02  
9.024e-01  5.338e-02  
8.865e-01  6.224e-02  
8.700e-01  7.185e-02  
8.502e-01  8.051e-02  
8.388e-01  8.687e-02  
8.190e-01  9.786e-02  
8.036e-01  1.071e-01  
7.959e-01  1.163e-01  
7.724e-01  1.230e-01  
7.612e-01  1.318e-01  
7.468e-01  1.394e-01  
7.317e-01  1.476e-01  
7.211e-01  1.540e-01  
7.014e-01  1.639e-01  
6.900e-01  1.708e-01  
6.778e-01  1.784e-01  
6.712e-01  1.857e-01  
6.536e-01  1.940e-01  
6.417e-01  2.016e-01  
6.302e-01  2.098e-01  
6.184e-01  2.168e-01  
6.067e-01  2.247e-01  
6.000e-01  2.331e-01  
5.888e-01  2.372e-01  
5.743e-01  2.459e-01  
5.643e-01  2.552e-01  
5.551e-01  2.621e-01  
5.401e-01  2.668e-01  
5.316e-01  2.755e-01  
5.228e-01  2.832e-01  
5.111e-01  2.889e-01  
5.019e-01  2.966e-01  
4.901e-01  3.022e-01  
4.798e-01  3.122e-01  
4.733e-01  3.188e-01  
4.633e-01  3.251e-01  
4.511e-01  3.357e-01  
4.445e-01  3.383e-01  
4.344e-01  3.445e-01  
4.262e-01  3.525e-01  
4.155e-01  3.576e-01  
4.065e-01  3.647e-01  
3.976e-01  3.714e-01  
3.887e-01  3.785e-01  
3.806e-01  3.861e-01  
3.721e-01  3.930e-01  
3.636e-01  3.997e-01  
3.549e-01  4.065e-01  
3.469e-01  4.139e-01  
3.381e-01  4.202e-01  
3.294e-01  4.271e-01  
3.217e-01  4.342e-01  
3.136e-01  4.414e-01  
3.057e-01  4.490e-01  
2.976e-01  4.559e-01  
2.900e-01  4.637e-01  
2.823e-01  4.712e-01  
2.742e-01  4.781e-01  
2.663e-01  4.855e-01  
2.587e-01  4.930e-01  
2.513e-01  5.012e-01  
2.437e-01  5.088e-01  
2.359e-01  5.163e-01  
2.282e-01  5.238e-01  
2.206e-01  5.317e-01  
2.133e-01  5.400e-01  
2.058e-01  5.482e-01  
1.982e-01  5.563e-01  
1.909e-01  5.645e-01  
1.833e-01  5.734e-01  
1.760e-01  5.822e-01  
1.689e-01  5.916e-01  
1.611e-01  6.008e-01  
1.539e-01  6.100e-01  
1.469e-01  6.200e-01  
1.392e-01  6.381e-01  
1.317e-01  6.481e-01  
1.247e-01  6.590e-01  
1.176e-01  6.712e-01  
1.088e-01  6.844e-01  
1.029e-01  6.949e-01  
9.532e-02  7.066e-01  
8.741e-02  7.162e-01  
8.034e-02  7.330e-01  
7.162e-02  7.467e-01  
6.460e-02  7.624e-01  
5.726e-02  7.804e-01  
4.919e-02  7.925e-01  
4.061e-02  8.191e-01  
3.328e-02  8.352e-01  
2.461e-02  8.578e-01  
1.652e-02  9.086e-01  
3.468e-03  9.481e-01  
