1.000e+00  2.918e-04  
5.787e-03  9.273e-01  
9.956e-01  5.050e-03  
9.891e-01  1.293e-02  
9.558e-01  2.507e-02  
9.411e-01  3.470e-02  
9.308e-01  4.166e-02  
9.028e-01  5.344e-02  
8.902e-01  6.251e-02  
8.730e-01  7.169e-02  
8.563e-01  8.075e-02  
8.413e-01  8.926e-02  
8.254e-01  9.855e-02  
8.083e-01  1.068e-01  
7.932e-01  1.145e-01  
7.771e-01  1.231e-01  
7.611e-01  1.313e-01  
7.473e-01  1.394e-01  
7.316e-01  1.471e-01  
7.195e-01  1.551e-01  
7.071e-01  1.634e-01  
6.925e-01  1.706e-01  
6.814e-01  1.789e-01  
6.672e-01  1.861e-01  
6.562e-01  1.935e-01  
6.431e-01  2.013e-01  
6.340e-01  2.099e-01  
6.197e-01  2.162e-01  
6.068e-01  2.230e-01  
5.989e-01  2.308e-01  
5.887e-01  2.391e-01  
5.773e-01  2.467e-01  
5.639e-01  2.523e-01  
5.557e-01  2.607e-01  
5.483e-01  2.695e-01  
5.329e-01  2.740e-01  
5.255e-01  2.826e-01  
5.144e-01  2.892e-01  
5.024e-01  2.950e-01  
4.954e-01  3.039e-01  
4.820e-01  3.084e-01  
4.733e-01  3.160e-01  
4.643e-01  3.233e-01  
4.537e-01  3.292e-01  
4.451e-01  3.368e-01  
4.363e-01  3.439e-01  
4.267e-01  3.504e-01  
4.181e-01  3.577e-01  
4.088e-01  3.644e-01  
3.998e-01  3.712e-01  
3.918e-01  3.785e-01  
3.836e-01  3.860e-01  
3.745e-01  3.920e-01  
3.668e-01  4.001e-01  
3.579e-01  4.065e-01  
3.499e-01  4.140e-01  
3.417e-01  4.210e-01  
3.330e-01  4.276e-01  
3.256e-01  4.359e-01  
3.170e-01  4.430e-01  
3.097e-01  4.507e-01  
3.020e-01  4.579e-01  
2.950e-01  4.663e-01  
2.864e-01  4.735e-01  
2.786e-01  4.803e-01  
2.713e-01  4.895e-01  
2.633e-01  4.973e-01  
2.558e-01  5.048e-01  
2.485e-01  5.128e-01  
2.417e-01  5.244e-01  
2.351e-01  5.335e-01  
2.263e-01  5.406e-01  
2.176e-01  5.465e-01  
2.091e-01  5.497e-01  
2.038e-01  5.621e-01  
1.954e-01  5.700e-01  
1.880e-01  5.807e-01  
1.791e-01  5.929e-01  
1.732e-01  5.989e-01  
1.662e-01  6.074e-01  
1.564e-01  6.165e-01  
1.503e-01  6.226e-01  
1.431e-01  6.323e-01  
1.353e-01  6.435e-01  
1.278e-01  6.508e-01  
1.207e-01  6.632e-01  
1.127e-01  6.725e-01  
1.056e-01  6.841e-01  
9.907e-02  7.063e-01  
9.091e-02  7.267e-01  
8.438e-02  7.384e-01  
7.760e-02  7.604e-01  
6.826e-02  7.639e-01  
6.077e-02  7.784e-01  
5.175e-02  7.848e-01  
4.413e-02  8.110e-01  
3.633e-02  8.278e-01  
2.798e-02  8.580e-01  
1.844e-02  8.854e-01  
9.710e-03  9.194e-01  
