9.999e-01  2.658e-04  
2.370e-03  9.568e-01  
9.944e-01  5.147e-03  
9.913e-01  1.316e-02  
9.791e-01  2.554e-02  
9.429e-01  3.504e-02  
9.225e-01  4.436e-02  
9.062e-01  5.340e-02  
8.894e-01  6.251e-02  
8.704e-01  7.157e-02  
8.578e-01  8.139e-02  
8.367e-01  8.958e-02  
8.237e-01  9.855e-02  
8.088e-01  1.073e-01  
7.920e-01  1.156e-01  
7.765e-01  1.237e-01  
7.631e-01  1.323e-01  
7.491e-01  1.404e-01  
7.347e-01  1.485e-01  
7.178e-01  1.556e-01  
7.064e-01  1.641e-01  
6.939e-01  1.719e-01  
6.785e-01  1.791e-01  
6.671e-01  1.869e-01  
6.524e-01  1.939e-01  
6.415e-01  2.019e-01  
6.298e-01  2.094e-01  
6.181e-01  2.169e-01  
6.074e-01  2.246e-01  
5.951e-01  2.316e-01  
5.840e-01  2.388e-01  
5.745e-01  2.467e-01  
5.626e-01  2.535e-01  
5.511e-01  2.602e-01  
5.429e-01  2.686e-01  
5.316e-01  2.751e-01  
5.201e-01  2.815e-01  
5.129e-01  2.903e-01  
4.998e-01  2.955e-01  
4.900e-01  3.026e-01  
4.824e-01  3.110e-01  
4.699e-01  3.159e-01  
4.607e-01  3.231e-01  
4.532e-01  3.314e-01  
4.428e-01  3.375e-01  
4.327e-01  3.439e-01  
4.245e-01  3.516e-01  
4.148e-01  3.578e-01  
4.056e-01  3.646e-01  
3.977e-01  3.722e-01  
3.902e-01  3.803e-01  
3.800e-01  3.861e-01  
3.739e-01  3.951e-01  
3.662e-01  4.033e-01  
3.562e-01  4.087e-01  
3.465e-01  4.146e-01  
3.394e-01  4.225e-01  
3.313e-01  4.300e-01  
3.224e-01  4.367e-01  
3.144e-01  4.440e-01  
3.071e-01  4.521e-01  
2.980e-01  4.573e-01  
2.902e-01  4.648e-01  
2.831e-01  4.737e-01  
2.747e-01  4.798e-01  
2.664e-01  4.865e-01  
2.595e-01  4.953e-01  
2.517e-01  5.030e-01  
2.437e-01  5.102e-01  
2.364e-01  5.188e-01  
2.288e-01  5.261e-01  
2.234e-01  5.397e-01  
2.157e-01  5.482e-01  
2.081e-01  5.562e-01  
2.007e-01  5.647e-01  
1.920e-01  5.707e-01  
1.842e-01  5.795e-01  
1.776e-01  5.896e-01  
1.703e-01  5.984e-01  
1.624e-01  6.074e-01  
1.550e-01  6.185e-01  
1.480e-01  6.271e-01  
1.406e-01  6.396e-01  
1.335e-01  6.561e-01  
1.263e-01  6.618e-01  
1.181e-01  6.702e-01  
1.108e-01  6.814e-01  
1.029e-01  6.914e-01  
9.635e-02  7.088e-01  
8.862e-02  7.200e-01  
8.009e-02  7.346e-01  
7.360e-02  7.561e-01  
6.562e-02  7.712e-01  
5.730e-02  7.813e-01  
4.996e-02  8.025e-01  
4.102e-02  8.098e-01  
3.396e-02  8.562e-01  
2.431e-02  8.680e-01  
1.505e-02  9.112e-01  
6.775e-03  9.451e-01  
