1.000e+00  4.403e-04  
1.488e-03  9.712e-01  
9.954e-01  5.125e-03  
9.911e-01  1.431e-02  
9.669e-01  2.585e-02  
9.513e-01  3.591e-02  
9.341e-01  4.554e-02  
9.214e-01  5.548e-02  
8.936e-01  6.330e-02  
8.801e-01  7.299e-02  
8.650e-01  8.230e-02  
8.501e-01  9.136e-02  
8.345e-01  9.948e-02  
8.216e-01  1.096e-01  
8.138e-01  1.194e-01  
7.978e-01  1.277e-01  
7.867e-01  1.369e-01  
7.745e-01  1.458e-01  
7.645e-01  1.551e-01  
7.514e-01  1.638e-01  
7.406e-01  1.727e-01  
7.281e-01  1.813e-01  
7.107e-01  1.886e-01  
6.975e-01  1.963e-01  
6.845e-01  2.031e-01  
6.638e-01  2.093e-01  
6.502e-01  2.167e-01  
6.355e-01  2.235e-01  
6.245e-01  2.315e-01  
6.069e-01  2.364e-01  
5.956e-01  2.435e-01  
5.881e-01  2.532e-01  
5.767e-01  2.605e-01  
5.638e-01  2.664e-01  
5.467e-01  2.709e-01  
5.366e-01  2.783e-01  
5.266e-01  2.857e-01  
5.131e-01  2.912e-01  
5.032e-01  2.981e-01  
4.936e-01  3.054e-01  
4.833e-01  3.120e-01  
4.727e-01  3.185e-01  
4.625e-01  3.252e-01  
4.549e-01  3.335e-01  
4.446e-01  3.398e-01  
4.351e-01  3.466e-01  
4.272e-01  3.547e-01  
4.162e-01  3.599e-01  
4.087e-01  3.681e-01  
3.995e-01  3.749e-01  
3.925e-01  3.837e-01  
3.828e-01  3.895e-01  
3.758e-01  3.982e-01  
3.660e-01  4.043e-01  
3.569e-01  4.105e-01  
3.488e-01  4.180e-01  
3.396e-01  4.241e-01  
3.311e-01  4.309e-01  
3.224e-01  4.376e-01  
3.154e-01  4.462e-01  
3.076e-01  4.539e-01  
3.002e-01  4.627e-01  
2.912e-01  4.680e-01  
2.831e-01  4.751e-01  
2.752e-01  4.824e-01  
2.671e-01  4.902e-01  
2.603e-01  4.991e-01  
2.524e-01  5.062e-01  
2.442e-01  5.130e-01  
2.379e-01  5.238e-01  
2.293e-01  5.308e-01  
2.226e-01  5.399e-01  
2.148e-01  5.480e-01  
2.074e-01  5.561e-01  
1.986e-01  5.649e-01  
1.927e-01  5.742e-01  
1.852e-01  5.830e-01  
1.775e-01  5.918e-01  
1.700e-01  6.004e-01  
1.628e-01  6.110e-01  
1.565e-01  6.246e-01  
1.488e-01  6.342e-01  
1.417e-01  6.464e-01  
1.341e-01  6.569e-01  
1.275e-01  6.745e-01  
1.198e-01  6.826e-01  
1.123e-01  6.977e-01  
1.053e-01  7.101e-01  
9.805e-02  7.269e-01  
8.956e-02  7.356e-01  
8.142e-02  7.453e-01  
7.369e-02  7.631e-01  
6.590e-02  7.777e-01  
5.762e-02  7.919e-01  
4.944e-02  8.106e-01  
4.145e-02  8.329e-01  
3.268e-02  8.431e-01  
2.361e-02  8.715e-01  
1.574e-02  9.250e-01  
4.775e-03  9.639e-01  
