9.995e-01  4.137e-04  
1.754e-02  9.337e-01  
9.959e-01  4.904e-03  
9.744e-01  1.516e-02  
9.556e-01  2.474e-02  
9.368e-01  3.435e-02  
9.207e-01  4.361e-02  
9.073e-01  5.128e-02  
8.826e-01  6.173e-02  
8.686e-01  7.053e-02  
8.519e-01  7.892e-02  
8.369e-01  8.778e-02  
8.267e-01  9.746e-02  
8.053e-01  1.045e-01  
7.921e-01  1.136e-01  
7.782e-01  1.219e-01  
7.621e-01  1.293e-01  
7.508e-01  1.364e-01  
7.340e-01  1.460e-01  
7.211e-01  1.533e-01  
7.087e-01  1.613e-01  
6.951e-01  1.688e-01  
6.836e-01  1.765e-01  
6.728e-01  1.841e-01  
6.585e-01  1.913e-01  
6.461e-01  1.986e-01  
6.341e-01  2.059e-01  
6.224e-01  2.130e-01  
6.117e-01  2.215e-01  
6.009e-01  2.274e-01  
5.888e-01  2.347e-01  
5.793e-01  2.418e-01  
5.669e-01  2.491e-01  
5.571e-01  2.560e-01  
5.464e-01  2.627e-01  
5.365e-01  2.700e-01  
5.262e-01  2.768e-01  
5.172e-01  2.844e-01  
5.062e-01  2.907e-01  
4.974e-01  2.979e-01  
4.886e-01  3.053e-01  
4.776e-01  3.110e-01  
4.695e-01  3.187e-01  
4.587e-01  3.258e-01  
4.502e-01  3.318e-01  
4.411e-01  3.388e-01  
4.323e-01  3.455e-01  
4.227e-01  3.525e-01  
4.139e-01  3.588e-01  
4.054e-01  3.661e-01  
3.963e-01  3.727e-01  
3.884e-01  3.794e-01  
3.800e-01  3.859e-01  
3.716e-01  3.931e-01  
3.656e-01  4.020e-01  
3.489e-01  4.122e-01  
3.405e-01  4.182e-01  
3.327e-01  4.254e-01  
3.246e-01  4.324e-01  
3.226e-01  4.393e-01  
3.107e-01  4.472e-01  
3.016e-01  4.529e-01  
2.948e-01  4.613e-01  
2.873e-01  4.685e-01  
2.797e-01  4.750e-01  
2.724e-01  4.826e-01  
2.643e-01  4.897e-01  
2.567e-01  4.962e-01  
2.508e-01  5.017e-01  
2.464e-01  5.092e-01  
2.365e-01  5.193e-01  
2.284e-01  5.278e-01  
2.221e-01  5.395e-01  
2.145e-01  5.458e-01  
2.065e-01  5.510e-01  
1.995e-01  5.598e-01  
1.904e-01  5.678e-01  
1.851e-01  5.773e-01  
1.776e-01  5.834e-01  
1.703e-01  5.920e-01  
1.625e-01  5.994e-01  
1.557e-01  6.078e-01  
1.495e-01  6.181e-01  
1.414e-01  6.277e-01  
1.354e-01  6.371e-01  
1.280e-01  6.500e-01  
1.214e-01  6.599e-01  
1.133e-01  6.690e-01  
1.068e-01  6.818e-01  
9.922e-02  6.942e-01  
9.232e-02  7.063e-01  
8.480e-02  7.183e-01  
7.741e-02  7.507e-01  
7.053e-02  7.697e-01  
6.283e-02  7.841e-01  
4.981e-02  8.027e-01  
4.716e-02  8.141e-01  
3.815e-02  8.466e-01  
2.986e-02  8.597e-01  
2.192e-02  8.932e-01  
