9.999e-01  4.218e-04  
1.578e-03  9.698e-01  
9.961e-01  5.351e-03  
9.828e-01  1.557e-02  
9.756e-01  2.470e-02  
9.733e-01  3.390e-02  
9.433e-01  4.650e-02  
9.093e-01  5.429e-02  
8.928e-01  6.350e-02  
8.799e-01  7.312e-02  
8.646e-01  8.230e-02  
8.511e-01  9.129e-02  
8.368e-01  1.005e-01  
8.205e-01  1.088e-01  
8.062e-01  1.180e-01  
7.902e-01  1.263e-01  
7.735e-01  1.343e-01  
7.551e-01  1.417e-01  
7.475e-01  1.513e-01  
7.351e-01  1.595e-01  
7.202e-01  1.676e-01  
7.126e-01  1.773e-01  
6.942e-01  1.839e-01  
6.827e-01  1.920e-01  
6.723e-01  2.005e-01  
6.602e-01  2.085e-01  
6.444e-01  2.148e-01  
6.349e-01  2.237e-01  
6.206e-01  2.303e-01  
6.082e-01  2.373e-01  
5.964e-01  2.447e-01  
5.862e-01  2.523e-01  
5.770e-01  2.609e-01  
5.652e-01  2.681e-01  
5.541e-01  2.750e-01  
5.403e-01  2.802e-01  
5.290e-01  2.869e-01  
5.164e-01  2.929e-01  
5.053e-01  2.994e-01  
4.955e-01  3.057e-01  
4.853e-01  3.134e-01  
4.754e-01  3.203e-01  
4.660e-01  3.275e-01  
4.554e-01  3.337e-01  
4.456e-01  3.405e-01  
4.366e-01  3.477e-01  
4.268e-01  3.546e-01  
4.183e-01  3.616e-01  
4.095e-01  3.688e-01  
4.004e-01  3.754e-01  
3.906e-01  3.821e-01  
3.836e-01  3.904e-01  
3.754e-01  3.979e-01  
3.657e-01  4.037e-01  
3.568e-01  4.103e-01  
3.504e-01  4.198e-01  
3.419e-01  4.269e-01  
3.342e-01  4.349e-01  
3.261e-01  4.423e-01  
3.165e-01  4.477e-01  
3.084e-01  4.553e-01  
3.011e-01  4.645e-01  
2.924e-01  4.704e-01  
2.863e-01  4.801e-01  
2.779e-01  4.870e-01  
2.692e-01  4.934e-01  
2.618e-01  5.014e-01  
2.539e-01  5.097e-01  
2.454e-01  5.155e-01  
2.383e-01  5.244e-01  
2.314e-01  5.330e-01  
2.240e-01  5.434e-01  
2.164e-01  5.523e-01  
2.080e-01  5.578e-01  
2.014e-01  5.694e-01  
1.935e-01  5.765e-01  
1.862e-01  5.863e-01  
1.786e-01  5.952e-01  
1.714e-01  6.075e-01  
1.635e-01  6.141e-01  
1.554e-01  6.228e-01  
1.475e-01  6.285e-01  
1.406e-01  6.405e-01  
1.323e-01  6.478e-01  
1.250e-01  6.580e-01  
1.176e-01  6.702e-01  
1.108e-01  6.846e-01  
1.027e-01  6.934e-01  
9.638e-02  7.150e-01  
8.865e-02  7.271e-01  
8.162e-02  7.472e-01  
7.331e-02  7.595e-01  
6.508e-02  7.694e-01  
5.695e-02  7.874e-01  
4.928e-02  8.073e-01  
4.090e-02  8.215e-01  
3.289e-02  8.484e-01  
2.435e-02  8.792e-01  
1.436e-02  9.172e-01  
4.818e-03  9.665e-01  
