9.799e-01  1.051e-02  
1.317e-03  9.678e-01  
9.773e-01  1.538e-02  
9.647e-01  2.371e-02  
9.446e-01  3.502e-02  
9.252e-01  4.367e-02  
9.055e-01  5.307e-02  
8.923e-01  6.296e-02  
8.782e-01  7.205e-02  
8.529e-01  8.074e-02  
8.409e-01  8.984e-02  
8.316e-01  9.949e-02  
8.093e-01  1.070e-01  
7.931e-01  1.152e-01  
7.882e-01  1.247e-01  
7.737e-01  1.343e-01  
7.491e-01  1.396e-01  
7.449e-01  1.494e-01  
7.273e-01  1.568e-01  
7.133e-01  1.643e-01  
6.983e-01  1.717e-01  
6.821e-01  1.786e-01  
6.673e-01  1.856e-01  
6.561e-01  1.932e-01  
6.423e-01  2.001e-01  
6.303e-01  2.076e-01  
6.199e-01  2.154e-01  
6.070e-01  2.220e-01  
5.959e-01  2.294e-01  
5.849e-01  2.368e-01  
5.746e-01  2.441e-01  
5.646e-01  2.514e-01  
5.526e-01  2.578e-01  
5.434e-01  2.655e-01  
5.325e-01  2.722e-01  
5.219e-01  2.789e-01  
5.121e-01  2.860e-01  
5.032e-01  2.935e-01  
4.926e-01  2.996e-01  
4.834e-01  3.070e-01  
4.737e-01  3.138e-01  
4.645e-01  3.205e-01  
4.543e-01  3.293e-01  
4.463e-01  3.349e-01  
4.376e-01  3.420e-01  
4.298e-01  3.489e-01  
4.184e-01  3.544e-01  
4.098e-01  3.614e-01  
4.026e-01  3.724e-01  
3.907e-01  3.767e-01  
3.854e-01  3.826e-01  
3.756e-01  3.888e-01  
3.656e-01  3.981e-01  
3.572e-01  4.047e-01  
3.506e-01  4.136e-01  
3.427e-01  4.169e-01  
3.342e-01  4.237e-01  
3.246e-01  4.328e-01  
3.162e-01  4.405e-01  
3.104e-01  4.444e-01  
3.029e-01  4.520e-01  
2.932e-01  4.616e-01  
2.850e-01  4.695e-01  
2.779e-01  4.766e-01  
2.725e-01  4.874e-01  
2.629e-01  4.922e-01  
2.548e-01  4.981e-01  
2.470e-01  5.071e-01  
2.396e-01  5.134e-01  
2.329e-01  5.229e-01  
2.251e-01  5.301e-01  
2.173e-01  5.374e-01  
2.093e-01  5.448e-01  
2.022e-01  5.532e-01  
1.950e-01  5.617e-01  
1.876e-01  5.698e-01  
1.804e-01  5.791e-01  
1.732e-01  5.876e-01  
1.659e-01  5.971e-01  
1.590e-01  6.064e-01  
1.516e-01  6.161e-01  
1.445e-01  6.261e-01  
1.370e-01  6.378e-01  
1.296e-01  6.486e-01  
1.227e-01  6.572e-01  
1.155e-01  6.680e-01  
1.080e-01  6.798e-01  
1.004e-01  6.897e-01  
9.274e-02  7.051e-01  
8.524e-02  7.157e-01  
7.848e-02  7.312e-01  
7.095e-02  7.497e-01  
6.275e-02  7.560e-01  
5.539e-02  7.751e-01  
4.733e-02  7.858e-01  
3.896e-02  8.172e-01  
3.129e-02  8.353e-01  
2.310e-02  8.667e-01  
1.463e-02  8.878e-01  
5.437e-03  9.652e-01  
