1.049e+00  3.316e-02  
2.978e-02  1.059e+00  
1.035e+00  3.725e-02  
1.031e+00  4.821e-02  
1.030e+00  4.974e-02  
1.026e+00  6.944e-02  
1.020e+00  8.063e-02  
1.015e+00  9.078e-02  
1.011e+00  1.027e-01  
1.007e+00  1.133e-01  
1.004e+00  1.247e-01  
1.000e+00  1.368e-01  
9.978e-01  1.490e-01  
9.953e-01  1.609e-01  
9.938e-01  1.739e-01  
9.920e-01  1.868e-01  
9.908e-01  1.994e-01  
9.896e-01  2.127e-01  
9.890e-01  2.272e-01  
9.888e-01  2.337e-01  
9.793e-01  2.540e-01  
9.557e-01  2.630e-01  
9.411e-01  2.740e-01  
9.306e-01  2.862e-01  
9.212e-01  2.985e-01  
9.056e-01  3.094e-01  
8.936e-01  3.208e-01  
8.862e-01  3.348e-01  
8.777e-01  3.474e-01  
8.680e-01  3.594e-01  
8.596e-01  3.731e-01  
8.539e-01  3.875e-01  
8.483e-01  4.007e-01  
8.419e-01  4.185e-01  
8.379e-01  4.324e-01  
8.355e-01  4.482e-01  
8.309e-01  4.682e-01  
8.293e-01  4.842e-01  
8.276e-01  5.011e-01  
8.268e-01  5.101e-01  
8.092e-01  5.375e-01  
7.874e-01  5.448e-01  
7.707e-01  5.543e-01  
7.548e-01  5.657e-01  
7.337e-01  5.722e-01  
7.189e-01  5.831e-01  
7.019e-01  5.924e-01  
6.997e-01  6.136e-01  
6.888e-01  6.270e-01  
6.780e-01  6.426e-01  
6.714e-01  6.620e-01  
6.643e-01  6.806e-01  
6.600e-01  6.996e-01  
6.576e-01  7.194e-01  
6.361e-01  7.402e-01  
6.207e-01  7.434e-01  
6.037e-01  7.526e-01  
5.853e-01  7.600e-01  
5.706e-01  7.694e-01  
5.569e-01  7.814e-01  
5.431e-01  7.932e-01  
5.304e-01  8.064e-01  
5.191e-01  8.224e-01  
5.092e-01  8.402e-01  
5.013e-01  8.621e-01  
4.958e-01  8.894e-01  
4.270e-01  9.101e-01  
4.270e-01  9.101e-01  
4.269e-01  9.101e-01  
4.252e-01  9.101e-01  
4.065e-01  9.101e-01  
3.894e-01  9.101e-01  
3.750e-01  9.199e-01  
3.660e-01  9.406e-01  
3.528e-01  9.523e-01  
3.404e-01  9.672e-01  
3.314e-01  9.868e-01  
3.064e-01  9.969e-01  
2.925e-01  9.975e-01  
2.571e-01  1.000e+00  
2.571e-01  1.000e+00  
2.546e-01  1.000e+00  
2.412e-01  1.005e+00  
2.230e-01  1.008e+00  
2.133e-01  1.011e+00  
1.986e-01  1.019e+00  
5.660e-02  1.026e+00  
5.671e-02  1.026e+00  
5.561e-02  1.026e+00  
5.616e-02  1.026e+00  
5.660e-02  1.026e+00  
5.579e-02  1.026e+00  
5.581e-02  1.026e+00  
5.561e-02  1.026e+00  
5.736e-02  1.026e+00  
5.581e-02  1.026e+00  
5.616e-02  1.026e+00  
5.526e-02  1.026e+00  
4.021e-02  1.032e+00  
3.477e-02  1.034e+00  
