1.056e+00  1.848e-02  
2.068e-02  1.024e+00  
1.025e+00  2.343e-02  
1.022e+00  2.955e-02  
1.016e+00  4.425e-02  
1.015e+00  5.409e-02  
1.013e+00  6.467e-02  
1.010e+00  7.594e-02  
1.001e+00  8.733e-02  
9.978e-01  9.785e-02  
9.902e-01  1.082e-01  
9.850e-01  1.135e-01  
9.834e-01  1.243e-01  
9.742e-01  1.422e-01  
9.700e-01  1.557e-01  
9.662e-01  1.687e-01  
9.596e-01  1.812e-01  
9.526e-01  1.910e-01  
9.464e-01  2.058e-01  
9.400e-01  2.169e-01  
9.327e-01  2.291e-01  
9.244e-01  2.415e-01  
9.132e-01  2.540e-01  
9.059e-01  2.663e-01  
9.024e-01  2.788e-01  
8.927e-01  2.927e-01  
8.860e-01  3.046e-01  
8.785e-01  3.183e-01  
8.693e-01  3.320e-01  
8.598e-01  3.462e-01  
8.474e-01  3.557e-01  
8.471e-01  3.687e-01  
8.424e-01  3.819e-01  
8.315e-01  4.010e-01  
8.249e-01  4.172e-01  
8.147e-01  4.305e-01  
8.079e-01  4.465e-01  
7.939e-01  4.617e-01  
7.830e-01  4.731e-01  
7.753e-01  4.898e-01  
7.704e-01  5.009e-01  
7.593e-01  5.139e-01  
7.437e-01  5.283e-01  
7.325e-01  5.440e-01  
7.211e-01  5.571e-01  
7.077e-01  5.657e-01  
6.953e-01  5.799e-01  
6.873e-01  5.960e-01  
6.801e-01  6.123e-01  
6.718e-01  6.303e-01  
6.570e-01  6.405e-01  
6.506e-01  6.599e-01  
6.393e-01  6.754e-01  
6.297e-01  6.941e-01  
6.102e-01  6.972e-01  
6.041e-01  7.091e-01  
5.880e-01  7.282e-01  
5.774e-01  7.450e-01  
5.642e-01  7.595e-01  
5.490e-01  7.685e-01  
5.339e-01  7.821e-01  
5.197e-01  7.886e-01  
5.088e-01  8.058e-01  
4.950e-01  8.198e-01  
4.813e-01  8.304e-01  
4.685e-01  8.432e-01  
4.557e-01  8.563e-01  
4.422e-01  8.689e-01  
4.296e-01  8.789e-01  
4.155e-01  8.927e-01  
3.952e-01  8.927e-01  
3.809e-01  8.933e-01  
3.679e-01  9.092e-01  
3.584e-01  9.314e-01  
3.432e-01  9.374e-01  
3.290e-01  9.441e-01  
3.161e-01  9.551e-01  
2.889e-01  9.635e-01  
2.835e-01  9.636e-01  
2.706e-01  9.779e-01  
2.579e-01  9.785e-01  
2.090e-01  9.899e-01  
2.127e-01  9.899e-01  
2.090e-01  9.899e-01  
1.956e-01  9.899e-01  
1.892e-01  9.899e-01  
5.465e-02  1.013e+00  
5.809e-02  1.013e+00  
5.501e-02  1.013e+00  
4.951e-02  1.013e+00  
4.884e-02  1.013e+00  
6.116e-02  1.013e+00  
5.781e-02  1.013e+00  
5.501e-02  1.013e+00  
5.809e-02  1.013e+00  
5.465e-02  1.013e+00  
4.884e-02  1.013e+00  
4.637e-02  1.013e+00  
3.272e-02  1.020e+00  
2.267e-02  1.020e+00  
