1.021e+00  1.348e-02  
1.092e-02  1.013e+00  
1.009e+00  1.838e-02  
1.009e+00  2.867e-02  
1.009e+00  3.530e-02  
1.009e+00  3.000e-02  
1.009e+00  3.000e-02  
1.009e+00  5.279e-02  
9.982e-01  8.349e-02  
9.935e-01  9.448e-02  
9.884e-01  1.058e-01  
9.837e-01  1.176e-01  
9.786e-01  1.269e-01  
9.713e-01  1.411e-01  
9.684e-01  1.522e-01  
9.534e-01  1.621e-01  
9.526e-01  1.766e-01  
9.467e-01  1.888e-01  
9.466e-01  2.018e-01  
9.366e-01  2.136e-01  
9.303e-01  2.261e-01  
9.230e-01  2.388e-01  
9.177e-01  2.513e-01  
9.073e-01  2.638e-01  
9.005e-01  2.773e-01  
8.915e-01  2.901e-01  
8.847e-01  3.047e-01  
8.779e-01  3.159e-01  
8.687e-01  3.298e-01  
8.597e-01  3.430e-01  
8.550e-01  3.586e-01  
8.398e-01  3.688e-01  
8.371e-01  3.862e-01  
8.318e-01  3.998e-01  
8.220e-01  4.147e-01  
8.111e-01  4.285e-01  
8.058e-01  4.425e-01  
7.983e-01  4.599e-01  
7.898e-01  4.740e-01  
7.827e-01  4.896e-01  
7.773e-01  5.072e-01  
7.749e-01  5.277e-01  
7.476e-01  5.356e-01  
7.254e-01  5.375e-01  
7.204e-01  5.554e-01  
7.039e-01  5.690e-01  
6.823e-01  5.705e-01  
6.782e-01  5.842e-01  
6.762e-01  5.971e-01  
6.657e-01  6.270e-01  
6.520e-01  6.401e-01  
6.426e-01  6.548e-01  
6.283e-01  6.678e-01  
6.234e-01  6.843e-01  
6.071e-01  7.006e-01  
5.948e-01  7.139e-01  
5.829e-01  7.282e-01  
5.717e-01  7.434e-01  
5.591e-01  7.561e-01  
5.433e-01  7.697e-01  
5.311e-01  7.853e-01  
5.203e-01  7.994e-01  
5.070e-01  8.108e-01  
4.923e-01  8.234e-01  
4.827e-01  8.387e-01  
4.680e-01  8.534e-01  
4.553e-01  8.687e-01  
4.305e-01  8.865e-01  
4.070e-01  8.869e-01  
4.054e-01  8.870e-01  
3.914e-01  8.927e-01  
3.720e-01  9.034e-01  
3.581e-01  9.037e-01  
3.455e-01  9.130e-01  
3.351e-01  9.355e-01  
3.216e-01  9.423e-01  
3.076e-01  9.567e-01  
2.945e-01  9.583e-01  
2.803e-01  9.724e-01  
2.675e-01  9.804e-01  
2.356e-01  9.843e-01  
2.356e-01  9.843e-01  
2.242e-01  9.949e-01  
2.093e-01  9.973e-01  
1.967e-01  1.004e+00  
3.627e-02  1.013e+00  
5.006e-02  1.013e+00  
5.555e-02  1.013e+00  
4.647e-02  1.013e+00  
4.647e-02  1.013e+00  
5.555e-02  1.013e+00  
3.847e-02  1.013e+00  
4.882e-02  1.013e+00  
5.006e-02  1.013e+00  
4.021e-02  1.013e+00  
4.021e-02  1.013e+00  
3.860e-02  1.013e+00  
3.187e-02  1.013e+00  
1.873e-02  1.013e+00  
1.543e-02  1.013e+00  
