1.058e+00  1.050e-02  
1.450e-02  1.012e+00  
1.008e+00  1.490e-02  
1.008e+00  2.587e-02  
1.008e+00  3.641e-02  
1.008e+00  4.653e-02  
1.008e+00  5.727e-02  
1.008e+00  6.220e-02  
1.008e+00  7.854e-02  
9.991e-01  9.100e-02  
9.912e-01  1.027e-01  
9.831e-01  1.144e-01  
9.769e-01  1.258e-01  
9.704e-01  1.368e-01  
9.672e-01  1.487e-01  
9.546e-01  1.605e-01  
9.482e-01  1.724e-01  
9.423e-01  1.846e-01  
9.387e-01  1.974e-01  
9.330e-01  2.099e-01  
9.297e-01  2.233e-01  
9.230e-01  2.358e-01  
9.173e-01  2.477e-01  
9.107e-01  2.604e-01  
9.054e-01  2.745e-01  
8.967e-01  2.886e-01  
8.871e-01  3.012e-01  
8.797e-01  3.130e-01  
8.724e-01  3.263e-01  
8.625e-01  3.402e-01  
8.540e-01  3.541e-01  
8.457e-01  3.665e-01  
8.390e-01  3.806e-01  
8.273e-01  3.952e-01  
8.231e-01  4.100e-01  
8.094e-01  4.227e-01  
7.976e-01  4.359e-01  
7.918e-01  4.523e-01  
7.837e-01  4.664e-01  
7.767e-01  4.810e-01  
7.656e-01  4.961e-01  
7.652e-01  5.152e-01  
7.538e-01  5.292e-01  
7.447e-01  5.455e-01  
7.094e-01  5.621e-01  
7.053e-01  5.621e-01  
6.881e-01  5.696e-01  
6.836e-01  5.872e-01  
6.831e-01  6.100e-01  
6.665e-01  6.266e-01  
6.555e-01  6.377e-01  
6.454e-01  6.529e-01  
6.336e-01  6.669e-01  
6.183e-01  6.782e-01  
6.109e-01  6.973e-01  
6.009e-01  7.070e-01  
5.901e-01  7.306e-01  
5.744e-01  7.424e-01  
5.621e-01  7.597e-01  
5.453e-01  7.711e-01  
5.290e-01  7.798e-01  
5.225e-01  7.970e-01  
5.069e-01  8.086e-01  
4.932e-01  8.162e-01  
4.788e-01  8.284e-01  
4.651e-01  8.409e-01  
4.529e-01  8.554e-01  
4.386e-01  8.645e-01  
4.268e-01  8.805e-01  
3.998e-01  8.974e-01  
3.639e-01  8.974e-01  
3.639e-01  8.974e-01  
3.613e-01  8.987e-01  
3.498e-01  9.137e-01  
3.392e-01  9.331e-01  
3.250e-01  9.388e-01  
3.103e-01  9.513e-01  
2.973e-01  9.581e-01  
2.830e-01  9.668e-01  
2.716e-01  9.812e-01  
2.572e-01  9.843e-01  
2.419e-01  9.875e-01  
2.204e-01  9.968e-01  
2.048e-01  9.968e-01  
1.985e-01  9.968e-01  
5.460e-02  1.010e+00  
3.853e-02  1.010e+00  
2.928e-02  1.010e+00  
7.091e-02  1.010e+00  
7.091e-02  1.010e+00  
5.691e-02  1.010e+00  
2.928e-02  1.010e+00  
5.691e-02  1.010e+00  
4.418e-02  1.010e+00  
5.460e-02  1.010e+00  
5.766e-02  1.010e+00  
3.853e-02  1.010e+00  
3.803e-02  1.010e+00  
2.884e-02  1.010e+00  
1.862e-02  1.010e+00  
