1.049e+00  2.081e-02  
1.647e-02  1.030e+00  
1.031e+00  2.574e-02  
1.016e+00  3.326e-02  
1.016e+00  4.005e-02  
1.016e+00  4.987e-02  
1.016e+00  4.987e-02  
1.015e+00  7.754e-02  
1.007e+00  9.099e-02  
9.966e-01  1.010e-01  
9.912e-01  1.129e-01  
9.848e-01  1.248e-01  
9.809e-01  1.358e-01  
9.763e-01  1.484e-01  
9.708e-01  1.588e-01  
9.674e-01  1.704e-01  
9.596e-01  1.843e-01  
9.555e-01  1.968e-01  
9.479e-01  2.085e-01  
9.408e-01  2.201e-01  
9.370e-01  2.347e-01  
9.311e-01  2.467e-01  
9.208e-01  2.602e-01  
9.097e-01  2.718e-01  
9.011e-01  2.843e-01  
8.941e-01  2.969e-01  
8.890e-01  3.097e-01  
8.789e-01  3.235e-01  
8.701e-01  3.361e-01  
8.647e-01  3.515e-01  
8.575e-01  3.649e-01  
8.502e-01  3.787e-01  
8.439e-01  3.938e-01  
8.361e-01  4.068e-01  
8.247e-01  4.212e-01  
8.193e-01  4.362e-01  
8.148e-01  4.535e-01  
8.109e-01  4.684e-01  
8.065e-01  4.859e-01  
7.874e-01  5.024e-01  
7.690e-01  5.090e-01  
7.567e-01  5.244e-01  
7.459e-01  5.392e-01  
7.345e-01  5.518e-01  
7.220e-01  5.647e-01  
7.093e-01  5.765e-01  
6.917e-01  5.786e-01  
6.868e-01  5.861e-01  
6.866e-01  6.151e-01  
6.703e-01  6.347e-01  
6.577e-01  6.472e-01  
6.489e-01  6.623e-01  
6.405e-01  6.824e-01  
6.298e-01  7.026e-01  
6.151e-01  7.118e-01  
6.055e-01  7.283e-01  
5.895e-01  7.380e-01  
5.745e-01  7.468e-01  
5.572e-01  7.592e-01  
5.445e-01  7.714e-01  
5.357e-01  7.891e-01  
5.262e-01  8.055e-01  
5.154e-01  8.215e-01  
4.980e-01  8.332e-01  
4.885e-01  8.502e-01  
4.632e-01  8.704e-01  
4.538e-01  8.707e-01  
4.392e-01  8.718e-01  
4.272e-01  8.877e-01  
4.125e-01  8.974e-01  
3.987e-01  9.038e-01  
3.793e-01  9.101e-01  
3.633e-01  9.116e-01  
3.526e-01  9.216e-01  
3.419e-01  9.452e-01  
3.278e-01  9.555e-01  
3.150e-01  9.664e-01  
2.982e-01  9.756e-01  
2.789e-01  9.814e-01  
2.686e-01  9.814e-01  
2.556e-01  9.831e-01  
2.421e-01  9.901e-01  
2.279e-01  9.937e-01  
2.145e-01  9.997e-01  
2.021e-01  1.006e+00  
1.211e-01  1.015e+00  
1.361e-01  1.015e+00  
1.303e-01  1.015e+00  
1.361e-01  1.015e+00  
1.211e-01  1.015e+00  
1.142e-01  1.015e+00  
1.072e-01  1.015e+00  
8.266e-02  1.019e+00  
8.266e-02  1.019e+00  
7.078e-02  1.019e+00  
6.313e-02  1.019e+00  
5.227e-02  1.019e+00  
3.932e-02  1.020e+00  
3.160e-02  1.020e+00  
2.068e-02  1.021e+00  
