1.069e+00  2.559e-02  
2.885e-02  1.040e+00  
1.034e+00  3.057e-02  
1.029e+00  4.092e-02  
1.027e+00  4.961e-02  
1.025e+00  6.196e-02  
1.024e+00  7.320e-02  
1.017e+00  8.313e-02  
1.011e+00  9.289e-02  
1.006e+00  1.059e-01  
1.002e+00  1.177e-01  
9.990e-01  1.243e-01  
9.962e-01  1.410e-01  
9.926e-01  1.509e-01  
9.896e-01  1.630e-01  
9.872e-01  1.775e-01  
9.848e-01  1.913e-01  
9.813e-01  2.044e-01  
9.813e-01  2.044e-01  
9.813e-01  2.044e-01  
9.813e-01  2.044e-01  
9.813e-01  2.044e-01  
9.637e-01  2.727e-01  
9.414e-01  2.818e-01  
9.216e-01  2.915e-01  
9.089e-01  3.029e-01  
8.982e-01  3.150e-01  
8.849e-01  3.265e-01  
8.763e-01  3.391e-01  
8.675e-01  3.524e-01  
8.599e-01  3.660e-01  
8.529e-01  3.804e-01  
8.476e-01  3.946e-01  
8.422e-01  4.103e-01  
8.360e-01  4.245e-01  
8.308e-01  4.398e-01  
8.275e-01  4.577e-01  
8.249e-01  4.764e-01  
8.220e-01  4.948e-01  
8.191e-01  5.063e-01  
8.191e-01  5.063e-01  
7.996e-01  5.461e-01  
7.768e-01  5.522e-01  
7.609e-01  5.625e-01  
7.032e-01  5.744e-01  
7.032e-01  5.744e-01  
6.962e-01  5.773e-01  
6.955e-01  6.021e-01  
6.911e-01  6.230e-01  
6.796e-01  6.364e-01  
6.705e-01  6.534e-01  
6.632e-01  6.723e-01  
6.566e-01  6.918e-01  
6.536e-01  7.113e-01  
6.506e-01  7.304e-01  
6.327e-01  7.525e-01  
6.126e-01  7.567e-01  
5.922e-01  7.610e-01  
5.730e-01  7.678e-01  
5.581e-01  7.768e-01  
5.435e-01  7.878e-01  
5.295e-01  7.991e-01  
5.190e-01  8.131e-01  
5.085e-01  8.324e-01  
4.985e-01  8.514e-01  
4.909e-01  8.755e-01  
4.853e-01  9.039e-01  
3.792e-01  9.115e-01  
3.776e-01  9.115e-01  
3.792e-01  9.115e-01  
3.737e-01  9.115e-01  
3.737e-01  9.115e-01  
3.737e-01  9.115e-01  
3.644e-01  9.300e-01  
3.531e-01  9.470e-01  
3.397e-01  9.574e-01  
3.289e-01  9.763e-01  
2.687e-01  9.986e-01  
2.666e-01  9.986e-01  
2.682e-01  9.986e-01  
2.666e-01  9.986e-01  
2.440e-01  1.000e+00  
2.404e-01  1.000e+00  
2.267e-01  1.003e+00  
2.135e-01  1.009e+00  
2.002e-01  1.013e+00  
3.616e-02  1.022e+00  
3.591e-02  1.022e+00  
3.606e-02  1.022e+00  
3.618e-02  1.022e+00  
3.748e-02  1.022e+00  
3.616e-02  1.022e+00  
3.850e-02  1.022e+00  
3.591e-02  1.022e+00  
3.618e-02  1.022e+00  
3.850e-02  1.022e+00  
3.742e-02  1.022e+00  
3.742e-02  1.022e+00  
3.748e-02  1.022e+00  
3.388e-02  1.022e+00  
