1.035e+00  2.366e-02  
2.270e-02  1.025e+00  
1.022e+00  2.867e-02  
1.021e+00  3.893e-02  
1.021e+00  3.893e-02  
1.015e+00  5.946e-02  
1.010e+00  7.108e-02  
1.006e+00  8.147e-02  
1.000e+00  9.259e-02  
9.950e-01  1.023e-01  
9.917e-01  1.154e-01  
9.894e-01  1.267e-01  
9.850e-01  1.381e-01  
9.826e-01  1.500e-01  
9.801e-01  1.622e-01  
9.779e-01  1.740e-01  
9.752e-01  1.888e-01  
9.725e-01  2.011e-01  
9.715e-01  2.107e-01  
9.691e-01  2.272e-01  
9.691e-01  2.272e-01  
9.682e-01  2.552e-01  
9.463e-01  2.678e-01  
9.262e-01  2.767e-01  
9.123e-01  2.879e-01  
8.972e-01  2.960e-01  
8.894e-01  3.107e-01  
8.800e-01  3.211e-01  
8.653e-01  3.360e-01  
8.576e-01  3.475e-01  
8.539e-01  3.642e-01  
8.463e-01  3.778e-01  
8.441e-01  3.940e-01  
8.382e-01  4.084e-01  
8.280e-01  4.219e-01  
8.219e-01  4.380e-01  
8.153e-01  4.541e-01  
8.133e-01  4.707e-01  
8.118e-01  4.872e-01  
8.094e-01  5.113e-01  
8.015e-01  5.283e-01  
7.779e-01  5.338e-01  
7.589e-01  5.423e-01  
7.415e-01  5.517e-01  
7.283e-01  5.629e-01  
7.096e-01  5.719e-01  
6.924e-01  5.793e-01  
6.886e-01  5.972e-01  
6.810e-01  6.151e-01  
6.698e-01  6.322e-01  
6.603e-01  6.482e-01  
6.526e-01  6.662e-01  
6.474e-01  6.876e-01  
6.417e-01  7.052e-01  
6.373e-01  7.302e-01  
6.195e-01  7.422e-01  
6.034e-01  7.515e-01  
5.836e-01  7.570e-01  
5.664e-01  7.632e-01  
5.516e-01  7.730e-01  
5.340e-01  7.809e-01  
5.242e-01  7.980e-01  
5.135e-01  8.139e-01  
5.042e-01  8.320e-01  
4.909e-01  8.479e-01  
4.825e-01  8.688e-01  
4.674e-01  8.954e-01  
4.543e-01  8.954e-01  
4.340e-01  8.980e-01  
4.174e-01  9.012e-01  
4.000e-01  9.031e-01  
3.791e-01  9.047e-01  
3.662e-01  9.130e-01  
3.550e-01  9.195e-01  
3.444e-01  9.383e-01  
3.307e-01  9.473e-01  
3.190e-01  9.644e-01  
2.486e-01  9.907e-01  
2.494e-01  9.907e-01  
2.494e-01  9.907e-01  
2.486e-01  9.907e-01  
2.454e-01  9.907e-01  
2.324e-01  9.907e-01  
2.190e-01  9.954e-01  
2.054e-01  9.970e-01  
1.922e-01  1.000e+00  
6.680e-02  1.021e+00  
6.437e-02  1.021e+00  
6.324e-02  1.021e+00  
6.452e-02  1.021e+00  
6.324e-02  1.021e+00  
6.587e-02  1.021e+00  
6.452e-02  1.021e+00  
6.437e-02  1.021e+00  
6.587e-02  1.021e+00  
6.680e-02  1.021e+00  
5.542e-02  1.021e+00  
4.802e-02  1.021e+00  
3.584e-02  1.023e+00  
2.662e-02  1.024e+00  
