1.021e+00  1.235e-02  
1.571e-02  1.010e+00  
1.017e+00  1.379e-02  
1.014e+00  2.710e-02  
1.014e+00  3.784e-02  
1.014e+00  4.407e-02  
1.014e+00  4.407e-02  
1.003e+00  7.101e-02  
9.980e-01  8.069e-02  
9.979e-01  8.875e-02  
9.832e-01  1.038e-01  
9.785e-01  1.157e-01  
9.766e-01  1.270e-01  
9.707e-01  1.393e-01  
9.631e-01  1.505e-01  
9.584e-01  1.618e-01  
9.525e-01  1.746e-01  
9.463e-01  1.859e-01  
9.431e-01  1.993e-01  
9.364e-01  2.113e-01  
9.331e-01  2.245e-01  
9.299e-01  2.371e-01  
9.159e-01  2.512e-01  
9.079e-01  2.624e-01  
9.059e-01  2.759e-01  
8.997e-01  2.908e-01  
8.948e-01  3.046e-01  
8.850e-01  3.166e-01  
8.718e-01  3.300e-01  
8.693e-01  3.445e-01  
8.541e-01  3.559e-01  
8.453e-01  3.691e-01  
8.362e-01  3.865e-01  
8.283e-01  3.977e-01  
8.220e-01  4.095e-01  
8.114e-01  4.259e-01  
8.068e-01  4.407e-01  
7.984e-01  4.567e-01  
7.896e-01  4.664e-01  
7.786e-01  4.878e-01  
7.757e-01  5.043e-01  
7.667e-01  5.214e-01  
7.496e-01  5.309e-01  
7.383e-01  5.451e-01  
7.223e-01  5.588e-01  
7.062e-01  5.661e-01  
6.849e-01  5.684e-01  
6.817e-01  5.818e-01  
6.813e-01  6.091e-01  
6.718e-01  6.279e-01  
6.560e-01  6.375e-01  
6.468e-01  6.552e-01  
6.344e-01  6.716e-01  
6.211e-01  6.833e-01  
6.125e-01  7.013e-01  
5.989e-01  7.169e-01  
5.888e-01  7.344e-01  
5.753e-01  7.452e-01  
5.611e-01  7.614e-01  
5.428e-01  7.725e-01  
5.383e-01  7.899e-01  
5.197e-01  7.946e-01  
5.083e-01  8.119e-01  
4.929e-01  8.170e-01  
4.788e-01  8.316e-01  
4.691e-01  8.460e-01  
4.568e-01  8.646e-01  
4.436e-01  8.856e-01  
4.294e-01  8.877e-01  
4.144e-01  8.969e-01  
3.741e-01  9.001e-01  
3.741e-01  9.001e-01  
3.595e-01  9.002e-01  
3.501e-01  9.106e-01  
3.402e-01  9.365e-01  
3.186e-01  9.444e-01  
3.108e-01  9.588e-01  
2.990e-01  9.653e-01  
2.841e-01  9.700e-01  
2.472e-01  9.846e-01  
2.472e-01  9.846e-01  
2.377e-01  9.848e-01  
2.245e-01  9.855e-01  
2.095e-01  1.003e+00  
1.996e-01  1.003e+00  
1.861e-01  1.004e+00  
2.839e-02  1.010e+00  
1.981e-02  1.010e+00  
2.839e-02  1.010e+00  
2.723e-02  1.010e+00  
2.800e-02  1.010e+00  
1.981e-02  1.010e+00  
2.723e-02  1.010e+00  
2.413e-02  1.010e+00  
2.413e-02  1.010e+00  
2.800e-02  1.010e+00  
2.891e-02  1.010e+00  
2.891e-02  1.010e+00  
1.922e-02  1.010e+00  
1.922e-02  1.010e+00  
