1.194e+00  1.676e-01  
3.629e-01  1.073e+00  
1.194e+00  1.711e-01  
1.194e+00  1.800e-01  
1.194e+00  1.886e-01  
1.194e+00  1.935e-01  
1.194e+00  1.935e-01  
1.194e+00  2.123e-01  
1.194e+00  2.241e-01  
1.194e+00  2.262e-01  
1.194e+00  2.385e-01  
1.194e+00  2.385e-01  
1.194e+00  2.345e-01  
1.194e+00  2.385e-01  
1.194e+00  2.385e-01  
1.194e+00  2.385e-01  
1.194e+00  2.677e-01  
1.194e+00  2.677e-01  
1.194e+00  2.345e-01  
1.194e+00  3.368e-01  
1.194e+00  3.456e-01  
1.194e+00  3.368e-01  
1.194e+00  2.385e-01  
1.194e+00  3.484e-01  
1.194e+00  2.863e-01  
1.194e+00  3.130e-01  
1.194e+00  2.373e-01  
1.194e+00  2.373e-01  
1.194e+00  3.484e-01  
1.194e+00  2.863e-01  
1.194e+00  3.423e-01  
1.194e+00  3.093e-01  
1.194e+00  5.097e-01  
1.194e+00  5.097e-01  
1.194e+00  5.439e-01  
1.194e+00  5.439e-01  
1.194e+00  3.640e-01  
1.194e+00  5.146e-01  
1.194e+00  6.190e-01  
1.194e+00  6.033e-01  
1.194e+00  6.746e-01  
1.194e+00  3.042e-01  
1.194e+00  4.046e-01  
1.194e+00  5.146e-01  
1.194e+00  6.033e-01  
1.194e+00  4.522e-01  
1.194e+00  6.746e-01  
1.194e+00  6.190e-01  
1.194e+00  6.926e-01  
1.194e+00  3.188e-01  
1.194e+00  6.768e-01  
1.194e+00  6.926e-01  
1.194e+00  3.188e-01  
4.962e-01  1.073e+00  
5.541e-01  1.073e+00  
5.524e-01  1.073e+00  
5.952e-01  1.073e+00  
5.952e-01  1.073e+00  
5.005e-01  1.073e+00  
5.524e-01  1.073e+00  
5.005e-01  1.073e+00  
5.541e-01  1.073e+00  
5.499e-01  1.073e+00  
5.499e-01  1.073e+00  
5.528e-01  1.073e+00  
5.283e-01  1.073e+00  
4.800e-01  1.073e+00  
4.800e-01  1.073e+00  
5.528e-01  1.073e+00  
4.363e-01  1.073e+00  
4.363e-01  1.073e+00  
5.010e-01  1.073e+00  
4.385e-01  1.073e+00  
5.317e-01  1.073e+00  
4.385e-01  1.073e+00  
5.010e-01  1.073e+00  
4.446e-01  1.073e+00  
4.807e-01  1.073e+00  
4.660e-01  1.073e+00  
5.317e-01  1.073e+00  
4.660e-01  1.073e+00  
4.494e-01  1.073e+00  
4.494e-01  1.073e+00  
5.248e-01  1.073e+00  
4.702e-01  1.073e+00  
4.435e-01  1.073e+00  
4.510e-01  1.073e+00  
4.702e-01  1.073e+00  
4.807e-01  1.073e+00  
4.510e-01  1.073e+00  
4.435e-01  1.073e+00  
4.446e-01  1.073e+00  
4.176e-01  1.073e+00  
4.094e-01  1.073e+00  
4.094e-01  1.073e+00  
4.020e-01  1.073e+00  
3.899e-01  1.073e+00  
3.859e-01  1.073e+00  
3.729e-01  1.073e+00  
3.660e-01  1.073e+00  
