1.767e+00  3.212e-01  
5.041e-01  1.895e+00  
1.605e+00  3.265e-01  
1.602e+00  3.362e-01  
1.602e+00  3.481e-01  
1.602e+00  3.594e-01  
1.602e+00  3.670e-01  
1.602e+00  3.842e-01  
1.602e+00  3.957e-01  
1.602e+00  4.097e-01  
1.602e+00  4.147e-01  
1.602e+00  4.336e-01  
1.602e+00  4.411e-01  
1.602e+00  4.543e-01  
1.602e+00  4.809e-01  
1.602e+00  4.940e-01  
1.602e+00  4.968e-01  
1.602e+00  5.150e-01  
1.602e+00  5.333e-01  
1.602e+00  5.235e-01  
1.602e+00  5.277e-01  
1.602e+00  5.150e-01  
1.602e+00  5.319e-01  
1.602e+00  5.235e-01  
1.602e+00  5.339e-01  
1.602e+00  5.339e-01  
1.602e+00  5.265e-01  
1.602e+00  5.265e-01  
1.602e+00  5.373e-01  
1.602e+00  5.373e-01  
1.602e+00  5.319e-01  
1.602e+00  5.794e-01  
1.602e+00  5.298e-01  
1.602e+00  5.298e-01  
1.602e+00  5.931e-01  
1.602e+00  5.927e-01  
1.602e+00  5.810e-01  
1.602e+00  5.939e-01  
1.602e+00  4.911e-01  
1.602e+00  6.053e-01  
1.602e+00  5.566e-01  
1.602e+00  5.753e-01  
1.602e+00  5.939e-01  
1.602e+00  5.352e-01  
1.602e+00  5.566e-01  
1.602e+00  5.352e-01  
1.602e+00  4.761e-01  
1.602e+00  4.761e-01  
1.602e+00  5.217e-01  
1.602e+00  4.331e-01  
1.602e+00  4.331e-01  
1.602e+00  5.457e-01  
1.602e+00  5.731e-01  
1.602e+00  4.911e-01  
1.602e+00  5.390e-01  
1.602e+00  5.940e-01  
1.056e+00  1.674e+00  
1.017e+00  1.674e+00  
1.099e+00  1.674e+00  
1.026e+00  1.674e+00  
1.022e+00  1.674e+00  
1.022e+00  1.674e+00  
9.940e-01  1.674e+00  
1.099e+00  1.674e+00  
1.023e+00  1.674e+00  
1.019e+00  1.674e+00  
9.707e-01  1.674e+00  
1.023e+00  1.674e+00  
1.019e+00  1.674e+00  
9.707e-01  1.674e+00  
1.017e+00  1.674e+00  
1.041e+00  1.674e+00  
9.730e-01  1.674e+00  
9.940e-01  1.674e+00  
9.725e-01  1.674e+00  
9.270e-01  1.674e+00  
9.270e-01  1.674e+00  
8.704e-01  1.674e+00  
8.704e-01  1.674e+00  
8.514e-01  1.674e+00  
8.358e-01  1.674e+00  
8.073e-01  1.674e+00  
7.905e-01  1.674e+00  
7.724e-01  1.674e+00  
7.578e-01  1.674e+00  
7.376e-01  1.674e+00  
7.097e-01  1.674e+00  
6.959e-01  1.674e+00  
6.804e-01  1.674e+00  
6.643e-01  1.674e+00  
6.311e-01  1.674e+00  
6.311e-01  1.674e+00  
6.019e-01  1.676e+00  
5.952e-01  1.677e+00  
5.843e-01  1.678e+00  
5.614e-01  1.679e+00  
5.524e-01  1.702e+00  
5.337e-01  1.715e+00  
5.250e-01  1.744e+00  
5.097e-01  1.825e+00  
