1.100e+00  6.604e-01  
4.397e-01  1.121e+00  
1.068e+00  6.631e-01  
1.068e+00  6.656e-01  
1.068e+00  6.739e-01  
1.068e+00  6.773e-01  
1.068e+00  6.773e-01  
1.068e+00  6.874e-01  
1.068e+00  6.892e-01  
1.068e+00  7.027e-01  
1.068e+00  7.083e-01  
1.068e+00  7.083e-01  
1.068e+00  7.193e-01  
1.068e+00  7.193e-01  
1.068e+00  6.981e-01  
1.068e+00  7.350e-01  
1.068e+00  7.432e-01  
1.068e+00  7.510e-01  
1.068e+00  7.510e-01  
1.068e+00  7.681e-01  
1.068e+00  7.740e-01  
1.068e+00  7.740e-01  
1.068e+00  7.754e-01  
1.068e+00  7.968e-01  
1.068e+00  8.115e-01  
1.068e+00  7.968e-01  
1.068e+00  8.115e-01  
1.068e+00  8.354e-01  
1.068e+00  7.988e-01  
1.068e+00  8.354e-01  
1.068e+00  8.630e-01  
1.068e+00  8.709e-01  
1.068e+00  8.709e-01  
1.068e+00  8.666e-01  
1.068e+00  8.915e-01  
1.068e+00  8.887e-01  
1.068e+00  9.214e-01  
1.068e+00  9.192e-01  
1.068e+00  9.214e-01  
1.068e+00  9.254e-01  
1.068e+00  9.361e-01  
1.068e+00  9.254e-01  
1.068e+00  8.930e-01  
5.297e-01  1.115e+00  
5.297e-01  1.115e+00  
5.116e-01  1.115e+00  
5.116e-01  1.115e+00  
6.239e-01  1.115e+00  
5.595e-01  1.115e+00  
5.595e-01  1.115e+00  
6.239e-01  1.115e+00  
5.556e-01  1.115e+00  
5.556e-01  1.115e+00  
5.805e-01  1.115e+00  
5.520e-01  1.115e+00  
5.805e-01  1.115e+00  
5.520e-01  1.115e+00  
5.332e-01  1.115e+00  
5.733e-01  1.115e+00  
5.332e-01  1.115e+00  
5.733e-01  1.115e+00  
5.646e-01  1.115e+00  
5.669e-01  1.115e+00  
5.646e-01  1.115e+00  
5.310e-01  1.115e+00  
5.669e-01  1.115e+00  
5.555e-01  1.115e+00  
5.422e-01  1.115e+00  
5.422e-01  1.115e+00  
5.338e-01  1.115e+00  
5.172e-01  1.115e+00  
5.903e-01  1.115e+00  
5.555e-01  1.115e+00  
4.965e-01  1.115e+00  
5.567e-01  1.115e+00  
5.903e-01  1.115e+00  
5.394e-01  1.115e+00  
5.567e-01  1.115e+00  
5.277e-01  1.115e+00  
5.277e-01  1.115e+00  
5.233e-01  1.115e+00  
5.394e-01  1.115e+00  
5.061e-01  1.115e+00  
5.233e-01  1.115e+00  
5.047e-01  1.115e+00  
5.061e-01  1.115e+00  
4.965e-01  1.115e+00  
5.047e-01  1.115e+00  
4.972e-01  1.115e+00  
4.918e-01  1.115e+00  
4.883e-01  1.115e+00  
4.743e-01  1.115e+00  
4.743e-01  1.115e+00  
4.651e-01  1.115e+00  
4.651e-01  1.115e+00  
4.590e-01  1.115e+00  
4.528e-01  1.115e+00  
4.514e-01  1.115e+00  
4.466e-01  1.115e+00  
4.417e-01  1.115e+00  
