2.665e+00  4.125e-01  
1.726e-01  1.108e+00  
1.249e+00  4.127e-01  
1.225e+00  4.210e-01  
1.225e+00  4.316e-01  
1.225e+00  4.408e-01  
1.225e+00  4.471e-01  
1.225e+00  4.618e-01  
1.225e+00  4.723e-01  
1.225e+00  4.878e-01  
1.225e+00  4.928e-01  
1.225e+00  5.094e-01  
1.225e+00  4.723e-01  
1.225e+00  4.878e-01  
1.225e+00  5.537e-01  
1.225e+00  5.597e-01  
1.225e+00  5.295e-01  
1.225e+00  5.597e-01  
1.225e+00  5.796e-01  
1.225e+00  6.230e-01  
1.225e+00  6.184e-01  
1.225e+00  6.521e-01  
1.225e+00  6.521e-01  
1.225e+00  6.870e-01  
1.034e+00  7.170e-01  
7.663e-01  7.170e-01  
1.034e+00  7.170e-01  
7.634e-01  7.170e-01  
6.833e-01  7.170e-01  
8.999e-01  7.170e-01  
8.999e-01  7.170e-01  
7.663e-01  7.170e-01  
6.800e-01  7.170e-01  
7.663e-01  7.170e-01  
7.663e-01  7.170e-01  
7.634e-01  7.170e-01  
6.833e-01  7.170e-01  
6.894e-01  7.170e-01  
6.894e-01  7.170e-01  
6.627e-01  7.170e-01  
6.439e-01  7.170e-01  
6.182e-01  7.170e-01  
6.112e-01  7.170e-01  
5.708e-01  7.170e-01  
5.708e-01  7.170e-01  
5.374e-01  7.170e-01  
5.374e-01  7.170e-01  
5.183e-01  7.170e-01  
4.941e-01  7.170e-01  
4.941e-01  7.170e-01  
4.852e-01  7.170e-01  
4.707e-01  7.170e-01  
4.621e-01  7.170e-01  
4.521e-01  7.170e-01  
4.413e-01  7.175e-01  
4.406e-01  7.293e-01  
4.406e-01  7.375e-01  
4.406e-01  7.372e-01  
4.406e-01  7.372e-01  
4.406e-01  7.838e-01  
4.406e-01  7.888e-01  
4.406e-01  8.121e-01  
4.406e-01  8.121e-01  
4.406e-01  7.888e-01  
4.406e-01  8.119e-01  
4.406e-01  8.633e-01  
4.406e-01  8.483e-01  
4.406e-01  8.483e-01  
4.406e-01  8.882e-01  
4.406e-01  7.381e-01  
4.406e-01  7.889e-01  
4.406e-01  7.889e-01  
4.406e-01  8.633e-01  
2.829e-01  1.106e+00  
2.829e-01  1.106e+00  
2.482e-01  1.106e+00  
2.704e-01  1.106e+00  
2.704e-01  1.106e+00  
3.686e-01  1.106e+00  
2.482e-01  1.106e+00  
3.219e-01  1.106e+00  
2.695e-01  1.106e+00  
3.219e-01  1.106e+00  
2.160e-01  1.106e+00  
2.160e-01  1.106e+00  
2.134e-01  1.106e+00  
2.695e-01  1.106e+00  
2.255e-01  1.106e+00  
2.251e-01  1.106e+00  
2.251e-01  1.106e+00  
2.255e-01  1.106e+00  
2.236e-01  1.106e+00  
2.236e-01  1.106e+00  
2.134e-01  1.106e+00  
2.134e-01  1.106e+00  
2.050e-01  1.106e+00  
1.908e-01  1.106e+00  
1.876e-01  1.106e+00  
1.806e-01  1.106e+00  
1.758e-01  1.106e+00  
