1.694e+00  5.507e-01  
4.801e-01  9.555e-01  
1.616e+00  5.552e-01  
1.597e+00  5.652e-01  
1.597e+00  5.676e-01  
1.597e+00  5.911e-01  
1.597e+00  6.014e-01  
1.597e+00  6.059e-01  
1.597e+00  6.277e-01  
1.597e+00  6.340e-01  
1.597e+00  6.277e-01  
1.597e+00  6.570e-01  
1.597e+00  6.624e-01  
1.597e+00  6.747e-01  
1.597e+00  6.804e-01  
1.597e+00  7.186e-01  
1.597e+00  6.919e-01  
1.597e+00  7.186e-01  
1.597e+00  7.035e-01  
1.597e+00  7.696e-01  
1.597e+00  8.055e-01  
1.597e+00  7.035e-01  
1.597e+00  8.055e-01  
1.597e+00  7.979e-01  
1.597e+00  8.822e-01  
1.597e+00  8.406e-01  
1.597e+00  8.822e-01  
7.356e-01  9.340e-01  
8.114e-01  9.340e-01  
7.356e-01  9.340e-01  
6.930e-01  9.340e-01  
6.930e-01  9.340e-01  
5.807e-01  9.340e-01  
7.904e-01  9.340e-01  
7.464e-01  9.340e-01  
6.556e-01  9.340e-01  
7.904e-01  9.340e-01  
6.556e-01  9.340e-01  
8.114e-01  9.340e-01  
7.227e-01  9.340e-01  
6.672e-01  9.340e-01  
6.668e-01  9.340e-01  
7.722e-01  9.340e-01  
7.227e-01  9.340e-01  
7.464e-01  9.340e-01  
9.097e-01  9.340e-01  
6.668e-01  9.340e-01  
9.097e-01  9.340e-01  
6.672e-01  9.340e-01  
6.285e-01  9.340e-01  
7.256e-01  9.340e-01  
6.285e-01  9.340e-01  
5.807e-01  9.340e-01  
7.256e-01  9.340e-01  
6.573e-01  9.340e-01  
5.840e-01  9.340e-01  
6.573e-01  9.340e-01  
6.602e-01  9.340e-01  
6.602e-01  9.340e-01  
6.985e-01  9.340e-01  
6.985e-01  9.340e-01  
6.411e-01  9.340e-01  
5.840e-01  9.340e-01  
5.986e-01  9.340e-01  
5.986e-01  9.340e-01  
6.411e-01  9.340e-01  
5.521e-01  9.340e-01  
5.521e-01  9.340e-01  
6.208e-01  9.340e-01  
5.641e-01  9.340e-01  
5.226e-01  9.340e-01  
5.641e-01  9.340e-01  
5.799e-01  9.340e-01  
6.208e-01  9.340e-01  
5.226e-01  9.340e-01  
5.799e-01  9.340e-01  
5.469e-01  9.340e-01  
5.038e-01  9.340e-01  
5.469e-01  9.340e-01  
5.181e-01  9.340e-01  
5.255e-01  9.340e-01  
5.599e-01  9.340e-01  
5.599e-01  9.340e-01  
5.027e-01  9.340e-01  
5.120e-01  9.340e-01  
4.968e-01  9.340e-01  
4.968e-01  9.340e-01  
4.988e-01  9.340e-01  
5.255e-01  9.340e-01  
5.057e-01  9.340e-01  
4.985e-01  9.340e-01  
5.120e-01  9.340e-01  
5.027e-01  9.340e-01  
5.057e-01  9.340e-01  
4.985e-01  9.340e-01  
4.927e-01  9.340e-01  
4.927e-01  9.340e-01  
4.850e-01  9.340e-01  
4.850e-01  9.340e-01  
4.811e-01  9.340e-01  
