4.094e-01  5.957e-01  
3.838e-01  6.221e-01  
4.087e-01  5.958e-01  
4.073e-01  5.960e-01  
4.063e-01  5.962e-01  
4.061e-01  5.965e-01  
4.053e-01  5.967e-01  
4.049e-01  5.970e-01  
4.045e-01  5.972e-01  
4.040e-01  5.973e-01  
4.038e-01  5.976e-01  
4.034e-01  5.978e-01  
4.032e-01  5.980e-01  
4.030e-01  5.981e-01  
4.026e-01  5.984e-01  
4.023e-01  5.986e-01  
4.019e-01  5.988e-01  
4.019e-01  5.990e-01  
4.017e-01  5.991e-01  
4.016e-01  5.993e-01  
4.012e-01  5.995e-01  
4.010e-01  5.998e-01  
4.008e-01  5.999e-01  
4.005e-01  6.001e-01  
4.004e-01  6.003e-01  
4.002e-01  6.004e-01  
4.000e-01  6.006e-01  
3.999e-01  6.007e-01  
3.995e-01  6.013e-01  
3.992e-01  6.015e-01  
3.991e-01  6.017e-01  
3.989e-01  6.019e-01  
3.987e-01  6.021e-01  
3.983e-01  6.025e-01  
3.981e-01  6.027e-01  
3.980e-01  6.029e-01  
3.976e-01  6.031e-01  
3.975e-01  6.033e-01  
3.972e-01  6.035e-01  
3.971e-01  6.035e-01  
3.968e-01  6.039e-01  
3.966e-01  6.041e-01  
3.963e-01  6.044e-01  
3.961e-01  6.045e-01  
3.958e-01  6.048e-01  
3.957e-01  6.050e-01  
3.954e-01  6.052e-01  
3.952e-01  6.054e-01  
3.950e-01  6.057e-01  
3.948e-01  6.060e-01  
3.945e-01  6.062e-01  
3.942e-01  6.065e-01  
3.940e-01  6.067e-01  
3.938e-01  6.069e-01  
3.936e-01  6.072e-01  
3.934e-01  6.073e-01  
3.932e-01  6.076e-01  
3.932e-01  6.079e-01  
3.929e-01  6.078e-01  
3.927e-01  6.080e-01  
3.924e-01  6.085e-01  
3.922e-01  6.087e-01  
3.920e-01  6.088e-01  
3.918e-01  6.091e-01  
3.916e-01  6.094e-01  
3.913e-01  6.095e-01  
3.910e-01  6.097e-01  
3.909e-01  6.100e-01  
3.906e-01  6.103e-01  
3.904e-01  6.103e-01  
3.902e-01  6.105e-01  
3.900e-01  6.107e-01  
3.897e-01  6.109e-01  
3.895e-01  6.112e-01  
3.893e-01  6.114e-01  
3.891e-01  6.116e-01  
3.888e-01  6.119e-01  
3.886e-01  6.121e-01  
3.885e-01  6.123e-01  
3.882e-01  6.125e-01  
3.881e-01  6.128e-01  
3.878e-01  6.131e-01  
3.876e-01  6.131e-01  
3.873e-01  6.134e-01  
3.872e-01  6.138e-01  
3.870e-01  6.139e-01  
3.868e-01  6.142e-01  
3.864e-01  6.144e-01  
3.863e-01  6.147e-01  
3.861e-01  6.149e-01  
3.859e-01  6.151e-01  
3.857e-01  6.156e-01  
3.854e-01  6.159e-01  
3.852e-01  6.162e-01  
3.850e-01  6.166e-01  
3.848e-01  6.171e-01  
3.846e-01  6.176e-01  
3.844e-01  6.182e-01  
3.841e-01  6.191e-01  
3.839e-01  6.202e-01  
