1.050e+00  6.554e-02  
4.460e-01  7.745e-01  
9.979e-01  6.813e-02  
9.545e-01  7.298e-02  
9.477e-01  7.753e-02  
9.467e-01  8.350e-02  
9.466e-01  8.676e-02  
9.454e-01  9.519e-02  
9.447e-01  9.971e-02  
9.438e-01  1.062e-01  
9.430e-01  1.117e-01  
9.428e-01  1.180e-01  
9.428e-01  1.241e-01  
9.428e-01  1.313e-01  
9.428e-01  1.374e-01  
9.427e-01  1.444e-01  
9.427e-01  1.506e-01  
9.427e-01  1.547e-01  
9.427e-01  1.636e-01  
9.427e-01  1.731e-01  
9.427e-01  1.785e-01  
9.427e-01  1.845e-01  
9.427e-01  1.962e-01  
9.427e-01  1.962e-01  
9.427e-01  1.968e-01  
9.427e-01  1.968e-01  
9.427e-01  2.193e-01  
9.427e-01  2.004e-01  
9.427e-01  2.193e-01  
9.427e-01  2.207e-01  
9.427e-01  1.970e-01  
9.427e-01  2.207e-01  
9.427e-01  2.029e-01  
9.427e-01  1.970e-01  
9.427e-01  2.033e-01  
9.427e-01  2.190e-01  
9.427e-01  2.204e-01  
9.427e-01  2.190e-01  
9.427e-01  1.987e-01  
9.427e-01  2.118e-01  
9.427e-01  1.989e-01  
9.427e-01  2.118e-01  
9.427e-01  1.989e-01  
9.427e-01  2.092e-01  
9.427e-01  2.033e-01  
9.427e-01  1.989e-01  
9.427e-01  2.226e-01  
9.427e-01  2.226e-01  
9.427e-01  1.892e-01  
9.427e-01  1.892e-01  
9.427e-01  1.989e-01  
6.174e-01  5.593e-01  
6.174e-01  5.593e-01  
6.082e-01  5.593e-01  
6.228e-01  5.593e-01  
6.228e-01  5.593e-01  
6.145e-01  5.593e-01  
6.145e-01  5.593e-01  
6.265e-01  5.593e-01  
6.184e-01  5.593e-01  
6.185e-01  5.593e-01  
5.996e-01  5.593e-01  
6.260e-01  5.593e-01  
5.996e-01  5.593e-01  
6.184e-01  5.593e-01  
5.971e-01  5.593e-01  
6.118e-01  5.593e-01  
6.043e-01  5.593e-01  
6.227e-01  5.593e-01  
5.971e-01  5.593e-01  
6.043e-01  5.593e-01  
5.983e-01  5.593e-01  
6.118e-01  5.593e-01  
6.227e-01  5.593e-01  
6.099e-01  5.593e-01  
6.047e-01  5.593e-01  
5.983e-01  5.593e-01  
5.918e-01  5.593e-01  
5.846e-01  5.593e-01  
5.746e-01  5.593e-01  
5.678e-01  5.594e-01  
5.532e-01  5.594e-01  
5.532e-01  5.594e-01  
5.458e-01  5.595e-01  
5.378e-01  5.596e-01  
5.301e-01  5.597e-01  
5.229e-01  5.597e-01  
5.177e-01  5.598e-01  
5.079e-01  5.600e-01  
5.023e-01  5.602e-01  
4.962e-01  5.604e-01  
4.929e-01  5.607e-01  
4.871e-01  5.624e-01  
4.817e-01  5.670e-01  
4.766e-01  5.793e-01  
4.704e-01  5.900e-01  
4.655e-01  6.027e-01  
4.586e-01  6.117e-01  
4.546e-01  6.241e-01  
4.490e-01  6.456e-01  
