9.313e-01  1.043e-01  
5.988e-04  1.004e+00  
9.099e-01  1.089e-01  
9.099e-01  1.157e-01  
8.929e-01  1.273e-01  
8.929e-01  1.372e-01  
8.929e-01  1.466e-01  
8.929e-01  1.466e-01  
8.929e-01  1.561e-01  
8.929e-01  1.736e-01  
8.929e-01  1.736e-01  
8.929e-01  1.561e-01  
8.929e-01  2.083e-01  
8.383e-01  2.159e-01  
7.941e-01  2.203e-01  
7.941e-01  2.307e-01  
7.941e-01  2.316e-01  
7.704e-01  2.482e-01  
7.667e-01  2.590e-01  
7.667e-01  2.681e-01  
7.609e-01  2.812e-01  
7.566e-01  2.917e-01  
7.566e-01  3.035e-01  
7.566e-01  3.149e-01  
7.566e-01  3.144e-01  
7.566e-01  3.144e-01  
7.566e-01  3.461e-01  
7.566e-01  3.644e-01  
7.566e-01  3.816e-01  
7.566e-01  3.926e-01  
7.566e-01  4.104e-01  
7.566e-01  4.281e-01  
7.566e-01  4.453e-01  
7.566e-01  4.554e-01  
7.566e-01  4.351e-01  
7.566e-01  4.952e-01  
7.566e-01  4.997e-01  
7.566e-01  4.971e-01  
7.566e-01  5.253e-01  
7.566e-01  5.242e-01  
7.566e-01  5.242e-01  
7.566e-01  5.678e-01  
7.566e-01  5.253e-01  
7.566e-01  5.022e-01  
7.566e-01  5.678e-01  
7.566e-01  5.242e-01  
7.566e-01  4.971e-01  
7.566e-01  5.022e-01  
7.566e-01  5.977e-01  
7.566e-01  5.585e-01  
7.566e-01  5.191e-01  
7.566e-01  5.622e-01  
7.566e-01  5.622e-01  
7.566e-01  5.191e-01  
7.566e-01  5.242e-01  
1.337e-01  1.000e+00  
7.223e-02  1.000e+00  
1.085e-01  1.000e+00  
9.471e-02  1.000e+00  
4.006e-02  1.000e+00  
9.471e-02  1.000e+00  
1.283e-01  1.000e+00  
1.763e-01  1.000e+00  
7.223e-02  1.000e+00  
9.863e-02  1.000e+00  
1.790e-01  1.000e+00  
1.337e-01  1.000e+00  
1.085e-01  1.000e+00  
1.283e-01  1.000e+00  
1.087e-01  1.000e+00  
1.568e-01  1.000e+00  
1.995e-01  1.000e+00  
1.995e-01  1.000e+00  
1.087e-01  1.000e+00  
1.568e-01  1.000e+00  
1.046e-01  1.000e+00  
1.046e-01  1.000e+00  
1.462e-01  1.000e+00  
1.030e-01  1.000e+00  
1.160e-01  1.000e+00  
1.002e-01  1.000e+00  
1.160e-01  1.000e+00  
1.612e-01  1.000e+00  
1.462e-01  1.000e+00  
1.081e-01  1.000e+00  
4.339e-02  1.000e+00  
1.002e-01  1.000e+00  
1.012e-01  1.000e+00  
1.081e-01  1.000e+00  
1.030e-01  1.000e+00  
5.620e-02  1.000e+00  
5.230e-02  1.000e+00  
4.486e-02  1.000e+00  
4.486e-02  1.000e+00  
4.613e-02  1.000e+00  
1.983e-02  1.000e+00  
3.002e-02  1.000e+00  
1.741e-02  1.000e+00  
1.212e-02  1.000e+00  
5.143e-03  1.000e+00  
