1.111e+00  7.449e-02  
2.738e-01  8.464e-01  
9.939e-01  7.806e-02  
9.276e-01  8.419e-02  
9.272e-01  9.090e-02  
9.272e-01  9.783e-02  
9.223e-01  1.052e-01  
9.221e-01  1.124e-01  
9.215e-01  1.202e-01  
9.212e-01  1.256e-01  
9.212e-01  1.348e-01  
9.211e-01  1.411e-01  
9.211e-01  1.519e-01  
9.211e-01  1.538e-01  
9.211e-01  1.642e-01  
9.158e-01  1.754e-01  
9.094e-01  1.847e-01  
9.048e-01  1.929e-01  
8.931e-01  1.997e-01  
8.926e-01  2.086e-01  
8.897e-01  2.168e-01  
8.855e-01  2.206e-01  
8.854e-01  2.360e-01  
8.854e-01  2.444e-01  
8.853e-01  2.530e-01  
8.851e-01  2.670e-01  
8.851e-01  2.692e-01  
8.850e-01  2.863e-01  
8.850e-01  2.863e-01  
8.850e-01  3.042e-01  
8.850e-01  3.042e-01  
8.850e-01  3.291e-01  
8.849e-01  3.499e-01  
8.849e-01  3.499e-01  
8.849e-01  3.765e-01  
8.849e-01  3.841e-01  
8.849e-01  3.841e-01  
8.849e-01  4.180e-01  
8.849e-01  4.322e-01  
8.849e-01  4.407e-01  
8.849e-01  4.637e-01  
8.848e-01  4.508e-01  
8.848e-01  4.909e-01  
8.848e-01  4.626e-01  
8.848e-01  4.795e-01  
8.848e-01  5.124e-01  
8.849e-01  4.637e-01  
8.849e-01  4.590e-01  
8.848e-01  4.795e-01  
8.848e-01  4.626e-01  
8.848e-01  4.909e-01  
8.848e-01  5.124e-01  
6.131e-01  7.216e-01  
6.131e-01  7.216e-01  
6.221e-01  7.216e-01  
6.221e-01  7.216e-01  
5.955e-01  7.216e-01  
5.955e-01  7.216e-01  
6.393e-01  7.216e-01  
6.393e-01  7.216e-01  
5.885e-01  7.216e-01  
6.006e-01  7.216e-01  
6.213e-01  7.216e-01  
5.910e-01  7.216e-01  
5.971e-01  7.216e-01  
6.213e-01  7.216e-01  
5.910e-01  7.216e-01  
5.885e-01  7.216e-01  
5.772e-01  7.216e-01  
5.492e-01  7.216e-01  
5.492e-01  7.216e-01  
5.207e-01  7.216e-01  
5.207e-01  7.216e-01  
5.099e-01  7.216e-01  
4.966e-01  7.216e-01  
4.779e-01  7.216e-01  
4.779e-01  7.216e-01  
4.650e-01  7.216e-01  
4.473e-01  7.216e-01  
4.391e-01  7.216e-01  
4.327e-01  7.216e-01  
4.234e-01  7.222e-01  
4.094e-01  7.222e-01  
4.035e-01  7.223e-01  
3.943e-01  7.224e-01  
3.858e-01  7.225e-01  
3.685e-01  7.254e-01  
3.685e-01  7.254e-01  
3.579e-01  7.254e-01  
3.482e-01  7.258e-01  
3.435e-01  7.263e-01  
3.224e-01  7.263e-01  
3.187e-01  7.263e-01  
3.187e-01  7.263e-01  
3.102e-01  7.263e-01  
3.029e-01  7.263e-01  
2.974e-01  7.264e-01  
2.899e-01  7.267e-01  
2.839e-01  7.273e-01  
2.775e-01  8.170e-01  
