1.063e+00  1.626e-02  
3.097e-01  8.302e-01  
1.025e+00  1.990e-02  
1.013e+00  2.654e-02  
1.002e+00  3.401e-02  
9.966e-01  4.165e-02  
9.895e-01  4.769e-02  
9.849e-01  5.567e-02  
9.812e-01  6.342e-02  
9.796e-01  7.093e-02  
9.790e-01  7.932e-02  
9.783e-01  8.648e-02  
9.777e-01  9.634e-02  
9.771e-01  1.049e-01  
9.764e-01  1.114e-01  
9.763e-01  1.225e-01  
9.762e-01  1.268e-01  
9.761e-01  1.403e-01  
9.760e-01  1.473e-01  
9.760e-01  1.602e-01  
9.759e-01  1.678e-01  
9.758e-01  1.791e-01  
9.758e-01  1.888e-01  
9.758e-01  2.022e-01  
9.758e-01  2.134e-01  
9.758e-01  2.240e-01  
9.757e-01  2.343e-01  
9.757e-01  2.451e-01  
9.757e-01  2.589e-01  
9.757e-01  2.697e-01  
9.757e-01  2.819e-01  
9.757e-01  3.015e-01  
9.757e-01  3.105e-01  
9.757e-01  3.246e-01  
9.757e-01  3.431e-01  
9.757e-01  3.555e-01  
9.757e-01  3.594e-01  
9.757e-01  3.788e-01  
9.757e-01  4.097e-01  
9.757e-01  4.097e-01  
9.757e-01  3.892e-01  
9.757e-01  4.576e-01  
9.757e-01  4.680e-01  
9.757e-01  4.535e-01  
9.757e-01  4.535e-01  
9.757e-01  5.334e-01  
9.757e-01  4.357e-01  
9.757e-01  4.577e-01  
9.757e-01  4.626e-01  
9.757e-01  5.579e-01  
9.757e-01  4.577e-01  
6.752e-01  6.789e-01  
7.006e-01  6.789e-01  
6.718e-01  6.789e-01  
6.996e-01  6.789e-01  
6.666e-01  6.789e-01  
6.884e-01  6.789e-01  
6.884e-01  6.789e-01  
7.293e-01  6.789e-01  
6.824e-01  6.789e-01  
6.708e-01  6.789e-01  
6.752e-01  6.789e-01  
6.731e-01  6.789e-01  
6.996e-01  6.789e-01  
6.824e-01  6.789e-01  
6.525e-01  6.789e-01  
6.525e-01  6.789e-01  
6.378e-01  6.789e-01  
6.111e-01  6.789e-01  
6.026e-01  6.789e-01  
5.896e-01  6.789e-01  
5.788e-01  6.789e-01  
5.646e-01  6.789e-01  
5.430e-01  6.789e-01  
5.330e-01  6.789e-01  
5.285e-01  6.789e-01  
5.186e-01  6.790e-01  
4.984e-01  6.790e-01  
4.959e-01  6.790e-01  
4.697e-01  6.790e-01  
4.697e-01  6.790e-01  
4.633e-01  6.790e-01  
4.502e-01  6.791e-01  
4.392e-01  6.791e-01  
4.263e-01  6.791e-01  
4.210e-01  6.792e-01  
4.127e-01  6.793e-01  
4.032e-01  6.808e-01  
3.951e-01  6.809e-01  
3.889e-01  6.815e-01  
3.777e-01  6.817e-01  
3.714e-01  6.821e-01  
3.650e-01  6.846e-01  
3.570e-01  6.894e-01  
3.497e-01  6.953e-01  
3.409e-01  6.966e-01  
3.352e-01  7.055e-01  
3.257e-01  7.139e-01  
3.209e-01  7.236e-01  
3.131e-01  7.869e-01  
