1.000e+00  1.276e-04  
1.192e-04  1.000e+00  
9.995e-01  4.608e-03  
9.905e-01  1.542e-02  
9.905e-01  1.680e-02  
9.738e-01  3.589e-02  
9.737e-01  4.204e-02  
9.604e-01  4.915e-02  
9.373e-01  6.650e-02  
9.248e-01  7.665e-02  
9.220e-01  8.651e-02  
9.089e-01  9.759e-02  
9.089e-01  9.759e-02  
8.849e-01  1.176e-01  
8.847e-01  1.287e-01  
8.723e-01  1.371e-01  
8.570e-01  1.492e-01  
8.520e-01  1.517e-01  
8.435e-01  1.703e-01  
8.266e-01  1.785e-01  
8.142e-01  1.893e-01  
8.015e-01  1.991e-01  
7.997e-01  2.106e-01  
7.845e-01  2.205e-01  
7.792e-01  2.289e-01  
7.792e-01  2.289e-01  
7.614e-01  2.585e-01  
7.424e-01  2.609e-01  
7.319e-01  2.702e-01  
7.271e-01  2.834e-01  
7.114e-01  2.926e-01  
7.038e-01  3.030e-01  
6.956e-01  3.133e-01  
6.823e-01  3.236e-01  
6.730e-01  3.335e-01  
6.635e-01  3.435e-01  
6.497e-01  3.530e-01  
6.406e-01  3.636e-01  
6.322e-01  3.751e-01  
6.204e-01  3.847e-01  
6.093e-01  3.943e-01  
6.005e-01  4.047e-01  
5.890e-01  4.151e-01  
5.782e-01  4.247e-01  
5.676e-01  4.346e-01  
5.587e-01  4.456e-01  
5.501e-01  4.544e-01  
5.378e-01  4.661e-01  
5.269e-01  4.760e-01  
5.166e-01  4.859e-01  
5.059e-01  4.959e-01  
4.962e-01  5.059e-01  
4.853e-01  5.166e-01  
4.757e-01  5.269e-01  
4.651e-01  5.367e-01  
4.547e-01  5.471e-01  
4.448e-01  5.574e-01  
4.344e-01  5.673e-01  
4.241e-01  5.774e-01  
4.138e-01  5.873e-01  
4.035e-01  5.976e-01  
3.931e-01  6.079e-01  
3.828e-01  6.180e-01  
3.725e-01  6.282e-01  
3.624e-01  6.385e-01  
3.524e-01  6.486e-01  
3.421e-01  6.586e-01  
3.319e-01  6.689e-01  
3.216e-01  6.789e-01  
3.114e-01  6.891e-01  
3.011e-01  6.994e-01  
2.909e-01  7.095e-01  
2.807e-01  7.198e-01  
2.705e-01  7.299e-01  
2.603e-01  7.401e-01  
2.500e-01  7.503e-01  
2.398e-01  7.604e-01  
2.297e-01  7.706e-01  
2.193e-01  7.808e-01  
2.092e-01  7.910e-01  
1.990e-01  8.011e-01  
1.888e-01  8.113e-01  
1.786e-01  8.215e-01  
1.684e-01  8.317e-01  
1.582e-01  8.419e-01  
1.480e-01  8.521e-01  
1.378e-01  8.623e-01  
1.276e-01  8.725e-01  
1.174e-01  8.827e-01  
1.072e-01  8.929e-01  
9.695e-02  9.031e-01  
8.675e-02  9.133e-01  
7.655e-02  9.236e-01  
6.635e-02  9.337e-01  
5.611e-02  9.440e-01  
4.591e-02  9.542e-01  
3.574e-02  9.644e-01  
2.544e-02  9.747e-01  
1.468e-02  9.855e-01  
2.999e-03  9.973e-01  
