9.296e-01  1.690e-01  
1.183e-03  1.000e+00  
8.997e-01  1.734e-01  
8.434e-01  1.820e-01  
8.313e-01  1.902e-01  
8.037e-01  1.986e-01  
8.010e-01  2.073e-01  
7.992e-01  2.162e-01  
7.982e-01  2.253e-01  
7.974e-01  2.348e-01  
7.969e-01  2.445e-01  
7.966e-01  2.539e-01  
7.964e-01  2.636e-01  
7.963e-01  2.713e-01  
7.962e-01  2.761e-01  
7.962e-01  2.781e-01  
7.962e-01  2.735e-01  
7.962e-01  2.780e-01  
7.962e-01  2.781e-01  
7.962e-01  2.780e-01  
7.962e-01  2.862e-01  
7.962e-01  2.784e-01  
7.961e-01  2.777e-01  
7.961e-01  2.777e-01  
7.790e-01  4.008e-01  
7.465e-01  4.040e-01  
7.157e-01  4.071e-01  
6.911e-01  4.116e-01  
6.694e-01  4.165e-01  
6.486e-01  4.215e-01  
6.301e-01  4.268e-01  
6.142e-01  4.329e-01  
5.996e-01  4.394e-01  
5.868e-01  4.463e-01  
5.746e-01  4.536e-01  
5.635e-01  4.608e-01  
5.523e-01  4.684e-01  
5.438e-01  4.769e-01  
5.343e-01  4.854e-01  
5.252e-01  4.936e-01  
5.159e-01  5.021e-01  
5.072e-01  5.106e-01  
4.980e-01  5.190e-01  
4.884e-01  5.267e-01  
4.789e-01  5.346e-01  
4.697e-01  5.429e-01  
4.605e-01  5.509e-01  
4.518e-01  5.593e-01  
4.419e-01  5.675e-01  
4.335e-01  5.758e-01  
4.244e-01  5.837e-01  
4.155e-01  5.918e-01  
4.063e-01  5.999e-01  
3.979e-01  6.082e-01  
3.891e-01  6.165e-01  
3.797e-01  6.249e-01  
3.715e-01  6.332e-01  
3.634e-01  6.418e-01  
3.543e-01  6.500e-01  
3.459e-01  6.584e-01  
3.369e-01  6.666e-01  
3.285e-01  6.750e-01  
3.200e-01  6.834e-01  
3.114e-01  6.918e-01  
3.028e-01  7.002e-01  
2.942e-01  7.085e-01  
2.857e-01  7.168e-01  
2.773e-01  7.254e-01  
2.686e-01  7.337e-01  
2.601e-01  7.422e-01  
2.515e-01  7.505e-01  
2.430e-01  7.589e-01  
2.346e-01  7.674e-01  
2.260e-01  7.756e-01  
2.175e-01  7.842e-01  
2.091e-01  7.927e-01  
2.005e-01  8.012e-01  
1.921e-01  8.097e-01  
1.834e-01  8.181e-01  
1.750e-01  8.267e-01  
1.665e-01  8.352e-01  
1.581e-01  8.434e-01  
1.496e-01  8.519e-01  
1.411e-01  8.604e-01  
1.326e-01  8.689e-01  
1.241e-01  8.774e-01  
1.156e-01  8.859e-01  
1.071e-01  8.944e-01  
9.870e-02  9.029e-01  
9.020e-02  9.113e-01  
8.174e-02  9.199e-01  
7.325e-02  9.284e-01  
6.473e-02  9.368e-01  
5.628e-02  9.454e-01  
4.771e-02  9.538e-01  
3.930e-02  9.623e-01  
3.081e-02  9.709e-01  
2.231e-02  9.793e-01  
1.380e-02  9.878e-01  
3.471e-03  9.986e-01  
