9.568e-01  6.191e-02  
3.468e-04  1.000e+00  
9.569e-01  6.191e-02  
9.569e-01  6.191e-02  
9.408e-01  6.577e-02  
9.406e-01  6.615e-02  
9.221e-01  7.911e-02  
9.221e-01  7.877e-02  
9.221e-01  7.876e-02  
9.221e-01  7.876e-02  
9.221e-01  7.876e-02  
9.221e-01  7.877e-02  
9.221e-01  7.895e-02  
9.221e-01  7.876e-02  
8.491e-01  1.701e-01  
8.323e-01  1.740e-01  
8.269e-01  1.846e-01  
8.135e-01  1.930e-01  
8.024e-01  1.993e-01  
8.024e-01  1.993e-01  
8.024e-01  1.993e-01  
8.024e-01  1.994e-01  
8.024e-01  1.994e-01  
7.861e-01  2.399e-01  
7.859e-01  2.389e-01  
8.024e-01  1.993e-01  
7.632e-01  3.003e-01  
7.399e-01  3.015e-01  
7.158e-01  3.064e-01  
6.984e-01  3.133e-01  
6.899e-01  3.239e-01  
6.879e-01  3.326e-01  
6.879e-01  3.326e-01  
6.879e-01  3.329e-01  
6.646e-01  3.816e-01  
6.453e-01  3.862e-01  
6.400e-01  3.889e-01  
6.222e-01  3.959e-01  
6.129e-01  4.042e-01  
5.996e-01  4.128e-01  
5.891e-01  4.216e-01  
5.776e-01  4.314e-01  
5.679e-01  4.405e-01  
5.569e-01  4.498e-01  
5.479e-01  4.606e-01  
5.383e-01  4.706e-01  
5.292e-01  4.805e-01  
5.190e-01  4.893e-01  
5.090e-01  5.000e-01  
5.004e-01  5.116e-01  
4.891e-01  5.200e-01  
4.790e-01  5.298e-01  
4.680e-01  5.394e-01  
4.586e-01  5.490e-01  
4.483e-01  5.585e-01  
4.381e-01  5.680e-01  
4.284e-01  5.774e-01  
4.181e-01  5.870e-01  
4.079e-01  5.963e-01  
3.981e-01  6.061e-01  
3.882e-01  6.157e-01  
3.781e-01  6.256e-01  
3.684e-01  6.348e-01  
3.585e-01  6.446e-01  
3.485e-01  6.543e-01  
3.383e-01  6.638e-01  
3.287e-01  6.734e-01  
3.187e-01  6.833e-01  
3.090e-01  6.930e-01  
2.992e-01  7.027e-01  
2.892e-01  7.126e-01  
2.795e-01  7.222e-01  
2.695e-01  7.320e-01  
2.598e-01  7.417e-01  
2.501e-01  7.512e-01  
2.400e-01  7.611e-01  
2.304e-01  7.707e-01  
2.206e-01  7.804e-01  
2.105e-01  7.902e-01  
2.007e-01  8.000e-01  
1.911e-01  8.097e-01  
1.813e-01  8.193e-01  
1.715e-01  8.290e-01  
1.617e-01  8.388e-01  
1.519e-01  8.486e-01  
1.422e-01  8.584e-01  
1.324e-01  8.682e-01  
1.225e-01  8.780e-01  
1.128e-01  8.879e-01  
1.030e-01  8.976e-01  
9.322e-02  9.075e-01  
8.345e-02  9.172e-01  
7.357e-02  9.272e-01  
6.384e-02  9.368e-01  
5.409e-02  9.466e-01  
4.427e-02  9.566e-01  
3.446e-02  9.667e-01  
2.470e-02  9.763e-01  
1.438e-02  9.864e-01  
2.324e-03  9.986e-01  
