1.000e+00  3.732e-05  
7.059e-05  1.000e+00  
9.991e-01  4.513e-03  
9.909e-01  1.526e-02  
9.869e-01  2.542e-02  
9.673e-01  3.488e-02  
9.667e-01  4.565e-02  
9.548e-01  5.678e-02  
9.445e-01  6.593e-02  
9.281e-01  7.631e-02  
9.207e-01  8.716e-02  
9.094e-01  9.700e-02  
9.014e-01  1.066e-01  
9.014e-01  1.113e-01  
8.750e-01  1.279e-01  
8.741e-01  1.379e-01  
8.536e-01  1.482e-01  
8.534e-01  1.530e-01  
8.383e-01  1.695e-01  
8.250e-01  1.792e-01  
8.131e-01  1.892e-01  
8.017e-01  1.991e-01  
7.992e-01  2.103e-01  
7.837e-01  2.203e-01  
7.794e-01  2.314e-01  
7.652e-01  2.403e-01  
7.616e-01  2.523e-01  
7.441e-01  2.608e-01  
7.330e-01  2.715e-01  
7.254e-01  2.827e-01  
7.105e-01  2.914e-01  
7.031e-01  3.002e-01  
6.963e-01  3.149e-01  
6.865e-01  3.248e-01  
6.750e-01  3.354e-01  
6.630e-01  3.443e-01  
6.517e-01  3.542e-01  
6.409e-01  3.641e-01  
6.316e-01  3.739e-01  
6.219e-01  3.848e-01  
6.093e-01  3.945e-01  
6.000e-01  4.048e-01  
5.886e-01  4.149e-01  
5.781e-01  4.247e-01  
5.692e-01  4.347e-01  
5.575e-01  4.452e-01  
5.477e-01  4.558e-01  
5.373e-01  4.663e-01  
5.266e-01  4.758e-01  
5.171e-01  4.862e-01  
5.068e-01  4.961e-01  
4.959e-01  5.073e-01  
4.858e-01  5.167e-01  
4.759e-01  5.270e-01  
4.652e-01  5.369e-01  
4.552e-01  5.473e-01  
4.453e-01  5.576e-01  
4.348e-01  5.677e-01  
4.246e-01  5.779e-01  
4.142e-01  5.879e-01  
4.038e-01  5.979e-01  
3.934e-01  6.082e-01  
3.831e-01  6.183e-01  
3.728e-01  6.284e-01  
3.627e-01  6.384e-01  
3.525e-01  6.487e-01  
3.423e-01  6.591e-01  
3.319e-01  6.691e-01  
3.217e-01  6.792e-01  
3.113e-01  6.893e-01  
3.012e-01  6.995e-01  
2.909e-01  7.095e-01  
2.807e-01  7.196e-01  
2.705e-01  7.299e-01  
2.603e-01  7.400e-01  
2.501e-01  7.502e-01  
2.398e-01  7.603e-01  
2.296e-01  7.705e-01  
2.194e-01  7.807e-01  
2.092e-01  7.909e-01  
1.990e-01  8.011e-01  
1.888e-01  8.113e-01  
1.786e-01  8.215e-01  
1.684e-01  8.317e-01  
1.582e-01  8.419e-01  
1.480e-01  8.521e-01  
1.378e-01  8.623e-01  
1.276e-01  8.725e-01  
1.174e-01  8.827e-01  
1.072e-01  8.929e-01  
9.696e-02  9.031e-01  
8.675e-02  9.133e-01  
7.654e-02  9.235e-01  
6.635e-02  9.337e-01  
5.614e-02  9.439e-01  
4.593e-02  9.542e-01  
3.570e-02  9.644e-01  
2.547e-02  9.747e-01  
1.528e-02  9.850e-01  
4.524e-03  9.957e-01  
