1.000e+00  9.884e-05  
1.069e-04  1.000e+00  
9.990e-01  4.684e-03  
9.953e-01  1.526e-02  
9.950e-01  2.281e-02  
9.681e-01  3.584e-02  
9.600e-01  4.571e-02  
9.518e-01  5.649e-02  
9.394e-01  6.657e-02  
9.243e-01  7.656e-02  
9.175e-01  8.689e-02  
9.148e-01  9.738e-02  
9.108e-01  1.052e-01  
9.105e-01  1.156e-01  
8.760e-01  1.275e-01  
8.653e-01  1.382e-01  
8.554e-01  1.485e-01  
8.494e-01  1.585e-01  
8.329e-01  1.686e-01  
8.266e-01  1.796e-01  
8.138e-01  1.893e-01  
8.018e-01  1.989e-01  
7.954e-01  2.092e-01  
7.904e-01  2.218e-01  
7.816e-01  2.325e-01  
7.808e-01  2.444e-01  
7.808e-01  2.444e-01  
7.762e-01  2.731e-01  
7.446e-01  2.762e-01  
7.232e-01  2.822e-01  
7.116e-01  2.918e-01  
7.020e-01  3.022e-01  
6.918e-01  3.125e-01  
6.821e-01  3.230e-01  
6.712e-01  3.330e-01  
6.629e-01  3.445e-01  
6.516e-01  3.541e-01  
6.410e-01  3.638e-01  
6.309e-01  3.745e-01  
6.195e-01  3.840e-01  
6.093e-01  3.939e-01  
5.994e-01  4.046e-01  
5.887e-01  4.146e-01  
5.777e-01  4.250e-01  
5.683e-01  4.352e-01  
5.576e-01  4.450e-01  
5.471e-01  4.552e-01  
5.376e-01  4.658e-01  
5.266e-01  4.760e-01  
5.168e-01  4.861e-01  
5.062e-01  4.961e-01  
4.959e-01  5.061e-01  
4.854e-01  5.162e-01  
4.751e-01  5.261e-01  
4.651e-01  5.364e-01  
4.546e-01  5.467e-01  
4.446e-01  5.569e-01  
4.341e-01  5.672e-01  
4.241e-01  5.772e-01  
4.138e-01  5.873e-01  
4.036e-01  5.975e-01  
3.932e-01  6.077e-01  
3.830e-01  6.178e-01  
3.727e-01  6.281e-01  
3.624e-01  6.381e-01  
3.522e-01  6.483e-01  
3.420e-01  6.585e-01  
3.318e-01  6.686e-01  
3.215e-01  6.788e-01  
3.113e-01  6.890e-01  
3.011e-01  6.992e-01  
2.909e-01  7.093e-01  
2.807e-01  7.196e-01  
2.704e-01  7.297e-01  
2.602e-01  7.399e-01  
2.500e-01  7.501e-01  
2.398e-01  7.603e-01  
2.296e-01  7.705e-01  
2.194e-01  7.807e-01  
2.092e-01  7.909e-01  
1.990e-01  8.011e-01  
1.888e-01  8.113e-01  
1.786e-01  8.215e-01  
1.684e-01  8.317e-01  
1.582e-01  8.419e-01  
1.480e-01  8.521e-01  
1.378e-01  8.623e-01  
1.276e-01  8.725e-01  
1.174e-01  8.827e-01  
1.072e-01  8.929e-01  
9.696e-02  9.031e-01  
8.676e-02  9.133e-01  
7.656e-02  9.235e-01  
6.634e-02  9.337e-01  
5.614e-02  9.439e-01  
4.594e-02  9.541e-01  
3.572e-02  9.644e-01  
2.551e-02  9.746e-01  
1.490e-02  9.852e-01  
6.890e-04  1.000e+00  
