1.004e+00  2.874e-02  3.582e-03  
7.390e-02  1.604e+00  7.473e-02  
1.893e-03  2.518e-02  1.003e+00  
1.000e+00  5.757e-02  1.768e-02  
9.976e-01  1.294e-01  2.420e-02  
9.908e-01  6.952e-02  1.421e-01  
9.884e-01  2.266e-01  1.913e-02  
9.858e-01  9.960e-02  1.691e-01  
9.886e-01  2.132e-01  2.021e-02  
9.577e-01  6.130e-02  2.900e-01  
9.587e-01  3.680e-01  2.316e-02  
9.735e-01  1.165e-01  2.300e-01  
9.569e-01  3.224e-01  4.771e-02  
9.294e-01  1.065e-01  3.702e-01  
9.222e-01  4.151e-01  4.824e-02  
9.335e-01  1.137e-01  3.594e-01  
9.509e-01  3.412e-01  3.854e-02  
8.620e-01  5.711e-02  5.089e-01  
9.309e-01  5.825e-01  1.924e-02  
9.374e-01  1.335e-01  3.495e-01  
8.836e-01  4.921e-01  7.613e-02  
8.557e-01  1.462e-01  5.182e-01  
8.231e-01  5.878e-01  9.414e-02  
8.736e-01  9.673e-02  4.876e-01  
8.838e-01  4.900e-01  6.996e-02  
7.654e-01  8.195e-02  6.443e-01  
7.583e-01  6.878e-01  6.006e-02  
8.579e-01  1.923e-01  5.145e-01  
8.227e-01  5.893e-01  8.583e-02  
7.350e-01  1.479e-01  6.788e-01  
7.431e-01  6.848e-01  1.197e-01  
7.621e-01  1.910e-01  6.481e-01  
8.362e-01  5.684e-01  8.951e-02  
6.304e-01  4.485e-02  7.801e-01  
7.789e-01  9.385e-01  1.826e-02  
8.164e-01  1.721e-01  5.783e-01  
6.865e-01  7.415e-01  1.606e-01  
6.627e-01  1.303e-01  7.494e-01  
6.023e-01  8.172e-01  1.282e-01  
7.017e-01  2.085e-01  7.130e-01  
7.012e-01  7.272e-01  1.354e-01  
5.509e-01  1.262e-01  8.349e-01  
5.405e-01  8.941e-01  7.323e-02  
6.881e-01  1.231e-01  7.262e-01  
6.139e-01  8.028e-01  1.795e-01  
5.253e-01  1.427e-01  8.512e-01  
5.212e-01  8.658e-01  2.043e-01  
5.612e-01  2.726e-01  8.280e-01  
6.390e-01  7.828e-01  1.663e-01  
4.228e-01  6.426e-02  9.070e-01  
4.905e-01  1.081e+00  5.320e-02  
6.041e-01  2.694e-01  7.972e-01  
4.894e-01  8.843e-01  2.209e-01  
4.362e-01  2.338e-01  9.001e-01  
4.083e-01  9.311e-01  1.825e-01  
4.720e-01  3.032e-01  8.819e-01  
5.094e-01  8.739e-01  2.292e-01  
3.412e-01  1.029e-01  9.403e-01  
3.489e-01  9.903e-01  1.141e-01  
4.541e-01  3.130e-01  8.912e-01  
4.188e-01  9.207e-01  2.518e-01  
3.178e-01  1.780e-01  9.483e-01  
3.370e-01  9.546e-01  2.811e-01  
3.412e-01  3.017e-01  9.401e-01  
4.402e-01  9.107e-01  2.474e-01  
2.396e-01  3.850e-02  9.723e-01  
7.235e-01  9.726e-01  2.298e-02  
4.074e-01  3.120e-01  9.135e-01  
2.777e-01  9.722e-01  3.252e-01  
2.648e-01  3.162e-01  9.644e-01  
2.241e-01  1.019e+00  1.495e-01  
2.880e-01  1.734e-01  9.578e-01  
2.777e-01  9.722e-01  3.252e-01  
1.926e-01  1.531e-01  9.814e-01  
1.959e-01  1.150e+00  8.545e-02  
2.653e-01  3.546e-01  9.643e-01  
2.108e-01  9.882e-01  3.512e-01  
1.698e-01  2.370e-01  9.856e-01  
1.590e-01  1.009e+00  2.370e-01  
1.787e-01  3.186e-01  9.840e-01  
2.062e-01  9.897e-01  3.505e-01  
1.173e-01  8.090e-02  9.932e-01  
1.776e-01  1.593e+00  6.625e-02  
1.787e-01  3.186e-01  9.840e-01  
1.243e-01  1.003e+00  3.945e-01  
1.066e-01  2.597e-01  9.944e-01  
9.405e-02  1.035e+00  1.933e-01  
1.074e-01  3.134e-01  9.943e-01  
1.076e-01  1.004e+00  3.953e-01  
6.363e-02  1.066e-01  9.980e-01  
6.428e-02  1.134e+00  1.255e-01  
7.817e-02  2.906e-01  9.970e-01  
5.429e-02  1.007e+00  4.285e-01  
4.182e-02  1.899e-01  9.991e-01  
3.807e-02  1.020e+00  2.906e-01  
3.301e-02  2.785e-01  9.995e-01  
3.493e-02  1.011e+00  4.525e-01  
2.238e-03  4.508e-02  1.001e+00  
3.819e-02  1.293e+00  1.161e-01  
5.384e-03  2.900e-01  1.000e+00  
