1.001e+00  4.803e-03  2.807e-03  
3.376e-02  1.249e+00  3.639e-02  
5.678e-04  2.718e-03  1.013e+00  
9.993e-01  3.650e-02  3.883e-02  
9.990e-01  1.049e-01  3.551e-02  
9.899e-01  4.892e-02  1.417e-01  
9.812e-01  2.034e-01  2.081e-02  
9.855e-01  9.804e-02  1.695e-01  
9.795e-01  1.934e-01  1.135e-01  
9.569e-01  3.799e-02  2.919e-01  
9.479e-01  3.415e-01  2.320e-02  
9.662e-01  1.774e-01  2.249e-01  
9.539e-01  2.998e-01  1.328e-01  
9.291e-01  8.758e-02  3.703e-01  
9.207e-01  3.925e-01  9.100e-02  
9.332e-01  1.590e-01  3.597e-01  
9.407e-01  3.162e-01  2.393e-01  
8.610e-01  3.530e-02  5.093e-01  
8.522e-01  5.506e-01  1.749e-02  
9.369e-01  2.899e-01  3.497e-01  
8.785e-01  4.683e-01  1.720e-01  
8.553e-01  1.263e-01  5.181e-01  
8.232e-01  5.666e-01  1.039e-01  
8.731e-01  2.356e-01  4.877e-01  
8.790e-01  4.663e-01  2.201e-01  
7.649e-01  6.695e-02  6.443e-01  
7.554e-01  6.654e-01  6.836e-02  
8.574e-01  1.954e-01  5.146e-01  
8.179e-01  5.669e-01  2.064e-01  
7.343e-01  8.850e-02  6.788e-01  
7.429e-01  6.633e-01  1.791e-01  
7.615e-01  1.993e-01  6.481e-01  
8.323e-01  5.458e-01  1.871e-01  
6.289e-01  2.700e-02  7.779e-01  
6.613e-01  8.629e-01  1.292e-02  
8.157e-01  4.335e-01  5.784e-01  
6.871e-01  7.213e-01  1.816e-01  
6.621e-01  2.036e-01  7.494e-01  
6.019e-01  7.941e-01  1.254e-01  
7.011e-01  2.849e-01  7.131e-01  
7.025e-01  7.060e-01  2.816e-01  
5.504e-01  1.017e-01  8.349e-01  
5.282e-01  8.606e-01  6.812e-02  
6.875e-01  4.058e-01  7.262e-01  
6.150e-01  7.837e-01  2.050e-01  
5.248e-01  1.615e-01  8.512e-01  
5.236e-01  8.478e-01  2.009e-01  
5.608e-01  2.252e-01  8.280e-01  
6.403e-01  7.633e-01  2.566e-01  
4.225e-01  4.667e-02  9.065e-01  
4.199e-01  9.370e-01  4.542e-02  
6.037e-01  2.221e-01  7.973e-01  
4.917e-01  8.672e-01  2.292e-01  
4.358e-01  2.006e-01  9.001e-01  
4.082e-01  9.097e-01  1.866e-01  
4.715e-01  2.538e-01  8.819e-01  
5.114e-01  8.555e-01  2.174e-01  
3.405e-01  7.904e-02  9.403e-01  
3.385e-01  9.390e-01  1.139e-01  
4.537e-01  1.974e-01  8.912e-01  
4.206e-01  9.041e-01  2.111e-01  
3.174e-01  1.529e-01  9.483e-01  
3.383e-01  9.381e-01  2.159e-01  
3.408e-01  1.922e-01  9.402e-01  
4.420e-01  8.938e-01  2.473e-01  
2.419e-01  1.753e-02  9.704e-01  
2.888e-01  1.197e+00  9.672e-03  
4.070e-01  2.976e-01  9.134e-01  
2.790e-01  9.573e-01  2.001e-01  
2.644e-01  2.420e-01  9.644e-01  
2.199e-01  9.726e-01  1.443e-01  
2.875e-01  1.666e-01  9.578e-01  
2.807e-01  9.567e-01  2.225e-01  
1.923e-01  9.348e-02  9.814e-01  
1.702e-01  9.904e-01  7.301e-02  
2.649e-01  1.930e-01  9.643e-01  
2.128e-01  9.742e-01  2.393e-01  
1.694e-01  2.165e-01  9.856e-01  
1.629e-01  9.839e-01  2.180e-01  
1.784e-01  2.195e-01  9.840e-01  
2.081e-01  9.752e-01  2.527e-01  
1.172e-01  5.514e-02  9.931e-01  
8.717e-02  1.022e+00  4.139e-02  
1.784e-01  2.383e-01  9.840e-01  
1.253e-01  9.892e-01  2.097e-01  
1.063e-01  2.304e-01  9.943e-01  
9.076e-02  9.930e-01  1.825e-01  
1.070e-01  2.296e-01  9.943e-01  
1.098e-01  9.911e-01  3.389e-01  
6.443e-02  9.541e-02  9.979e-01  
4.011e-02  9.984e-01  1.109e-01  
7.782e-02  2.992e-01  9.970e-01  
6.129e-02  9.952e-01  3.340e-01  
4.138e-02  1.201e-01  9.992e-01  
3.680e-02  9.964e-01  2.833e-01  
3.311e-02  2.656e-01  9.995e-01  
3.288e-02  9.964e-01  3.726e-01  
1.320e-02  2.618e-02  9.999e-01  
1.882e-02  1.731e+00  5.643e-02  
5.048e-03  4.281e-01  1.000e+00  
