1.001e+00  2.492e-02  3.491e-03  
6.230e-02  1.345e+00  6.328e-02  
2.650e-03  2.325e-02  1.003e+00  
9.994e-01  5.647e-02  3.792e-02  
9.993e-01  1.214e-01  3.555e-02  
9.900e-01  6.812e-02  1.423e-01  
9.868e-01  2.223e-01  2.315e-02  
9.856e-01  1.186e-01  1.693e-01  
9.856e-01  2.125e-01  5.919e-02  
9.564e-01  6.110e-02  2.926e-01  
9.491e-01  3.610e-01  2.296e-02  
9.732e-01  1.099e-01  2.305e-01  
9.574e-01  3.184e-01  5.077e-02  
9.291e-01  7.683e-02  3.704e-01  
9.231e-01  4.159e-01  6.274e-02  
9.333e-01  7.213e-02  3.596e-01  
9.516e-01  3.389e-01  5.612e-02  
8.610e-01  5.468e-02  5.091e-01  
8.654e-01  5.792e-01  1.759e-02  
9.371e-01  7.339e-02  3.497e-01  
8.828e-01  4.879e-01  7.352e-02  
8.555e-01  6.529e-02  5.184e-01  
8.226e-01  5.845e-01  9.379e-02  
8.733e-01  8.253e-02  4.878e-01  
8.831e-01  4.872e-01  7.462e-02  
7.651e-01  5.859e-02  6.443e-01  
7.540e-01  6.836e-01  6.504e-02  
8.577e-01  6.782e-02  5.147e-01  
8.208e-01  5.875e-01  9.417e-02  
7.346e-01  6.565e-02  6.788e-01  
7.430e-01  6.821e-01  1.178e-01  
7.618e-01  6.027e-02  6.482e-01  
8.347e-01  5.656e-01  8.714e-02  
6.292e-01  4.556e-02  7.777e-01  
8.512e-01  6.329e-01  1.766e-02  
8.160e-01  6.274e-02  5.784e-01  
6.859e-01  7.395e-01  1.349e-01  
6.624e-01  7.791e-02  7.494e-01  
6.013e-01  8.121e-01  1.287e-01  
7.014e-01  6.119e-02  7.131e-01  
7.021e-01  7.241e-01  1.309e-01  
5.506e-01  9.148e-02  8.350e-01  
5.267e-01  8.805e-01  7.232e-02  
6.878e-01  1.259e-01  7.263e-01  
6.143e-01  8.019e-01  1.614e-01  
5.251e-01  7.468e-02  8.513e-01  
5.211e-01  8.656e-01  2.012e-01  
5.610e-01  6.389e-02  8.280e-01  
6.381e-01  7.825e-01  1.457e-01  
4.227e-01  6.489e-02  9.065e-01  
4.572e-01  1.036e+00  4.898e-02  
6.039e-01  1.073e-01  7.974e-01  
4.901e-01  8.835e-01  2.040e-01  
4.360e-01  1.004e-01  9.001e-01  
4.062e-01  9.256e-01  1.861e-01  
4.717e-01  9.532e-02  8.819e-01  
5.105e-01  8.720e-01  2.074e-01  
3.408e-01  9.138e-02  9.403e-01  
3.407e-01  9.675e-01  1.150e-01  
4.539e-01  1.300e-01  8.913e-01  
4.176e-01  9.191e-01  2.281e-01  
3.176e-01  1.115e-01  9.483e-01  
3.361e-01  9.531e-01  2.585e-01  
3.410e-01  1.330e-01  9.402e-01  
4.397e-01  9.096e-01  2.300e-01  
2.405e-01  3.432e-02  9.726e-01  
7.547e-01  8.598e-01  2.453e-02  
4.073e-01  1.447e-01  9.135e-01  
2.769e-01  9.715e-01  2.797e-01  
2.646e-01  1.302e-01  9.645e-01  
2.186e-01  9.976e-01  1.490e-01  
2.878e-01  1.285e-01  9.579e-01  
2.788e-01  9.713e-01  2.998e-01  
1.926e-01  1.295e-01  9.814e-01  
1.875e-01  1.073e+00  7.981e-02  
2.649e-01  1.551e-01  9.644e-01  
2.111e-01  9.873e-01  3.022e-01  
1.697e-01  1.338e-01  9.856e-01  
1.531e-01  9.994e-01  2.339e-01  
1.786e-01  1.206e-01  9.840e-01  
2.066e-01  9.886e-01  3.290e-01  
1.173e-01  7.389e-02  9.932e-01  
1.541e-01  1.448e+00  5.858e-02  
1.786e-01  1.206e-01  9.840e-01  
1.234e-01  1.001e+00  3.425e-01  
1.066e-01  1.697e-01  9.944e-01  
9.193e-02  1.016e+00  1.920e-01  
1.072e-01  1.193e-01  9.943e-01  
1.068e-01  1.002e+00  3.597e-01  
6.440e-02  1.125e-01  9.980e-01  
5.894e-02  1.053e+00  1.161e-01  
7.809e-02  1.302e-01  9.970e-01  
4.431e-02  1.005e+00  3.864e-01  
4.172e-02  1.344e-01  9.992e-01  
3.654e-02  1.009e+00  2.867e-01  
3.333e-02  1.051e-01  9.995e-01  
3.514e-02  1.008e+00  3.642e-01  
1.694e-03  4.481e-02  1.000e+00  
3.142e-02  1.305e+00  9.404e-02  
4.991e-03  1.422e-01  1.000e+00  
