1.000e+00  7.186e-04  4.992e-04  
2.941e-04  1.360e+00  3.089e-04  
4.998e-04  7.025e-04  1.000e+00  
9.993e-01  3.313e-02  3.827e-02  
9.943e-01  1.061e-01  3.268e-02  
9.899e-01  4.038e-02  1.420e-01  
9.797e-01  2.012e-01  2.805e-02  
9.823e-01  9.943e-02  1.671e-01  
9.772e-01  1.911e-01  1.130e-01  
9.564e-01  3.826e-02  2.923e-01  
9.411e-01  3.402e-01  1.846e-02  
9.609e-01  1.766e-01  2.267e-01  
9.487e-01  2.972e-01  1.347e-01  
9.290e-01  8.270e-02  3.701e-01  
9.187e-01  3.922e-01  8.247e-02  
9.332e-01  1.514e-01  3.593e-01  
9.290e-01  3.101e-01  2.406e-01  
8.609e-01  3.170e-02  5.088e-01  
8.422e-01  5.433e-01  1.717e-02  
9.062e-01  2.983e-01  3.366e-01  
8.827e-01  4.686e-01  1.509e-01  
8.553e-01  9.887e-02  5.181e-01  
8.240e-01  5.655e-01  8.150e-02  
8.731e-01  1.897e-01  4.875e-01  
8.588e-01  4.534e-01  3.064e-01  
7.649e-01  5.159e-02  6.441e-01  
7.507e-01  6.599e-01  6.564e-02  
8.575e-01  1.941e-01  5.144e-01  
8.222e-01  5.681e-01  1.228e-01  
7.345e-01  1.226e-01  6.786e-01  
7.466e-01  6.645e-01  1.778e-01  
7.617e-01  1.164e-01  6.480e-01  
7.878e-01  5.143e-01  4.529e-01  
6.288e-01  2.534e-02  7.776e-01  
6.114e-01  7.980e-01  1.044e-02  
7.466e-01  4.893e-01  5.183e-01  
6.902e-01  7.228e-01  1.381e-01  
6.623e-01  1.844e-01  7.492e-01  
6.046e-01  7.961e-01  1.167e-01  
7.013e-01  3.080e-01  7.129e-01  
7.059e-01  7.075e-01  2.231e-01  
5.505e-01  1.002e-01  8.348e-01  
5.235e-01  8.515e-01  7.123e-02  
6.877e-01  1.655e-01  7.260e-01  
6.179e-01  7.855e-01  2.460e-01  
5.249e-01  1.577e-01  8.511e-01  
5.259e-01  8.499e-01  1.483e-01  
5.609e-01  2.614e-01  8.279e-01  
6.431e-01  7.651e-01  1.855e-01  
4.225e-01  4.431e-02  9.064e-01  
4.099e-01  9.118e-01  4.244e-02  
6.038e-01  3.061e-01  7.972e-01  
4.938e-01  8.691e-01  1.289e-01  
4.359e-01  1.615e-01  9.000e-01  
4.099e-01  9.117e-01  1.651e-01  
4.715e-01  1.481e-01  8.818e-01  
5.136e-01  8.575e-01  2.776e-01  
3.407e-01  7.400e-02  9.402e-01  
3.397e-01  9.402e-01  1.140e-01  
4.537e-01  3.129e-01  8.911e-01  
4.224e-01  9.059e-01  1.166e-01  
3.174e-01  1.518e-01  9.483e-01  
3.396e-01  9.402e-01  2.251e-01  
3.408e-01  1.247e-01  9.401e-01  
4.442e-01  8.955e-01  1.455e-01  
2.423e-01  1.368e-02  9.702e-01  
2.296e-01  9.749e-01  6.970e-03  
4.071e-01  2.542e-01  9.134e-01  
2.803e-01  9.595e-01  2.043e-01  
2.644e-01  2.193e-01  9.644e-01  
2.231e-01  9.746e-01  1.458e-01  
2.875e-01  1.863e-01  9.578e-01  
2.816e-01  9.592e-01  1.012e-01  
1.923e-01  9.818e-02  9.813e-01  
1.733e-01  9.852e-01  6.689e-02  
2.649e-01  2.623e-01  9.643e-01  
2.133e-01  9.767e-01  1.810e-01  
1.695e-01  1.986e-01  9.855e-01  
1.635e-01  9.862e-01  2.066e-01  
1.784e-01  1.920e-01  9.840e-01  
2.092e-01  9.776e-01  1.536e-01  
1.173e-01  4.483e-02  9.931e-01  
1.078e-01  9.944e-01  3.937e-02  
1.783e-01  2.295e-01  9.840e-01  
1.265e-01  9.916e-01  2.462e-01  
1.063e-01  1.078e-01  9.943e-01  
9.203e-02  9.959e-01  6.552e-02  
1.069e-01  2.565e-01  9.943e-01  
1.102e-01  9.936e-01  3.183e-01  
6.436e-02  8.424e-02  9.979e-01  
5.864e-02  9.984e-01  6.923e-02  
7.777e-02  1.684e-01  9.970e-01  
6.303e-02  9.981e-01  1.419e-01  
4.140e-02  1.303e-01  9.991e-01  
3.819e-02  9.993e-01  4.425e-02  
3.304e-02  3.588e-01  9.995e-01  
3.495e-02  9.990e-01  4.751e-01  
1.343e-02  2.398e-02  9.999e-01  
4.914e-03  1.000e+00  2.125e-02  
4.946e-03  3.463e-01  1.000e+00  
