1.001e+00  2.199e-02  1.165e-03  
1.117e-01  1.931e+00  1.128e-01  
9.318e-04  1.942e-02  1.001e+00  
9.994e-01  5.622e-02  3.691e-02  
9.994e-01  1.169e-01  3.273e-02  
9.902e-01  6.519e-02  1.400e-01  
9.884e-01  2.213e-01  2.748e-02  
9.856e-01  1.194e-01  1.691e-01  
9.872e-01  2.028e-01  1.022e-01  
9.566e-01  5.921e-02  2.922e-01  
9.630e-01  3.634e-01  2.209e-02  
9.733e-01  1.199e-01  2.302e-01  
9.643e-01  3.153e-01  5.131e-02  
9.291e-01  8.337e-02  3.702e-01  
9.316e-01  4.030e-01  5.932e-02  
9.333e-01  1.418e-01  3.594e-01  
9.607e-01  3.313e-01  5.324e-02  
8.612e-01  5.229e-02  5.089e-01  
9.470e-01  5.082e-01  1.921e-02  
9.371e-01  1.415e-01  3.495e-01  
8.917e-01  4.898e-01  8.047e-02  
8.555e-01  1.138e-01  5.182e-01  
8.288e-01  5.867e-01  1.043e-01  
8.733e-01  1.664e-01  4.876e-01  
8.917e-01  4.898e-01  8.047e-02  
7.652e-01  7.592e-02  6.442e-01  
7.856e-01  7.001e-01  6.791e-02  
8.577e-01  1.162e-01  5.145e-01  
8.283e-01  5.885e-01  1.039e-01  
7.347e-01  1.415e-01  6.787e-01  
7.534e-01  6.817e-01  1.393e-01  
7.618e-01  1.058e-01  6.481e-01  
8.424e-01  5.676e-01  1.017e-01  
6.301e-01  4.366e-02  7.776e-01  
9.470e-01  5.082e-01  1.921e-02  
8.160e-01  1.498e-01  5.783e-01  
6.917e-01  7.436e-01  1.637e-01  
6.624e-01  1.631e-01  7.493e-01  
6.230e-01  8.387e-01  1.338e-01  
7.014e-01  1.851e-01  7.130e-01  
7.091e-01  7.286e-01  1.511e-01  
5.507e-01  1.052e-01  8.350e-01  
6.059e-01  9.958e-01  7.821e-02  
6.879e-01  1.765e-01  7.261e-01  
6.222e-01  8.089e-01  1.918e-01  
5.251e-01  1.550e-01  8.512e-01  
5.266e-01  8.737e-01  2.163e-01  
5.611e-01  2.079e-01  8.280e-01  
6.469e-01  7.870e-01  1.825e-01  
4.227e-01  6.215e-02  9.065e-01  
5.874e-01  1.288e+00  6.449e-02  
6.039e-01  2.383e-01  7.973e-01  
4.967e-01  8.927e-01  2.370e-01  
4.360e-01  1.584e-01  9.001e-01  
4.220e-01  9.581e-01  1.868e-01  
4.717e-01  1.745e-01  8.819e-01  
5.165e-01  8.800e-01  2.292e-01  
3.408e-01  9.521e-02  9.403e-01  
3.840e-01  1.043e+00  1.289e-01  
4.539e-01  1.973e-01  8.912e-01  
4.242e-01  9.285e-01  2.745e-01  
3.176e-01  1.268e-01  9.483e-01  
3.437e-01  9.708e-01  2.889e-01  
3.410e-01  1.267e-01  9.402e-01  
4.466e-01  9.196e-01  2.599e-01  
2.425e-01  2.885e-02  9.705e-01  
9.228e-01  6.675e-01  2.907e-02  
4.072e-01  1.550e-01  9.135e-01  
2.819e-01  9.838e-01  3.308e-01  
2.645e-01  1.627e-01  9.645e-01  
2.442e-01  1.094e+00  1.649e-01  
2.877e-01  1.789e-01  9.578e-01  
2.828e-01  9.830e-01  3.308e-01  
1.925e-01  1.397e-01  9.814e-01  
2.378e-01  1.338e+00  1.039e-01  
2.651e-01  1.925e-01  9.643e-01  
2.122e-01  9.999e-01  3.702e-01  
1.697e-01  1.887e-01  9.856e-01  
1.653e-01  1.055e+00  2.453e-01  
1.786e-01  2.018e-01  9.840e-01  
2.085e-01  1.002e+00  4.024e-01  
1.174e-01  7.189e-02  9.932e-01  
2.632e-01  1.657e+00  9.737e-02  
1.785e-01  1.939e-01  9.840e-01  
1.268e-01  1.020e+00  4.058e-01  
1.065e-01  1.969e-01  9.944e-01  
1.016e-01  1.127e+00  2.162e-01  
1.071e-01  2.047e-01  9.943e-01  
1.055e-01  1.018e+00  4.501e-01  
6.434e-02  1.076e-01  9.980e-01  
7.558e-02  1.336e+00  1.466e-01  
7.796e-02  2.125e-01  9.970e-01  
5.878e-02  1.022e+00  4.788e-01  
4.160e-02  1.734e-01  9.992e-01  
4.410e-02  1.160e+00  3.347e-01  
3.324e-02  1.890e-01  9.995e-01  
3.903e-02  2.221e-01  9.993e-01  
1.266e-02  3.991e-02  1.000e+00  
5.583e-02  1.501e+00  1.643e-01  
5.166e-03  2.279e-01  1.000e+00  
