1.006e+00  2.428e-02  2.701e-03  
4.771e-02  1.260e+00  4.785e-02  
2.763e-03  2.492e-02  1.007e+00  
9.994e-01  5.683e-02  3.767e-02  
9.994e-01  5.842e-02  3.582e-02  
9.900e-01  5.612e-02  1.422e-01  
9.807e-01  2.231e-01  2.686e-02  
9.858e-01  6.088e-02  1.691e-01  
9.819e-01  2.137e-01  2.608e-02  
9.565e-01  5.643e-02  2.925e-01  
9.412e-01  3.613e-01  2.305e-02  
9.733e-01  5.886e-02  2.304e-01  
9.537e-01  3.206e-01  4.049e-02  
9.291e-01  5.918e-02  3.704e-01  
9.170e-01  4.131e-01  5.455e-02  
9.334e-01  7.126e-02  3.596e-01  
9.478e-01  3.369e-01  4.519e-02  
8.611e-01  5.451e-02  5.090e-01  
8.674e-01  5.738e-01  1.829e-02  
9.371e-01  6.348e-02  3.497e-01  
8.799e-01  4.889e-01  6.660e-02  
8.556e-01  5.507e-02  5.183e-01  
8.198e-01  5.837e-01  7.862e-02  
8.734e-01  9.519e-02  4.878e-01  
8.806e-01  4.869e-01  6.626e-02  
7.652e-01  6.597e-02  6.443e-01  
7.511e-01  6.814e-01  6.712e-02  
8.577e-01  5.242e-02  5.147e-01  
8.179e-01  5.867e-01  8.763e-02  
7.347e-01  7.525e-02  6.788e-01  
7.418e-01  6.817e-01  1.180e-01  
7.619e-01  7.463e-02  6.482e-01  
8.329e-01  5.654e-01  8.595e-02  
6.290e-01  4.553e-02  7.777e-01  
7.146e-01  8.264e-01  1.365e-02  
8.161e-01  6.176e-02  5.784e-01  
6.849e-01  7.398e-01  1.403e-01  
6.625e-01  6.506e-02  7.494e-01  
6.015e-01  8.138e-01  1.286e-01  
7.015e-01  4.795e-02  7.131e-01  
7.030e-01  7.251e-01  1.347e-01  
5.507e-01  5.177e-02  8.350e-01  
5.297e-01  8.794e-01  7.334e-02  
6.879e-01  5.588e-02  7.262e-01  
6.135e-01  8.018e-01  1.608e-01  
5.251e-01  5.957e-02  8.513e-01  
5.199e-01  8.666e-01  2.027e-01  
5.612e-01  5.969e-02  8.280e-01  
6.394e-01  7.817e-01  1.630e-01  
4.228e-01  6.295e-02  9.064e-01  
4.187e-01  9.725e-01  4.715e-02  
6.042e-01  8.051e-02  7.973e-01  
4.897e-01  8.843e-01  2.251e-01  
4.361e-01  9.597e-02  9.002e-01  
4.058e-01  9.277e-01  1.789e-01  
4.717e-01  6.895e-02  8.820e-01  
5.100e-01  8.730e-01  2.049e-01  
3.411e-01  7.712e-02  9.403e-01  
3.393e-01  9.656e-01  1.141e-01  
4.541e-01  1.741e-01  8.914e-01  
4.188e-01  9.205e-01  2.578e-01  
3.177e-01  5.095e-02  9.484e-01  
3.315e-01  9.567e-01  2.793e-01  
3.411e-01  7.619e-02  9.402e-01  
4.401e-01  9.111e-01  2.571e-01  
2.379e-01  3.459e-02  9.727e-01  
6.257e-01  1.010e+00  2.047e-02  
4.075e-01  1.412e-01  9.135e-01  
2.766e-01  9.715e-01  2.823e-01  
2.647e-01  1.207e-01  9.645e-01  
2.203e-01  9.964e-01  1.449e-01  
2.878e-01  1.065e-01  9.579e-01  
2.766e-01  9.715e-01  2.823e-01  
1.925e-01  9.989e-02  9.814e-01  
1.721e-01  1.039e+00  7.672e-02  
2.653e-01  1.011e-01  9.643e-01  
2.101e-01  9.872e-01  3.544e-01  
1.699e-01  7.918e-02  9.856e-01  
1.622e-01  1.001e+00  2.285e-01  
1.787e-01  1.101e-01  9.840e-01  
2.057e-01  9.884e-01  3.650e-01  
1.175e-01  7.333e-02  9.932e-01  
1.211e-01  1.142e+00  4.590e-02  
1.788e-01  1.228e-01  9.840e-01  
1.233e-01  1.001e+00  3.838e-01  
1.067e-01  6.368e-02  9.944e-01  
8.498e-02  1.013e+00  1.948e-01  
1.073e-01  9.736e-02  9.943e-01  
1.078e-01  1.002e+00  4.294e-01  
6.476e-02  8.318e-02  9.979e-01  
5.880e-02  1.037e+00  1.132e-01  
7.813e-02  1.107e-01  9.970e-01  
5.910e-02  1.005e+00  4.381e-01  
4.183e-02  9.668e-02  9.992e-01  
3.835e-02  1.012e+00  2.904e-01  
3.350e-02  1.271e-01  9.995e-01  
3.528e-02  1.008e+00  4.388e-01  
1.197e-02  4.286e-02  1.000e+00  
2.917e-02  1.223e+00  8.656e-02  
5.415e-03  1.265e-01  1.000e+00  
