1.002e+00  9.613e-03  3.973e-03  
9.191e-03  1.290e+00  9.178e-03  
1.947e-03  7.214e-03  1.003e+00  
9.994e-01  4.250e-02  3.637e-02  
9.948e-01  1.103e-01  3.404e-02  
9.899e-01  5.065e-02  1.420e-01  
9.796e-01  2.060e-01  2.133e-02  
9.857e-01  6.020e-02  1.691e-01  
9.815e-01  1.971e-01  3.555e-02  
9.564e-01  4.601e-02  2.922e-01  
9.403e-01  3.441e-01  2.207e-02  
9.732e-01  6.186e-02  2.302e-01  
9.541e-01  3.041e-01  3.239e-02  
9.291e-01  4.825e-02  3.700e-01  
9.189e-01  3.977e-01  3.498e-02  
9.333e-01  4.762e-02  3.593e-01  
9.482e-01  3.229e-01  3.534e-02  
8.610e-01  3.865e-02  5.088e-01  
8.414e-01  5.476e-01  1.699e-02  
9.370e-01  6.951e-02  3.493e-01  
8.822e-01  4.737e-01  4.202e-02  
8.554e-01  5.572e-02  5.181e-01  
8.239e-01  5.706e-01  5.595e-02  
8.732e-01  4.597e-02  4.875e-01  
8.832e-01  4.720e-01  4.309e-02  
7.651e-01  5.191e-02  6.441e-01  
7.500e-01  6.643e-01  5.703e-02  
8.576e-01  7.150e-02  5.144e-01  
8.224e-01  5.734e-01  6.189e-02  
7.346e-01  7.198e-02  6.786e-01  
7.460e-01  6.693e-01  5.798e-02  
7.618e-01  9.801e-02  6.480e-01  
8.361e-01  5.517e-01  5.204e-02  
6.289e-01  3.005e-02  7.776e-01  
6.446e-01  8.445e-01  1.275e-02  
8.160e-01  1.080e-01  5.782e-01  
6.903e-01  7.280e-01  7.660e-02  
6.624e-01  6.582e-02  7.492e-01  
6.033e-01  8.007e-01  6.745e-02  
7.014e-01  1.056e-01  7.129e-01  
7.058e-01  7.126e-01  6.970e-02  
5.506e-01  7.831e-02  8.348e-01  
5.229e-01  8.562e-01  7.015e-02  
6.878e-01  9.327e-02  7.260e-01  
6.172e-01  7.904e-01  6.916e-02  
5.251e-01  7.888e-02  8.511e-01  
5.254e-01  8.542e-01  7.674e-02  
5.611e-01  1.574e-01  8.279e-01  
6.430e-01  7.700e-01  6.557e-02  
4.227e-01  4.882e-02  9.064e-01  
4.110e-01  9.186e-01  4.458e-02  
6.038e-01  1.121e-01  7.973e-01  
4.928e-01  8.735e-01  7.894e-02  
4.360e-01  1.429e-01  9.000e-01  
4.086e-01  9.159e-01  1.020e-01  
4.717e-01  8.644e-02  8.819e-01  
5.112e-01  8.621e-01  7.632e-02  
3.409e-01  8.079e-02  9.401e-01  
3.385e-01  9.440e-01  1.045e-01  
4.538e-01  1.041e-01  8.912e-01  
4.206e-01  9.103e-01  1.010e-01  
3.176e-01  9.147e-02  9.483e-01  
3.385e-01  9.440e-01  1.045e-01  
3.409e-01  8.938e-02  9.401e-01  
4.440e-01  9.002e-01  1.105e-01  
2.422e-01  2.104e-02  9.703e-01  
4.665e-02  1.146e+00  8.593e-03  
4.072e-01  1.045e-01  9.134e-01  
2.799e-01  9.627e-01  1.149e-01  
2.645e-01  9.037e-02  9.644e-01  
2.229e-01  9.774e-01  1.188e-01  
2.877e-01  1.644e-01  9.578e-01  
2.809e-01  9.625e-01  1.179e-01  
1.924e-01  1.147e-01  9.813e-01  
1.727e-01  9.887e-01  7.324e-02  
2.650e-01  1.063e-01  9.643e-01  
2.128e-01  9.795e-01  1.313e-01  
1.696e-01  1.446e-01  9.855e-01  
1.619e-01  9.893e-01  1.331e-01  
1.785e-01  1.066e-01  9.840e-01  
2.080e-01  9.804e-01  1.196e-01  
1.173e-01  6.303e-02  9.931e-01  
1.025e-01  1.002e+00  3.823e-02  
1.785e-01  1.321e-01  9.840e-01  
1.261e-01  9.944e-01  1.279e-01  
1.064e-01  9.988e-02  9.943e-01  
9.226e-02  9.981e-01  1.381e-01  
1.071e-01  9.959e-02  9.943e-01  
1.096e-01  9.961e-01  1.287e-01  
6.454e-02  9.705e-02  9.979e-01  
5.651e-02  1.000e+00  1.047e-01  
7.794e-02  1.132e-01  9.970e-01  
5.574e-02  9.999e-01  1.403e-01  
4.159e-02  1.662e-01  9.991e-01  
3.630e-02  1.001e+00  1.471e-01  
3.322e-02  2.107e-01  9.995e-01  
3.468e-02  1.001e+00  1.598e-01  
1.319e-02  2.848e-02  9.999e-01  
8.861e-03  1.098e+00  2.605e-02  
5.124e-03  1.684e-01  1.000e+00  
