1.021e+00  3.396e-03  2.917e-03  
4.286e-01  1.721e+00  4.288e-01  
1.396e-03  2.207e-03  1.001e+00  
9.555e-01  3.653e-02  2.754e-02  
8.965e-01  9.669e-02  2.983e-02  
8.635e-01  4.197e-02  1.226e-01  
8.686e-01  1.670e-01  2.508e-02  
8.125e-01  8.370e-02  1.407e-01  
8.264e-01  1.587e-01  9.738e-02  
7.634e-01  3.366e-02  2.352e-01  
7.502e-01  2.697e-01  1.716e-02  
7.530e-01  1.299e-01  1.792e-01  
7.134e-01  2.280e-01  1.057e-01  
6.891e-01  6.395e-02  2.734e-01  
7.002e-01  2.921e-01  6.836e-02  
6.796e-01  1.164e-01  2.632e-01  
6.507e-01  2.109e-01  1.693e-01  
6.270e-01  2.516e-02  3.746e-01  
7.384e-01  4.330e-01  1.601e-02  
6.090e-01  2.015e-01  2.258e-01  
6.492e-01  3.400e-01  1.353e-01  
5.786e-01  9.851e-02  3.476e-01  
6.850e-01  3.614e-01  8.727e-02  
5.759e-01  1.711e-01  3.250e-01  
5.900e-01  2.868e-01  2.137e-01  
5.342e-01  4.619e-02  4.569e-01  
7.020e-01  5.358e-01  6.441e-02  
5.185e-01  2.106e-01  3.110e-01  
5.899e-01  3.463e-01  2.138e-01  
5.047e-01  7.324e-02  4.661e-01  
6.320e-01  3.317e-01  1.578e-01  
4.804e-01  1.615e-01  4.116e-01  
5.236e-01  3.420e-01  3.023e-01  
4.505e-01  1.401e-02  5.589e-01  
7.384e-01  8.469e-01  1.590e-02  
4.898e-01  2.725e-01  3.473e-01  
5.841e-01  4.260e-01  2.216e-01  
4.141e-01  1.422e-01  4.709e-01  
6.456e-01  6.594e-01  1.395e-01  
4.259e-01  2.362e-01  4.341e-01  
5.062e-01  4.883e-01  3.254e-01  
3.874e-01  6.948e-02  5.888e-01  
6.796e-01  1.005e+00  9.412e-02  
4.195e-01  3.114e-01  4.421e-01  
5.118e-01  6.487e-01  3.179e-01  
3.433e-01  1.166e-01  5.585e-01  
5.728e-01  6.020e-01  2.364e-01  
3.580e-01  2.213e-01  5.280e-01  
4.319e-01  4.222e-01  4.257e-01  
3.152e-01  3.266e-02  6.780e-01  
6.930e-01  8.024e-01  7.630e-02  
3.773e-01  2.879e-01  4.988e-01  
4.817e-01  6.412e-01  3.579e-01  
2.949e-01  1.566e-01  6.099e-01  
5.571e-01  7.260e-01  2.575e-01  
3.132e-01  2.810e-01  5.850e-01  
3.925e-01  3.048e-01  4.782e-01  
2.598e-01  5.613e-02  7.208e-01  
5.976e-01  7.045e-01  2.035e-01  
3.039e-01  2.267e-01  5.977e-01  
3.944e-01  8.394e-01  4.750e-01  
2.309e-01  1.144e-01  6.938e-01  
4.587e-01  7.557e-01  3.887e-01  
2.446e-01  2.280e-01  6.758e-01  
3.103e-01  4.428e-01  5.884e-01  
1.694e-01  1.619e-02  9.514e-01  
7.317e-01  1.154e+00  2.484e-02  
2.802e-01  3.534e-01  6.283e-01  
3.962e-01  5.944e-01  4.724e-01  
2.014e-01  2.271e-01  7.340e-01  
4.995e-01  7.107e-01  3.341e-01  
2.147e-01  3.416e-01  7.158e-01  
2.908e-01  8.017e-01  6.135e-01  
1.560e-01  8.550e-02  7.934e-01  
5.682e-01  1.468e+00  2.428e-01  
2.015e-01  2.852e-01  7.331e-01  
2.873e-01  5.865e-01  6.187e-01  
1.403e-01  1.321e-01  8.139e-01  
3.582e-01  1.021e+00  5.242e-01  
1.465e-01  1.909e-01  8.055e-01  
1.971e-01  6.226e-01  7.384e-01  
1.025e-01  4.987e-02  8.652e-01  
5.858e-01  1.164e+00  2.193e-01  
1.464e-01  5.687e-01  8.058e-01  
2.219e-01  1.171e+00  7.048e-01  
9.372e-02  6.711e-02  8.758e-01  
2.908e-01  8.017e-01  6.135e-01  
9.451e-02  2.524e-01  8.748e-01  
1.302e-01  8.995e-01  8.268e-01  
5.976e-02  7.793e-02  9.211e-01  
3.079e-01  6.441e-01  5.910e-01  
7.091e-02  9.619e-02  9.061e-01  
1.014e-01  7.307e-01  8.653e-01  
3.969e-02  1.631e-01  9.475e-01  
1.117e-01  6.080e-01  8.516e-01  
3.193e-02  6.824e-02  9.582e-01  
3.721e-02  6.688e-01  9.517e-01  
1.356e-02  2.321e-02  9.837e-01  
2.313e-01  1.040e+00  6.930e-01  
5.181e-03  2.513e-01  9.934e-01  
