1.054e+00  2.484e-03  2.594e-03  
4.305e-03  1.060e+00  4.290e-03  
3.189e-03  2.637e-03  1.032e+00  
9.513e-01  3.295e-02  3.635e-02  
9.347e-01  9.502e-02  3.444e-02  
8.627e-01  3.406e-02  1.263e-01  
8.522e-01  1.666e-01  2.437e-02  
8.337e-01  7.602e-02  1.449e-01  
7.919e-01  1.533e-01  9.406e-02  
7.575e-01  3.316e-02  2.319e-01  
7.383e-01  2.664e-01  1.874e-02  
7.262e-01  1.271e-01  1.728e-01  
7.096e-01  2.200e-01  1.006e-01  
7.009e-01  6.027e-02  2.784e-01  
6.996e-01  2.936e-01  6.821e-02  
6.534e-01  1.138e-01  2.523e-01  
6.348e-01  2.105e-01  1.659e-01  
6.296e-01  2.474e-02  3.721e-01  
7.382e-01  4.052e-01  1.669e-02  
5.986e-01  1.944e-01  2.235e-01  
6.492e-01  3.029e-01  1.358e-01  
5.757e-01  9.705e-02  3.486e-01  
6.848e-01  2.979e-01  8.760e-02  
5.468e-01  1.602e-01  3.059e-01  
5.903e-01  2.708e-01  2.139e-01  
5.375e-01  4.465e-02  4.537e-01  
7.022e-01  3.166e-01  6.496e-02  
5.185e-01  2.128e-01  3.109e-01  
5.903e-01  2.708e-01  2.139e-01  
4.821e-01  8.472e-02  4.506e-01  
6.319e-01  3.015e-01  1.584e-01  
4.663e-01  1.556e-01  3.966e-01  
5.246e-01  2.994e-01  3.018e-01  
4.462e-01  2.127e-02  5.593e-01  
4.381e-01  7.448e-01  1.090e-02  
4.900e-01  3.225e-01  3.473e-01  
3.401e-01  5.939e-01  2.158e-01  
4.121e-01  1.332e-01  4.683e-01  
4.140e-01  6.712e-01  1.109e-01  
4.264e-01  2.297e-01  4.333e-01  
5.074e-01  3.015e-01  3.246e-01  
3.780e-01  6.914e-02  5.729e-01  
4.131e-01  7.086e-01  5.961e-02  
4.195e-01  2.432e-01  4.424e-01  
3.550e-01  5.533e-01  2.711e-01  
3.453e-01  1.129e-01  5.581e-01  
3.723e-01  6.324e-01  1.620e-01  
3.582e-01  2.173e-01  5.252e-01  
2.500e-01  4.749e-01  3.933e-01  
3.141e-01  3.540e-02  6.814e-01  
3.283e-01  7.299e-01  3.550e-02  
2.043e-01  4.024e-01  4.846e-01  
3.226e-01  5.742e-01  2.435e-01  
2.969e-01  1.507e-01  6.107e-01  
2.936e-01  6.544e-01  1.362e-01  
3.139e-01  2.188e-01  5.864e-01  
2.510e-01  4.990e-01  3.623e-01  
2.594e-01  5.776e-02  7.126e-01  
2.527e-01  7.001e-01  8.558e-02  
1.491e-01  3.518e-01  5.495e-01  
2.493e-01  5.359e-01  2.999e-01  
2.342e-01  9.676e-02  6.979e-01  
2.245e-01  6.205e-01  1.903e-01  
2.475e-01  1.425e-01  6.796e-01  
2.171e-01  4.515e-01  4.216e-01  
1.978e-01  1.204e-02  8.160e-01  
2.038e-01  8.736e-01  6.968e-03  
1.988e-01  4.351e-01  4.471e-01  
1.921e-01  6.371e-01  2.199e-01  
1.533e-01  2.299e-01  7.154e-01  
1.638e-01  7.619e-01  1.157e-01  
1.374e-01  3.333e-01  5.728e-01  
1.650e-01  5.497e-01  3.238e-01  
1.561e-01  7.613e-02  8.063e-01  
1.441e-01  8.351e-01  6.425e-02  
1.407e-01  3.877e-01  5.076e-01  
1.422e-01  6.292e-01  3.008e-01  
9.788e-02  1.746e-01  7.894e-01  
1.153e-01  7.387e-01  1.801e-01  
1.105e-01  2.823e-01  6.486e-01  
1.142e-01  5.202e-01  4.206e-01  
1.049e-01  4.402e-02  8.755e-01  
9.766e-02  8.942e-01  3.666e-02  
9.591e-02  4.454e-01  5.207e-01  
7.927e-02  6.858e-01  2.797e-01  
7.609e-02  2.015e-01  7.522e-01  
7.357e-02  8.107e-01  1.600e-01  
6.292e-02  3.290e-01  6.480e-01  
5.969e-02  5.895e-01  4.187e-01  
5.192e-02  8.647e-02  9.025e-01  
4.025e-02  8.998e-01  1.014e-01  
4.578e-02  3.958e-01  6.031e-01  
4.187e-02  6.560e-01  3.611e-01  
3.768e-02  1.460e-01  8.485e-01  
3.006e-02  7.885e-01  2.216e-01  
2.638e-02  2.746e-01  7.477e-01  
1.345e-02  5.411e-01  4.927e-01  
1.522e-02  2.467e-02  9.899e-01  
7.903e-03  9.919e-01  2.424e-02  
6.252e-03  5.541e-02  1.005e+00  
