3.727e-01  4.307e-01  4.341e-01  
1.914e-01  8.786e-01  1.819e-01  
3.084e-02  1.753e-02  1.018e+00  
3.727e-01  4.307e-01  4.341e-01  
6.938e-01  6.037e-01  2.107e-01  
2.020e-01  2.358e-01  6.952e-01  
8.699e-01  6.832e-01  1.081e-01  
2.607e-01  3.360e-01  5.593e-01  
5.357e-01  5.202e-01  3.194e-01  
1.790e-01  1.265e-01  8.440e-01  
9.868e-01  7.206e-01  5.969e-02  
3.507e-01  3.855e-01  4.972e-01  
6.055e-01  5.646e-01  2.633e-01  
1.921e-01  1.818e-01  7.663e-01  
7.665e-01  6.433e-01  1.589e-01  
2.380e-01  2.881e-01  6.287e-01  
4.803e-01  4.761e-01  3.760e-01  
1.805e-01  6.870e-02  9.210e-01  
9.576e-01  7.402e-01  3.497e-02  
3.677e-01  4.082e-01  4.657e-01  
6.640e-01  5.834e-01  2.374e-01  
1.978e-01  2.101e-01  7.296e-01  
8.291e-01  6.630e-01  1.332e-01  
2.627e-01  3.120e-01  5.921e-01  
5.036e-01  4.979e-01  3.472e-01  
1.962e-01  9.841e-02  8.814e-01  
8.025e-01  7.041e-01  8.426e-02  
2.924e-01  3.607e-01  5.272e-01  
5.250e-01  5.411e-01  2.915e-01  
1.933e-01  1.545e-01  8.020e-01  
7.002e-01  6.239e-01  1.848e-01  
2.351e-01  2.618e-01  6.612e-01  
4.356e-01  4.540e-01  4.056e-01  
1.918e-01  3.860e-02  9.617e-01  
5.995e-01  7.621e-01  2.198e-02  
3.686e-01  4.201e-01  4.498e-01  
5.863e-01  5.955e-01  2.249e-01  
2.024e-01  2.226e-01  7.113e-01  
5.333e-01  6.785e-01  1.234e-01  
2.696e-01  3.242e-01  5.757e-01  
4.856e-01  5.088e-01  3.330e-01  
1.661e-01  1.125e-01  8.619e-01  
4.693e-01  7.283e-01  7.303e-02  
3.198e-01  3.729e-01  5.115e-01  
4.422e-01  5.549e-01  2.790e-01  
1.903e-01  1.683e-01  7.835e-01  
4.173e-01  6.453e-01  1.753e-01  
2.163e-01  2.743e-01  6.450e-01  
3.940e-01  4.663e-01  3.917e-01  
1.813e-01  5.352e-02  9.398e-01  
3.516e-01  7.687e-01  4.396e-02  
3.389e-01  3.977e-01  4.823e-01  
3.516e-01  5.818e-01  2.543e-01  
1.933e-01  1.961e-01  7.472e-01  
3.209e-01  6.768e-01  1.507e-01  
2.601e-01  3.008e-01  6.113e-01  
3.118e-01  4.909e-01  3.646e-01  
1.267e-01  8.355e-02  9.025e-01  
2.848e-01  7.340e-01  1.018e-01  
2.841e-01  3.488e-01  5.438e-01  
2.701e-01  5.403e-01  3.112e-01  
1.651e-01  1.401e-01  8.232e-01  
2.448e-01  6.482e-01  2.083e-01  
2.175e-01  2.489e-01  6.785e-01  
2.428e-01  4.511e-01  4.256e-01  
1.802e-01  2.368e-02  9.826e-01  
2.439e-01  9.401e-01  1.963e-02  
2.191e-01  4.330e-01  4.516e-01  
2.085e-01  6.484e-01  2.345e-01  
1.990e-01  2.294e-01  7.034e-01  
2.098e-01  8.193e-01  1.374e-01  
1.753e-01  3.318e-01  5.745e-01  
1.787e-01  5.447e-01  3.445e-01  
1.537e-01  1.189e-01  8.533e-01  
2.149e-01  9.910e-01  9.413e-02  
1.593e-01  3.901e-01  5.186e-01  
1.623e-01  6.539e-01  3.144e-01  
1.455e-01  1.754e-01  7.771e-01  
1.772e-01  7.894e-01  2.402e-01  
1.356e-01  2.841e-01  6.428e-01  
1.356e-01  5.310e-01  4.323e-01  
1.296e-01  6.149e-02  9.358e-01  
2.169e-01  1.000e+00  8.424e-02  
1.146e-01  4.455e-01  5.222e-01  
1.410e-01  6.309e-01  3.930e-01  
9.964e-02  2.052e-01  7.499e-01  
1.613e-01  7.074e-01  3.060e-01  
8.980e-02  3.281e-01  6.499e-01  
1.065e-01  4.495e-01  5.510e-01  
7.633e-02  9.008e-02  9.038e-01  
1.649e-01  7.504e-01  2.869e-01  
7.627e-02  2.932e-01  7.118e-01  
9.298e-02  3.898e-01  6.201e-01  
5.603e-02  1.526e-01  8.505e-01  
9.810e-02  4.247e-01  5.966e-01  
4.948e-02  1.456e-01  8.808e-01  
5.325e-02  2.216e-01  8.234e-01  
3.343e-02  3.135e-02  9.986e-01  
1.448e-01  6.355e-01  3.746e-01  
2.633e-02  5.899e-02  1.000e+00  
