3.329e-01  4.310e-01  4.311e-01  
1.976e-01  9.790e-01  1.915e-01  
2.431e-02  1.988e-02  1.014e+00  
3.329e-01  4.310e-01  4.311e-01  
6.011e-01  6.007e-01  2.079e-01  
2.069e-01  2.377e-01  6.907e-01  
6.621e-01  6.782e-01  1.070e-01  
2.533e-01  3.373e-01  5.553e-01  
4.147e-01  5.187e-01  3.161e-01  
1.475e-01  1.297e-01  8.400e-01  
7.548e-01  7.166e-01  5.886e-02  
2.831e-01  3.863e-01  4.936e-01  
5.274e-01  5.604e-01  2.615e-01  
1.559e-01  1.842e-01  7.677e-01  
6.356e-01  6.402e-01  1.571e-01  
2.343e-01  2.888e-01  6.240e-01  
4.042e-01  4.762e-01  3.729e-01  
1.241e-01  7.199e-02  9.245e-01  
8.619e-01  7.357e-01  3.511e-02  
3.256e-01  4.089e-01  4.619e-01  
5.521e-01  5.815e-01  2.348e-01  
2.000e-01  2.121e-01  7.277e-01  
6.955e-01  6.614e-01  1.322e-01  
2.963e-01  3.135e-01  5.887e-01  
4.338e-01  4.976e-01  3.438e-01  
1.203e-01  1.008e-01  8.817e-01  
7.657e-01  6.980e-01  8.289e-02  
2.851e-01  3.622e-01  5.237e-01  
4.712e-01  5.395e-01  2.882e-01  
1.643e-01  1.571e-01  8.041e-01  
5.998e-01  6.213e-01  1.821e-01  
2.383e-01  2.641e-01  6.565e-01  
3.621e-01  4.539e-01  4.019e-01  
1.260e-01  4.209e-02  9.653e-01  
5.859e-01  7.525e-01  2.373e-02  
3.284e-01  4.195e-01  4.466e-01  
5.334e-01  5.915e-01  2.215e-01  
2.324e-01  2.250e-01  7.079e-01  
5.147e-01  6.763e-01  1.202e-01  
2.670e-01  3.259e-01  5.717e-01  
4.219e-01  5.085e-01  3.298e-01  
1.383e-01  1.153e-01  8.610e-01  
4.473e-01  7.222e-01  7.077e-02  
3.203e-01  3.736e-01  5.078e-01  
4.271e-01  5.525e-01  2.754e-01  
1.712e-01  1.711e-01  7.860e-01  
4.039e-01  6.381e-01  1.719e-01  
2.147e-01  2.764e-01  6.382e-01  
3.757e-01  4.649e-01  3.873e-01  
1.030e-01  5.692e-02  9.434e-01  
3.553e-01  7.633e-01  4.807e-02  
3.163e-01  3.982e-01  4.787e-01  
3.296e-01  5.799e-01  2.507e-01  
1.743e-01  1.974e-01  7.487e-01  
3.147e-01  6.799e-01  1.500e-01  
2.470e-01  3.020e-01  6.060e-01  
3.032e-01  4.934e-01  3.640e-01  
1.275e-01  8.641e-02  9.003e-01  
2.787e-01  7.443e-01  1.018e-01  
2.666e-01  3.503e-01  5.404e-01  
2.649e-01  5.391e-01  3.097e-01  
1.365e-01  1.434e-01  8.216e-01  
2.487e-01  6.496e-01  2.013e-01  
1.607e-01  2.502e-01  6.745e-01  
2.277e-01  4.496e-01  4.267e-01  
1.095e-01  2.568e-02  9.872e-01  
2.570e-01  1.016e+00  1.919e-02  
2.100e-01  4.346e-01  4.482e-01  
2.103e-01  6.668e-01  2.439e-01  
1.913e-01  2.318e-01  6.996e-01  
2.169e-01  8.747e-01  1.448e-01  
1.803e-01  3.311e-01  5.755e-01  
1.787e-01  5.584e-01  3.555e-01  
1.248e-01  1.222e-01  8.518e-01  
2.227e-01  1.165e+00  9.932e-02  
1.537e-01  3.926e-01  5.251e-01  
1.675e-01  6.850e-01  3.255e-01  
1.485e-01  1.777e-01  7.773e-01  
1.818e-01  8.688e-01  2.551e-01  
1.318e-01  2.874e-01  6.457e-01  
1.351e-01  5.565e-01  4.566e-01  
1.074e-01  6.460e-02  9.333e-01  
2.249e-01  1.193e+00  8.897e-02  
1.134e-01  4.650e-01  5.463e-01  
1.428e-01  6.310e-01  4.119e-01  
9.687e-02  2.090e-01  7.562e-01  
1.646e-01  7.786e-01  3.205e-01  
8.679e-02  3.269e-01  6.661e-01  
1.055e-01  4.487e-01  5.729e-01  
6.459e-02  9.456e-02  8.975e-01  
1.694e-01  7.962e-01  3.024e-01  
7.349e-02  2.859e-01  7.283e-01  
9.074e-02  3.664e-01  6.399e-01  
5.201e-02  1.418e-01  8.603e-01  
9.604e-02  3.966e-01  6.127e-01  
4.643e-02  1.535e-01  8.868e-01  
4.959e-02  1.843e-01  8.370e-01  
3.101e-02  3.499e-02  9.886e-01  
1.461e-01  6.662e-01  3.982e-01  
2.297e-02  9.830e-02  9.847e-01  
