4.140e-01  4.350e-01  4.396e-01  
1.880e-01  9.454e-01  1.709e-01  
3.290e-02  1.151e-02  1.013e+00  
4.140e-01  4.350e-01  4.396e-01  
7.511e-01  6.130e-01  2.126e-01  
2.054e-01  2.376e-01  7.001e-01  
8.912e-01  6.937e-01  1.095e-01  
3.047e-01  3.393e-01  5.641e-01  
5.994e-01  5.293e-01  3.236e-01  
1.667e-01  1.262e-01  8.450e-01  
1.017e+00  7.337e-01  5.975e-02  
3.704e-01  3.898e-01  5.009e-01  
6.763e-01  5.697e-01  2.671e-01  
1.932e-01  1.815e-01  7.723e-01  
7.398e-01  6.533e-01  1.607e-01  
2.447e-01  2.892e-01  6.306e-01  
5.342e-01  4.821e-01  3.803e-01  
1.508e-01  6.741e-02  9.220e-01  
1.090e+00  7.535e-01  3.531e-02  
3.995e-01  4.129e-01  4.707e-01  
6.312e-01  5.907e-01  2.398e-01  
2.007e-01  2.095e-01  7.347e-01  
8.836e-01  6.754e-01  1.353e-01  
3.131e-01  3.144e-01  5.975e-01  
5.681e-01  5.049e-01  3.522e-01  
1.385e-01  9.758e-02  8.818e-01  
8.140e-01  7.145e-01  8.399e-02  
3.455e-01  3.647e-01  5.325e-01  
5.369e-01  5.481e-01  2.947e-01  
2.016e-01  1.540e-01  8.081e-01  
6.553e-01  6.329e-01  1.864e-01  
2.323e-01  2.625e-01  6.649e-01  
4.555e-01  4.596e-01  4.107e-01  
1.609e-01  3.738e-02  9.623e-01  
6.034e-01  7.697e-01  2.200e-02  
3.957e-01  4.242e-01  4.553e-01  
5.984e-01  6.034e-01  2.265e-01  
2.207e-01  2.233e-01  7.178e-01  
5.341e-01  6.886e-01  1.223e-01  
2.984e-01  3.274e-01  5.808e-01  
5.276e-01  5.176e-01  3.389e-01  
1.228e-01  1.118e-01  8.635e-01  
4.745e-01  7.353e-01  7.232e-02  
3.673e-01  3.767e-01  5.168e-01  
3.599e-01  5.642e-01  2.831e-01  
1.611e-01  1.679e-01  7.902e-01  
4.261e-01  6.514e-01  1.737e-01  
2.666e-01  2.763e-01  6.481e-01  
3.977e-01  4.719e-01  3.963e-01  
1.508e-01  5.240e-02  9.410e-01  
3.721e-01  7.726e-01  4.797e-02  
3.844e-01  4.007e-01  4.858e-01  
3.571e-01  5.856e-01  2.559e-01  
2.011e-01  1.952e-01  7.543e-01  
3.322e-01  6.826e-01  1.501e-01  
3.122e-01  3.034e-01  6.148e-01  
3.172e-01  4.949e-01  3.682e-01  
1.409e-01  8.223e-02  9.017e-01  
2.888e-01  7.395e-01  1.012e-01  
2.986e-01  3.523e-01  5.495e-01  
2.777e-01  5.455e-01  3.126e-01  
1.453e-01  1.401e-01  8.263e-01  
2.616e-01  6.516e-01  2.087e-01  
2.329e-01  2.501e-01  6.814e-01  
2.468e-01  4.524e-01  4.296e-01  
1.363e-01  2.196e-02  9.820e-01  
2.491e-01  9.322e-01  1.768e-02  
2.256e-01  4.382e-01  4.543e-01  
2.135e-01  6.491e-01  2.357e-01  
2.017e-01  2.302e-01  7.078e-01  
2.133e-01  8.120e-01  1.347e-01  
1.929e-01  3.345e-01  5.771e-01  
1.867e-01  5.531e-01  3.521e-01  
1.774e-01  1.189e-01  8.541e-01  
2.104e-01  1.031e+00  8.795e-02  
1.632e-01  3.922e-01  5.219e-01  
1.656e-01  6.422e-01  3.108e-01  
1.528e-01  1.750e-01  7.812e-01  
1.754e-01  8.364e-01  2.263e-01  
1.352e-01  2.884e-01  6.547e-01  
1.416e-01  5.332e-01  4.356e-01  
1.316e-01  5.993e-02  9.311e-01  
2.124e-01  1.071e+00  8.001e-02  
1.268e-01  4.672e-01  5.657e-01  
1.432e-01  6.577e-01  3.757e-01  
1.032e-01  2.047e-01  7.547e-01  
1.606e-01  7.948e-01  2.897e-01  
9.937e-02  3.347e-01  6.850e-01  
1.156e-01  4.987e-01  5.780e-01  
8.146e-02  9.040e-02  8.980e-01  
1.646e-01  8.414e-01  2.725e-01  
8.303e-02  3.162e-01  7.233e-01  
1.006e-01  4.228e-01  6.518e-01  
6.308e-02  1.539e-01  8.411e-01  
1.068e-01  4.670e-01  6.319e-01  
5.534e-02  1.406e-01  8.554e-01  
6.053e-02  2.016e-01  8.360e-01  
3.790e-02  2.990e-02  9.799e-01  
1.460e-01  6.799e-01  3.630e-01  
3.225e-02  1.394e-01  9.624e-01  
