3.971e-01  4.436e-01  4.420e-01  
1.564e-01  1.020e+00  1.430e-01  
2.796e-02  1.497e-02  1.021e+00  
3.971e-01  4.436e-01  4.420e-01  
6.364e-01  6.262e-01  2.111e-01  
2.261e-01  2.392e-01  7.067e-01  
7.599e-01  7.123e-01  1.052e-01  
2.684e-01  3.442e-01  5.738e-01  
4.778e-01  5.372e-01  3.231e-01  
2.350e-01  1.260e-01  8.475e-01  
8.450e-01  7.516e-01  5.413e-02  
3.454e-01  3.963e-01  5.065e-01  
5.600e-01  5.826e-01  2.664e-01  
3.419e-01  1.841e-01  7.759e-01  
6.698e-01  6.692e-01  1.578e-01  
1.855e-01  2.921e-01  6.397e-01  
4.762e-01  4.917e-01  3.825e-01  
3.573e-01  6.688e-02  9.281e-01  
8.108e-01  7.718e-01  2.917e-02  
4.675e-01  4.209e-01  4.752e-01  
6.775e-01  6.062e-01  2.393e-01  
2.539e-01  2.123e-01  7.424e-01  
6.517e-01  6.905e-01  1.311e-01  
3.466e-01  3.187e-01  6.067e-01  
5.488e-01  5.151e-01  3.529e-01  
2.535e-01  9.705e-02  8.837e-01  
7.641e-01  7.322e-01  7.897e-02  
3.708e-01  3.711e-01  5.387e-01  
4.982e-01  5.605e-01  2.949e-01  
1.933e-01  1.551e-01  8.093e-01  
5.725e-01  6.484e-01  1.843e-01  
3.285e-01  2.660e-01  6.729e-01  
5.277e-01  4.683e-01  4.122e-01  
2.891e-01  3.636e-02  9.616e-01  
5.887e-01  7.834e-01  1.663e-02  
5.427e-01  4.325e-01  4.588e-01  
4.968e-01  6.162e-01  2.254e-01  
2.706e-01  2.254e-01  7.242e-01  
5.386e-01  7.013e-01  1.183e-01  
2.660e-01  3.315e-01  5.913e-01  
4.995e-01  5.265e-01  3.380e-01  
2.253e-01  1.116e-01  8.640e-01  
4.720e-01  7.443e-01  6.643e-02  
3.792e-01  3.845e-01  5.232e-01  
4.509e-01  5.723e-01  2.808e-01  
1.932e-01  1.691e-01  7.906e-01  
4.026e-01  6.604e-01  1.710e-01  
3.300e-01  2.795e-01  6.565e-01  
4.095e-01  4.812e-01  3.983e-01  
3.346e-01  5.157e-02  9.436e-01  
3.606e-01  7.734e-01  4.106e-02  
3.410e-01  4.087e-01  4.907e-01  
3.555e-01  5.955e-01  2.535e-01  
3.294e-01  1.981e-01  7.580e-01  
3.190e-01  6.838e-01  1.453e-01  
3.070e-01  3.058e-01  6.235e-01  
3.149e-01  5.053e-01  3.687e-01  
1.410e-01  8.167e-02  9.078e-01  
2.884e-01  7.418e-01  9.520e-02  
2.780e-01  3.568e-01  5.584e-01  
2.729e-01  5.548e-01  3.100e-01  
2.372e-01  1.408e-01  8.278e-01  
2.485e-01  6.468e-01  1.995e-01  
2.517e-01  2.532e-01  6.908e-01  
2.415e-01  4.582e-01  4.292e-01  
2.462e-01  2.086e-02  9.813e-01  
2.221e-01  8.510e-01  1.099e-02  
2.167e-01  4.407e-01  4.525e-01  
2.048e-01  6.345e-01  2.230e-01  
1.972e-01  2.329e-01  7.161e-01  
2.015e-01  7.685e-01  1.205e-01  
1.869e-01  3.398e-01  5.853e-01  
1.777e-01  5.496e-01  3.377e-01  
1.804e-01  1.186e-01  8.562e-01  
1.810e-01  8.948e-01  6.904e-02  
1.591e-01  3.928e-01  5.180e-01  
1.510e-01  6.246e-01  2.966e-01  
1.453e-01  1.768e-01  7.854e-01  
1.520e-01  7.801e-01  1.969e-01  
1.289e-01  2.890e-01  6.549e-01  
1.331e-01  5.140e-01  4.216e-01  
1.253e-01  5.985e-02  9.375e-01  
1.745e-01  1.195e+00  6.119e-02  
1.112e-01  4.422e-01  5.146e-01  
1.216e-01  7.444e-01  3.290e-01  
8.206e-02  2.078e-01  7.617e-01  
1.363e-01  8.877e-01  2.493e-01  
8.814e-02  3.339e-01  6.524e-01  
9.554e-02  6.149e-01  4.870e-01  
7.681e-02  8.843e-02  9.078e-01  
1.389e-01  9.983e-01  2.329e-01  
7.146e-02  3.871e-01  6.856e-01  
8.363e-02  5.957e-01  5.606e-01  
5.257e-02  1.499e-01  8.408e-01  
8.759e-02  6.488e-01  5.332e-01  
4.766e-02  1.749e-01  8.954e-01  
4.992e-02  2.385e-01  8.166e-01  
3.076e-02  2.566e-02  1.006e+00  
1.239e-01  8.578e-01  3.201e-01  
2.265e-02  1.099e-01  1.012e+00  
