1.157e+00  1.164e-02  5.470e-03  
9.985e-03  1.212e+00  7.586e-03  
9.906e-03  1.325e-02  1.015e+00  
9.697e-01  4.542e-02  3.901e-02  
9.583e-01  1.085e-01  3.540e-02  
8.735e-01  4.868e-02  1.262e-01  
9.614e-01  1.683e-01  2.975e-02  
8.483e-01  8.119e-02  1.463e-01  
8.864e-01  1.786e-01  1.051e-01  
7.660e-01  4.118e-02  2.332e-01  
9.662e-01  2.129e-01  2.481e-02  
8.029e-01  1.340e-01  1.907e-01  
8.682e-01  2.199e-01  1.245e-01  
7.145e-01  7.175e-02  2.840e-01  
9.026e-01  2.365e-01  9.014e-02  
7.174e-01  1.154e-01  2.761e-01  
7.876e-01  1.448e-01  2.057e-01  
6.419e-01  3.334e-02  3.829e-01  
9.693e-01  2.585e-01  2.178e-02  
7.239e-01  1.114e-01  2.701e-01  
8.213e-01  1.781e-01  1.715e-01  
6.207e-01  9.550e-02  3.752e-01  
8.791e-01  2.086e-01  1.126e-01  
6.394e-01  1.099e-01  3.564e-01  
7.305e-01  1.319e-01  2.641e-01  
5.426e-01  4.949e-02  4.547e-01  
9.082e-01  1.925e-01  8.372e-02  
6.230e-01  9.307e-02  3.733e-01  
7.300e-01  1.206e-01  2.643e-01  
5.196e-01  7.243e-02  4.777e-01  
7.947e-01  1.439e-01  1.986e-01  
5.396e-01  7.964e-02  4.574e-01  
6.325e-01  9.972e-02  3.638e-01  
4.509e-01  2.589e-02  5.549e-01  
3.256e-01  9.738e-01  1.697e-02  
5.840e-01  7.431e-02  4.124e-01  
1.515e-01  7.315e-01  2.634e-01  
4.697e-01  5.398e-02  5.297e-01  
2.285e-01  8.527e-01  1.399e-01  
4.965e-01  7.841e-02  5.027e-01  
1.328e-01  6.098e-01  3.875e-01  
3.996e-01  3.604e-02  6.011e-01  
2.602e-01  9.129e-01  7.838e-02  
4.878e-01  5.083e-02  5.130e-01  
1.472e-01  6.707e-01  3.253e-01  
3.839e-01  4.362e-02  6.171e-01  
1.334e-01  7.936e-01  2.016e-01  
4.062e-01  4.166e-02  5.946e-01  
1.452e-01  5.489e-01  4.497e-01  
3.219e-01  3.820e-02  6.815e-01  
2.413e-01  9.433e-01  4.772e-02  
1.089e-01  4.578e-01  5.457e-01  
1.590e-01  7.018e-01  2.948e-01  
3.298e-01  3.679e-02  6.734e-01  
1.800e-01  8.225e-01  1.706e-01  
3.534e-01  4.667e-02  6.512e-01  
1.570e-01  5.794e-01  4.186e-01  
2.716e-01  4.447e-02  7.368e-01  
2.406e-01  8.844e-01  1.090e-01  
1.057e-01  3.951e-01  6.081e-01  
1.329e-01  6.410e-01  3.567e-01  
2.566e-01  2.966e-02  7.518e-01  
1.404e-01  7.624e-01  2.327e-01  
6.392e-02  2.734e-01  7.352e-01  
1.516e-01  5.183e-01  4.810e-01  
2.030e-01  1.821e-02  8.065e-01  
2.179e-01  9.821e-01  9.254e-03  
1.187e-01  4.955e-01  5.056e-01  
1.538e-01  7.398e-01  2.562e-01  
7.583e-02  2.486e-01  7.569e-01  
1.786e-01  8.609e-01  1.321e-01  
1.102e-01  3.714e-01  6.326e-01  
1.051e-01  6.182e-01  3.805e-01  
1.686e-01  1.915e-02  8.415e-01  
1.617e-01  9.220e-01  7.082e-02  
1.083e-01  4.341e-01  5.705e-01  
1.133e-01  6.798e-01  3.186e-01  
6.803e-02  1.863e-01  8.205e-01  
1.335e-01  8.006e-01  1.940e-01  
8.364e-02  3.111e-01  6.944e-01  
1.005e-01  5.567e-01  4.424e-01  
1.115e-01  2.521e-02  9.024e-01  
1.069e-01  9.556e-01  4.006e-02  
8.989e-02  4.645e-01  5.385e-01  
9.224e-02  7.098e-01  2.872e-01  
7.305e-02  2.175e-01  7.888e-01  
8.020e-02  8.323e-01  1.638e-01  
7.581e-02  3.418e-01  6.636e-01  
6.654e-02  5.873e-01  4.117e-01  
5.495e-02  9.288e-02  9.193e-01  
5.176e-02  8.986e-01  1.023e-01  
5.051e-02  4.039e-01  6.014e-01  
4.418e-02  6.506e-01  3.539e-01  
3.949e-02  1.559e-01  8.540e-01  
3.305e-02  7.780e-01  2.256e-01  
2.841e-02  2.860e-01  7.381e-01  
2.322e-02  5.331e-01  4.839e-01  
1.649e-02  3.127e-02  9.912e-01  
1.298e-02  1.055e+00  2.535e-02  
7.217e-03  4.974e-01  5.364e-01  
