1.009e+00  4.286e-01  4.291e-01  
8.574e-02  3.012e+00  7.451e-02  
1.331e-02  9.152e-03  1.008e+00  
1.009e+00  4.286e-01  4.291e-01  
1.058e+00  6.005e-01  2.010e-01  
6.652e-01  2.319e-01  6.914e-01  
1.100e+00  6.772e-01  9.872e-02  
1.058e+00  3.339e-01  5.555e-01  
1.164e+00  5.183e-01  3.100e-01  
7.426e-01  1.217e-01  8.383e-01  
1.562e+00  7.144e-01  4.990e-02  
1.028e+00  3.835e-01  4.925e-01  
1.044e+00  5.599e-01  2.548e-01  
7.759e-01  1.779e-01  7.635e-01  
1.103e+00  6.399e-01  1.490e-01  
1.189e+00  2.839e-01  6.222e-01  
6.854e-01  4.744e-01  3.697e-01  
7.454e-01  6.316e-02  9.166e-01  
1.044e+00  7.334e-01  2.525e-02  
6.060e-01  4.057e-01  4.599e-01  
6.466e-01  5.800e-01  2.286e-01  
9.434e-01  2.051e-01  7.272e-01  
8.362e-01  6.586e-01  1.241e-01  
6.322e-01  3.091e-01  5.884e-01  
8.673e-01  4.966e-01  3.403e-01  
4.527e-01  9.268e-02  8.771e-01  
7.803e-01  6.958e-01  7.430e-02  
3.351e-01  3.592e-01  5.233e-01  
4.849e-01  5.391e-01  2.839e-01  
4.387e-01  1.500e-01  8.005e-01  
6.788e-01  6.209e-01  1.749e-01  
5.047e-01  2.581e-01  6.564e-01  
4.935e-01  4.514e-01  3.990e-01  
3.388e-01  3.301e-02  9.570e-01  
5.404e-01  7.429e-01  1.333e-02  
4.812e-01  4.172e-01  4.444e-01  
3.563e-01  5.901e-01  2.152e-01  
3.247e-01  2.184e-01  7.093e-01  
4.516e-01  6.694e-01  1.105e-01  
4.467e-01  3.215e-01  5.718e-01  
3.766e-01  5.077e-01  3.259e-01  
2.686e-01  1.073e-01  8.579e-01  
4.278e-01  7.072e-01  6.157e-02  
4.045e-01  3.704e-01  5.071e-01  
3.237e-01  5.493e-01  2.699e-01  
3.104e-01  1.641e-01  7.823e-01  
3.757e-01  6.311e-01  1.619e-01  
3.057e-01  2.710e-01  6.393e-01  
3.655e-01  4.633e-01  3.846e-01  
3.056e-01  4.818e-02  9.375e-01  
3.335e-01  7.351e-01  3.866e-02  
3.232e-01  3.957e-01  4.744e-01  
3.188e-01  5.701e-01  2.425e-01  
2.967e-01  1.915e-01  7.452e-01  
2.904e-01  6.650e-01  1.392e-01  
3.128e-01  2.965e-01  6.053e-01  
2.627e-01  4.857e-01  3.549e-01  
2.898e-01  7.794e-02  8.973e-01  
2.622e-01  7.150e-01  8.345e-02  
2.642e-01  3.464e-01  5.397e-01  
2.420e-01  5.303e-01  2.985e-01  
2.255e-01  1.359e-01  8.198e-01  
2.264e-01  6.318e-01  1.877e-01  
2.305e-01  2.451e-01  6.740e-01  
2.174e-01  4.406e-01  4.148e-01  
2.246e-01  1.772e-02  9.788e-01  
2.165e-01  8.761e-01  9.703e-03  
1.887e-01  4.247e-01  4.371e-01  
1.941e-01  6.414e-01  2.223e-01  
1.944e-01  2.253e-01  7.007e-01  
1.910e-01  7.839e-01  1.255e-01  
1.599e-01  3.280e-01  5.639e-01  
1.523e-01  5.781e-01  3.508e-01  
1.626e-01  1.144e-01  8.490e-01  
1.831e-01  9.472e-01  7.481e-02  
1.464e-01  3.879e-01  5.167e-01  
1.490e-01  6.410e-01  2.886e-01  
1.378e-01  1.709e-01  7.748e-01  
1.477e-01  8.464e-01  2.075e-01  
1.223e-01  2.816e-01  6.401e-01  
1.242e-01  5.247e-01  4.264e-01  
1.106e-01  5.478e-02  9.290e-01  
1.563e-01  1.339e+00  5.777e-02  
1.051e-01  4.338e-01  5.254e-01  
1.108e-01  8.102e-01  3.296e-01  
8.836e-02  2.054e-01  7.633e-01  
1.207e-01  1.215e+00  2.417e-01  
7.939e-02  3.167e-01  6.645e-01  
8.648e-02  5.749e-01  5.013e-01  
6.316e-02  8.276e-02  8.971e-01  
1.092e-01  1.592e+00  1.992e-01  
6.451e-02  3.367e-01  6.939e-01  
6.497e-02  9.054e-01  5.060e-01  
3.917e-02  1.498e-01  8.508e-01  
6.239e-02  1.388e+00  4.288e-01  
3.487e-02  2.530e-01  8.521e-01  
3.933e-02  2.517e-01  8.420e-01  
1.953e-02  2.576e-02  9.906e-01  
5.754e-02  2.810e+00  1.554e-01  
1.093e-02  2.114e-01  9.763e-01  
