8.333e-01  1.926e-01  1.941e-01  
4.252e-01  3.227e-01  4.342e-01  
5.816e-03  1.138e-02  1.012e+00  
8.333e-01  1.926e-01  1.941e-01  
9.881e-01  2.209e-01  8.191e-02  
5.871e-01  1.432e-01  4.067e-01  
1.027e+00  2.332e-01  4.212e-02  
7.296e-01  1.738e-01  2.814e-01  
9.146e-01  2.083e-01  1.305e-01  
3.986e-01  9.292e-02  6.155e-01  
7.711e-01  2.848e-01  2.892e-02  
8.085e-01  1.858e-01  2.353e-01  
7.246e-01  2.318e-01  1.135e-01  
5.223e-01  1.223e-01  5.121e-01  
7.133e-01  3.120e-01  7.984e-02  
6.320e-01  1.608e-01  3.408e-01  
6.560e-01  2.273e-01  1.822e-01  
3.021e-01  5.768e-02  7.663e-01  
7.516e-01  4.911e-01  2.427e-02  
6.093e-01  2.092e-01  2.380e-01  
6.560e-01  3.551e-01  1.448e-01  
5.474e-01  1.342e-01  4.502e-01  
6.899e-01  4.687e-01  9.677e-02  
5.628e-01  1.738e-01  3.268e-01  
5.888e-01  3.169e-01  2.230e-01  
3.490e-01  7.687e-02  6.837e-01  
7.037e-01  5.747e-01  7.314e-02  
5.238e-01  2.173e-01  3.242e-01  
5.869e-01  4.105e-01  2.220e-01  
4.984e-01  1.077e-01  5.523e-01  
6.312e-01  4.806e-01  1.660e-01  
4.703e-01  1.653e-01  4.074e-01  
5.207e-01  3.452e-01  3.097e-01  
1.763e-01  3.473e-02  8.764e-01  
7.409e-01  7.094e-01  2.482e-02  
4.866e-01  3.188e-01  3.546e-01  
5.803e-01  5.602e-01  2.296e-01  
4.143e-01  1.512e-01  4.744e-01  
6.453e-01  5.568e-01  1.469e-01  
4.226e-01  2.448e-01  4.390e-01  
5.028e-01  4.829e-01  3.322e-01  
3.610e-01  8.481e-02  6.470e-01  
6.808e-01  7.834e-01  1.032e-01  
4.156e-01  3.137e-01  4.479e-01  
5.082e-01  4.465e-01  3.249e-01  
3.474e-01  1.265e-01  5.655e-01  
5.690e-01  5.710e-01  2.444e-01  
3.535e-01  2.173e-01  5.305e-01  
4.279e-01  3.321e-01  4.312e-01  
2.188e-01  4.698e-02  8.193e-01  
6.935e-01  6.786e-01  8.420e-02  
3.741e-01  2.714e-01  5.029e-01  
4.781e-01  4.051e-01  3.647e-01  
2.920e-01  1.537e-01  6.149e-01  
5.533e-01  5.411e-01  2.654e-01  
3.106e-01  1.897e-01  5.885e-01  
3.890e-01  2.916e-01  4.827e-01  
2.623e-01  6.876e-02  7.388e-01  
5.934e-01  5.421e-01  2.118e-01  
3.015e-01  2.362e-01  6.001e-01  
3.914e-01  2.852e-01  4.797e-01  
2.302e-01  1.189e-01  6.946e-01  
4.553e-01  3.373e-01  3.948e-01  
2.430e-01  1.361e-01  6.774e-01  
3.081e-01  2.241e-01  5.913e-01  
1.040e-01  2.158e-02  9.420e-01  
7.342e-01  7.603e-01  3.425e-02  
2.782e-01  2.062e-01  6.308e-01  
3.937e-01  2.828e-01  4.767e-01  
1.997e-01  1.352e-01  7.352e-01  
4.960e-01  4.189e-01  3.412e-01  
2.133e-01  1.288e-01  7.168e-01  
2.884e-01  2.076e-01  6.174e-01  
1.548e-01  1.099e-01  7.945e-01  
5.642e-01  5.454e-01  2.508e-01  
1.997e-01  1.352e-01  7.352e-01  
2.850e-01  2.032e-01  6.217e-01  
1.396e-01  1.142e-01  8.149e-01  
3.552e-01  2.441e-01  5.283e-01  
1.455e-01  1.094e-01  8.070e-01  
1.957e-01  1.306e-01  7.404e-01  
1.018e-01  5.663e-02  8.694e-01  
5.818e-01  5.637e-01  2.272e-01  
1.455e-01  1.094e-01  8.070e-01  
2.208e-01  1.384e-01  7.084e-01  
9.373e-02  1.031e-01  8.759e-01  
2.889e-01  2.160e-01  6.166e-01  
9.410e-02  1.035e-01  8.753e-01  
1.299e-01  1.292e-01  8.281e-01  
5.989e-02  8.877e-02  9.217e-01  
3.059e-01  2.016e-01  5.950e-01  
7.112e-02  1.076e-01  9.062e-01  
1.012e-01  1.129e-01  8.663e-01  
4.000e-02  1.424e-01  9.480e-01  
1.112e-01  1.423e-01  8.535e-01  
3.261e-02  1.250e-01  9.579e-01  
3.775e-02  1.250e-01  9.511e-01  
1.443e-02  3.072e-02  9.910e-01  
2.295e-01  1.785e-01  6.953e-01  
6.120e-03  1.394e-01  9.937e-01  
