9.703e-01  2.098e-01  1.965e-01  
8.890e-02  3.229e+00  8.533e-02  
2.065e-02  2.915e-02  1.030e+00  
9.703e-01  2.098e-01  1.965e-01  
1.167e+00  2.506e-01  8.305e-02  
6.503e-01  1.572e-01  4.035e-01  
1.165e+00  2.622e-01  4.448e-02  
8.276e-01  1.874e-01  2.806e-01  
1.041e+00  2.300e-01  1.352e-01  
4.200e-01  1.112e-01  6.232e-01  
8.696e-01  3.349e-01  3.440e-02  
9.193e-01  2.005e-01  2.345e-01  
8.011e-01  2.771e-01  1.277e-01  
5.738e-01  1.368e-01  4.875e-01  
7.802e-01  3.494e-01  8.137e-02  
7.418e-01  1.756e-01  3.401e-01  
7.126e-01  2.618e-01  1.985e-01  
2.673e-01  7.705e-02  7.649e-01  
7.613e-01  5.091e-01  2.783e-02  
6.615e-01  2.361e-01  2.549e-01  
6.661e-01  3.669e-01  1.486e-01  
6.030e-01  1.480e-01  4.435e-01  
6.950e-01  4.909e-01  9.963e-02  
6.145e-01  2.022e-01  3.498e-01  
6.041e-01  3.298e-01  2.259e-01  
3.589e-01  9.559e-02  6.848e-01  
7.110e-01  6.235e-01  7.585e-02  
5.440e-01  2.490e-01  3.402e-01  
5.960e-01  4.225e-01  2.225e-01  
5.023e-01  1.251e-01  5.369e-01  
6.354e-01  5.769e-01  1.674e-01  
4.974e-01  1.896e-01  4.276e-01  
5.301e-01  3.605e-01  3.093e-01  
1.547e-01  5.573e-02  8.686e-01  
7.496e-01  8.296e-01  2.931e-02  
4.971e-01  3.444e-01  3.539e-01  
5.867e-01  5.544e-01  2.286e-01  
4.423e-01  1.682e-01  4.972e-01  
6.481e-01  6.281e-01  1.500e-01  
4.347e-01  2.617e-01  4.383e-01  
5.097e-01  5.044e-01  3.302e-01  
3.734e-01  1.045e-01  6.571e-01  
6.879e-01  7.341e-01  1.050e-01  
4.252e-01  3.411e-01  4.446e-01  
5.153e-01  4.767e-01  3.225e-01  
3.505e-01  1.467e-01  5.882e-01  
5.752e-01  5.642e-01  2.441e-01  
3.649e-01  2.313e-01  5.268e-01  
4.378e-01  3.578e-01  4.281e-01  
1.778e-01  6.708e-02  8.162e-01  
5.676e-01  1.263e+00  7.355e-02  
3.858e-01  3.290e-01  4.980e-01  
2.918e-01  7.891e-01  3.367e-01  
3.056e-01  1.751e-01  6.084e-01  
3.800e-01  9.932e-01  2.114e-01  
3.226e-01  2.211e-01  5.848e-01  
2.126e-01  6.289e-01  4.535e-01  
2.640e-01  8.796e-02  7.415e-01  
4.007e-01  1.142e+00  1.508e-01  
3.146e-01  2.387e-01  5.972e-01  
2.012e-01  7.063e-01  3.954e-01  
2.462e-01  1.398e-01  6.976e-01  
3.123e-01  8.869e-01  2.735e-01  
2.563e-01  1.607e-01  6.791e-01  
1.425e-01  5.539e-01  5.093e-01  
9.158e-02  4.090e-02  9.405e-01  
3.576e-01  1.621e+00  2.548e-02  
1.357e-01  5.286e-01  5.313e-01  
2.533e-01  8.647e-01  3.068e-01  
2.151e-01  1.435e-01  7.379e-01  
2.700e-01  1.150e+00  1.865e-01  
9.726e-02  3.944e-01  6.477e-01  
1.956e-01  6.772e-01  4.182e-01  
1.691e-01  1.066e-01  8.113e-01  
2.668e-01  1.433e+00  1.201e-01  
1.186e-01  4.593e-01  5.892e-01  
1.759e-01  7.764e-01  3.721e-01  
4.318e-02  2.037e-01  8.270e-01  
1.842e-01  1.038e+00  2.638e-01  
7.417e-02  3.306e-01  7.071e-01  
1.411e-01  6.058e-01  4.800e-01  
1.204e-01  5.283e-02  8.950e-01  
2.024e-01  1.726e+00  7.878e-02  
1.165e-01  4.946e-01  5.621e-01  
1.259e-01  8.744e-01  3.624e-01  
4.693e-02  2.358e-01  7.959e-01  
1.322e-01  1.252e+00  2.550e-01  
7.924e-02  3.612e-01  6.770e-01  
8.789e-02  6.837e-01  4.790e-01  
3.705e-02  1.126e-01  9.220e-01  
1.165e-01  1.682e+00  2.044e-01  
6.570e-02  4.358e-01  6.319e-01  
6.618e-02  8.174e-01  4.585e-01  
3.605e-02  1.738e-01  8.574e-01  
6.445e-02  1.251e+00  3.696e-01  
4.117e-02  2.966e-01  7.464e-01  
3.946e-02  6.339e-01  5.848e-01  
2.820e-02  4.943e-02  9.990e-01  
7.456e-02  2.415e+00  1.805e-01  
2.187e-02  9.827e-02  9.627e-01  
