6.488e-01  4.285e-01  4.287e-01  
4.933e-03  1.040e+00  4.647e-03  
1.665e-03  1.530e-03  1.011e+00  
6.488e-01  4.285e-01  4.287e-01  
9.225e-01  5.999e-01  2.005e-01  
6.690e-01  2.315e-01  6.945e-01  
8.880e-01  6.773e-01  9.707e-02  
6.215e-01  3.333e-01  5.579e-01  
7.811e-01  5.173e-01  3.105e-01  
3.016e-01  1.200e-01  8.428e-01  
7.484e-01  7.139e-01  4.828e-02  
7.646e-01  3.819e-01  4.911e-01  
5.408e-01  5.592e-01  2.546e-01  
5.345e-01  1.764e-01  7.658e-01  
5.453e-01  6.391e-01  1.481e-01  
6.739e-01  2.833e-01  6.231e-01  
5.449e-01  4.737e-01  3.686e-01  
7.279e-01  6.179e-02  9.196e-01  
5.146e-01  7.320e-01  2.435e-02  
8.381e-01  4.054e-01  4.595e-01  
4.878e-01  5.797e-01  2.273e-01  
5.768e-01  2.038e-01  7.293e-01  
6.484e-01  6.582e-01  1.225e-01  
2.032e-01  3.076e-01  5.917e-01  
4.233e-01  4.958e-01  3.397e-01  
6.401e-01  9.136e-02  8.800e-01  
5.025e-01  6.957e-01  7.265e-02  
3.155e-01  3.583e-01  5.234e-01  
4.654e-01  5.384e-01  2.824e-01  
7.379e-01  1.487e-01  8.036e-01  
4.153e-01  6.196e-01  1.741e-01  
2.233e-01  2.572e-01  6.590e-01  
3.982e-01  4.513e-01  3.984e-01  
5.269e-01  3.145e-02  9.603e-01  
4.742e-01  7.411e-01  1.236e-02  
3.174e-01  4.170e-01  4.441e-01  
3.089e-01  5.898e-01  2.139e-01  
3.875e-01  2.176e-01  7.119e-01  
3.888e-01  6.678e-01  1.098e-01  
3.125e-01  3.215e-01  5.754e-01  
3.195e-01  5.065e-01  3.249e-01  
2.651e-01  1.059e-01  8.622e-01  
3.972e-01  7.050e-01  6.025e-02  
3.222e-01  3.700e-01  5.069e-01  
4.039e-01  5.489e-01  2.682e-01  
1.282e-01  1.626e-01  7.850e-01  
3.752e-01  6.294e-01  1.610e-01  
3.157e-01  2.699e-01  6.407e-01  
3.772e-01  4.625e-01  3.835e-01  
4.038e-01  4.621e-02  9.401e-01  
3.089e-01  7.232e-01  3.614e-02  
2.776e-01  3.938e-01  4.753e-01  
3.099e-01  5.695e-01  2.408e-01  
2.214e-01  1.899e-01  7.481e-01  
2.779e-01  6.491e-01  1.351e-01  
1.723e-01  2.953e-01  6.072e-01  
2.673e-01  4.849e-01  3.541e-01  
1.138e-01  7.673e-02  9.011e-01  
2.476e-01  6.871e-01  8.481e-02  
2.743e-01  3.451e-01  5.411e-01  
2.305e-01  5.279e-01  2.964e-01  
1.579e-01  1.346e-01  8.220e-01  
2.211e-01  6.096e-01  1.895e-01  
2.386e-01  2.440e-01  6.757e-01  
2.116e-01  4.401e-01  4.135e-01  
2.066e-01  1.601e-02  9.805e-01  
1.298e-01  9.799e-01  7.735e-03  
1.831e-01  4.246e-01  4.356e-01  
1.858e-01  6.291e-01  2.233e-01  
1.458e-01  2.245e-01  7.043e-01  
1.718e-01  7.749e-01  1.174e-01  
1.493e-01  3.269e-01  5.663e-01  
1.603e-01  5.382e-01  3.369e-01  
1.203e-01  1.126e-01  8.517e-01  
1.309e-01  8.477e-01  6.394e-02  
1.374e-01  3.766e-01  5.033e-01  
1.328e-01  6.201e-01  2.969e-01  
1.185e-01  1.695e-01  7.753e-01  
1.224e-01  7.367e-01  1.757e-01  
1.152e-01  2.769e-01  6.333e-01  
1.126e-01  5.268e-01  4.269e-01  
9.579e-02  5.432e-02  9.297e-01  
1.007e-01  9.221e-01  3.218e-02  
9.296e-02  4.412e-01  5.183e-01  
8.720e-02  6.818e-01  2.781e-01  
7.495e-02  1.943e-01  7.428e-01  
7.522e-02  8.057e-01  1.584e-01  
6.647e-02  3.231e-01  6.460e-01  
6.313e-02  5.687e-01  4.019e-01  
5.819e-02  8.378e-02  8.908e-01  
5.250e-02  8.742e-01  9.811e-02  
4.761e-02  3.919e-01  5.975e-01  
3.652e-02  6.554e-01  3.596e-01  
3.753e-02  1.487e-01  8.640e-01  
3.144e-02  7.941e-01  2.278e-01  
2.590e-02  2.817e-01  7.503e-01  
1.977e-02  5.292e-01  4.816e-01  
1.250e-02  2.344e-02  9.748e-01  
6.869e-03  9.999e-01  2.156e-02  
5.923e-03  2.210e-02  9.941e-01  
