2.256e+00  2.957e-01  
4.573e-01  3.405e+00  
2.217e+00  3.044e-01  
2.186e+00  3.220e-01  
2.164e+00  3.393e-01  
2.146e+00  3.578e-01  
2.133e+00  3.759e-01  
2.122e+00  3.941e-01  
2.109e+00  4.121e-01  
2.099e+00  4.287e-01  
2.088e+00  4.499e-01  
2.079e+00  4.661e-01  
2.069e+00  4.888e-01  
2.060e+00  5.075e-01  
2.051e+00  5.236e-01  
2.043e+00  5.474e-01  
2.035e+00  5.678e-01  
2.026e+00  5.898e-01  
2.018e+00  6.087e-01  
2.010e+00  6.318e-01  
2.000e+00  6.541e-01  
1.993e+00  6.744e-01  
1.985e+00  6.945e-01  
1.976e+00  7.149e-01  
1.966e+00  7.434e-01  
1.957e+00  7.684e-01  
1.946e+00  7.913e-01  
1.938e+00  8.131e-01  
1.927e+00  8.385e-01  
1.918e+00  8.647e-01  
1.906e+00  8.880e-01  
1.894e+00  9.131e-01  
1.883e+00  9.392e-01  
1.870e+00  9.639e-01  
1.855e+00  9.879e-01  
1.841e+00  1.013e+00  
1.823e+00  1.037e+00  
1.802e+00  1.058e+00  
1.776e+00  1.078e+00  
1.741e+00  1.092e+00  
1.686e+00  1.097e+00  
1.643e+00  1.098e+00  
1.609e+00  1.105e+00  
1.581e+00  1.121e+00  
1.560e+00  1.136e+00  
1.542e+00  1.158e+00  
1.526e+00  1.183e+00  
1.510e+00  1.207e+00  
1.498e+00  1.235e+00  
1.482e+00  1.260e+00  
1.471e+00  1.287e+00  
1.459e+00  1.316e+00  
1.447e+00  1.346e+00  
1.436e+00  1.377e+00  
1.423e+00  1.411e+00  
1.411e+00  1.438e+00  
1.400e+00  1.471e+00  
1.385e+00  1.510e+00  
1.375e+00  1.544e+00  
1.363e+00  1.580e+00  
1.350e+00  1.616e+00  
1.337e+00  1.653e+00  
1.321e+00  1.692e+00  
1.306e+00  1.726e+00  
1.289e+00  1.761e+00  
1.273e+00  1.798e+00  
1.254e+00  1.830e+00  
1.232e+00  1.857e+00  
1.207e+00  1.878e+00  
1.176e+00  1.894e+00  
1.134e+00  1.897e+00  
1.106e+00  1.898e+00  
1.079e+00  1.902e+00  
1.054e+00  1.911e+00  
1.032e+00  1.930e+00  
1.011e+00  1.956e+00  
9.911e-01  1.987e+00  
9.737e-01  2.028e+00  
9.551e-01  2.070e+00  
9.393e-01  2.118e+00  
9.228e-01  2.167e+00  
9.059e-01  2.225e+00  
8.887e-01  2.280e+00  
8.718e-01  2.344e+00  
8.525e-01  2.404e+00  
8.348e-01  2.470e+00  
8.144e-01  2.532e+00  
7.924e-01  2.589e+00  
7.686e-01  2.640e+00  
7.430e-01  2.676e+00  
7.147e-01  2.695e+00  
6.694e-01  2.697e+00  
6.560e-01  2.699e+00  
6.279e-01  2.714e+00  
6.033e-01  2.751e+00  
5.784e-01  2.815e+00  
5.539e-01  2.909e+00  
5.290e-01  3.032e+00  
5.020e-01  3.186e+00  
4.728e-01  3.344e+00  
