2.294e+00  3.356e-01  
4.450e-01  3.540e+00  
2.261e+00  3.448e-01  
2.227e+00  3.630e-01  
2.205e+00  3.812e-01  
2.186e+00  3.990e-01  
2.175e+00  4.185e-01  
2.160e+00  4.367e-01  
2.148e+00  4.533e-01  
2.137e+00  4.755e-01  
2.125e+00  4.946e-01  
2.118e+00  5.134e-01  
2.108e+00  5.331e-01  
2.097e+00  5.538e-01  
2.088e+00  5.755e-01  
2.080e+00  5.958e-01  
2.072e+00  6.173e-01  
2.060e+00  6.390e-01  
2.054e+00  6.605e-01  
2.048e+00  6.837e-01  
2.036e+00  7.049e-01  
2.028e+00  7.287e-01  
2.019e+00  7.511e-01  
2.010e+00  7.757e-01  
2.001e+00  7.965e-01  
1.992e+00  8.227e-01  
1.982e+00  8.484e-01  
1.972e+00  8.731e-01  
1.961e+00  8.978e-01  
1.950e+00  9.220e-01  
1.939e+00  9.484e-01  
1.926e+00  9.716e-01  
1.914e+00  9.987e-01  
1.899e+00  1.023e+00  
1.884e+00  1.048e+00  
1.867e+00  1.072e+00  
1.846e+00  1.095e+00  
1.819e+00  1.116e+00  
1.786e+00  1.132e+00  
1.712e+00  1.137e+00  
1.686e+00  1.139e+00  
1.646e+00  1.148e+00  
1.620e+00  1.161e+00  
1.598e+00  1.182e+00  
1.578e+00  1.204e+00  
1.563e+00  1.226e+00  
1.547e+00  1.251e+00  
1.534e+00  1.279e+00  
1.520e+00  1.305e+00  
1.507e+00  1.333e+00  
1.495e+00  1.365e+00  
1.483e+00  1.394e+00  
1.472e+00  1.427e+00  
1.459e+00  1.457e+00  
1.448e+00  1.493e+00  
1.435e+00  1.526e+00  
1.423e+00  1.561e+00  
1.410e+00  1.598e+00  
1.398e+00  1.633e+00  
1.383e+00  1.669e+00  
1.370e+00  1.703e+00  
1.356e+00  1.743e+00  
1.340e+00  1.780e+00  
1.323e+00  1.817e+00  
1.305e+00  1.850e+00  
1.284e+00  1.882e+00  
1.261e+00  1.906e+00  
1.233e+00  1.927e+00  
1.195e+00  1.936e+00  
1.159e+00  1.938e+00  
1.135e+00  1.940e+00  
1.105e+00  1.946e+00  
1.078e+00  1.963e+00  
1.057e+00  1.989e+00  
1.037e+00  2.017e+00  
1.017e+00  2.055e+00  
9.994e-01  2.096e+00  
9.833e-01  2.143e+00  
9.668e-01  2.191e+00  
9.509e-01  2.248e+00  
9.339e-01  2.303e+00  
9.172e-01  2.363e+00  
9.000e-01  2.429e+00  
8.809e-01  2.489e+00  
8.616e-01  2.553e+00  
8.406e-01  2.615e+00  
8.171e-01  2.669e+00  
7.915e-01  2.708e+00  
7.632e-01  2.731e+00  
7.204e-01  2.737e+00  
7.023e-01  2.739e+00  
6.720e-01  2.751e+00  
6.472e-01  2.782e+00  
6.226e-01  2.843e+00  
5.989e-01  2.930e+00  
5.744e-01  3.042e+00  
5.502e-01  3.175e+00  
5.232e-01  3.324e+00  
4.936e-01  3.462e+00  
4.610e-01  3.533e+00  
