2.618e+00  6.933e-01  
1.814e+00  1.855e+00  
2.592e+00  6.971e-01  
2.579e+00  7.049e-01  
2.564e+00  7.116e-01  
2.554e+00  7.204e-01  
2.546e+00  7.283e-01  
2.538e+00  7.358e-01  
2.531e+00  7.435e-01  
2.526e+00  7.523e-01  
2.518e+00  7.602e-01  
2.515e+00  7.676e-01  
2.507e+00  7.762e-01  
2.502e+00  7.842e-01  
2.495e+00  7.929e-01  
2.492e+00  8.001e-01  
2.486e+00  8.100e-01  
2.480e+00  8.182e-01  
2.476e+00  8.269e-01  
2.472e+00  8.359e-01  
2.467e+00  8.451e-01  
2.463e+00  8.544e-01  
2.459e+00  8.638e-01  
2.455e+00  8.721e-01  
2.448e+00  8.793e-01  
2.445e+00  8.924e-01  
2.440e+00  9.023e-01  
2.436e+00  9.110e-01  
2.432e+00  9.209e-01  
2.428e+00  9.322e-01  
2.423e+00  9.423e-01  
2.419e+00  9.534e-01  
2.415e+00  9.618e-01  
2.410e+00  9.740e-01  
2.406e+00  9.859e-01  
2.401e+00  9.969e-01  
2.398e+00  1.008e+00  
2.394e+00  1.020e+00  
2.389e+00  1.033e+00  
2.383e+00  1.046e+00  
2.379e+00  1.058e+00  
2.374e+00  1.067e+00  
2.368e+00  1.083e+00  
2.364e+00  1.096e+00  
2.358e+00  1.109e+00  
2.354e+00  1.123e+00  
2.348e+00  1.137e+00  
2.343e+00  1.150e+00  
2.337e+00  1.164e+00  
2.331e+00  1.179e+00  
2.325e+00  1.192e+00  
2.319e+00  1.208e+00  
2.313e+00  1.222e+00  
2.307e+00  1.238e+00  
2.300e+00  1.252e+00  
2.294e+00  1.267e+00  
2.286e+00  1.283e+00  
2.279e+00  1.299e+00  
2.271e+00  1.314e+00  
2.264e+00  1.330e+00  
2.255e+00  1.345e+00  
2.247e+00  1.360e+00  
2.238e+00  1.374e+00  
2.226e+00  1.390e+00  
2.219e+00  1.404e+00  
2.209e+00  1.417e+00  
2.197e+00  1.430e+00  
2.186e+00  1.441e+00  
2.174e+00  1.451e+00  
2.162e+00  1.461e+00  
2.148e+00  1.467e+00  
2.135e+00  1.473e+00  
2.119e+00  1.477e+00  
2.105e+00  1.480e+00  
2.087e+00  1.481e+00  
2.067e+00  1.482e+00  
2.062e+00  1.482e+00  
2.048e+00  1.482e+00  
2.033e+00  1.483e+00  
2.020e+00  1.487e+00  
2.011e+00  1.489e+00  
2.000e+00  1.492e+00  
1.985e+00  1.500e+00  
1.974e+00  1.504e+00  
1.968e+00  1.509e+00  
1.958e+00  1.519e+00  
1.946e+00  1.531e+00  
1.936e+00  1.542e+00  
1.928e+00  1.549e+00  
1.919e+00  1.569e+00  
1.910e+00  1.585e+00  
1.900e+00  1.609e+00  
1.891e+00  1.623e+00  
1.881e+00  1.648e+00  
1.872e+00  1.660e+00  
1.859e+00  1.696e+00  
1.847e+00  1.737e+00  
1.839e+00  1.760e+00  
1.831e+00  1.803e+00  
1.819e+00  1.835e+00  
