2.754e+00  9.717e-01  9.619e-01  
1.307e+00  2.649e+00  9.952e-01  
1.458e+00  1.157e+00  3.373e+00  
2.517e+00  1.017e+00  1.010e+00  
2.376e+00  1.089e+00  9.985e-01  
2.442e+00  1.027e+00  1.129e+00  
2.247e+00  1.171e+00  9.902e-01  
2.322e+00  1.079e+00  1.131e+00  
2.219e+00  1.156e+00  1.071e+00  
2.402e+00  1.021e+00  1.299e+00  
2.121e+00  1.276e+00  9.815e-01  
2.201e+00  1.141e+00  1.180e+00  
2.112e+00  1.234e+00  1.080e+00  
2.288e+00  1.064e+00  1.361e+00  
2.053e+00  1.303e+00  1.038e+00  
2.187e+00  1.131e+00  1.313e+00  
2.075e+00  1.239e+00  1.166e+00  
2.354e+00  1.013e+00  1.595e+00  
1.974e+00  1.423e+00  9.756e-01  
2.067e+00  1.231e+00  1.252e+00  
1.980e+00  1.347e+00  1.106e+00  
2.161e+00  1.122e+00  1.476e+00  
1.930e+00  1.421e+00  1.045e+00  
2.064e+00  1.202e+00  1.403e+00  
1.959e+00  1.335e+00  1.206e+00  
2.226e+00  1.055e+00  1.760e+00  
1.876e+00  1.499e+00  1.014e+00  
1.989e+00  1.266e+00  1.388e+00  
1.899e+00  1.402e+00  1.178e+00  
2.121e+00  1.115e+00  1.742e+00  
1.855e+00  1.487e+00  1.103e+00  
2.010e+00  1.217e+00  1.585e+00  
1.893e+00  1.376e+00  1.318e+00  
2.212e+00  1.008e+00  2.122e+00  
1.801e+00  1.658e+00  9.726e-01  
1.878e+00  1.374e+00  1.390e+00  
1.803e+00  1.526e+00  1.160e+00  
1.979e+00  1.215e+00  1.761e+00  
1.762e+00  1.617e+00  1.067e+00  
1.891e+00  1.323e+00  1.583e+00  
1.794e+00  1.494e+00  1.293e+00  
2.020e+00  1.110e+00  2.096e+00  
1.722e+00  1.705e+00  1.021e+00  
1.831e+00  1.401e+00  1.547e+00  
1.744e+00  1.570e+00  1.249e+00  
1.936e+00  1.193e+00  2.029e+00  
1.704e+00  1.669e+00  1.137e+00  
1.846e+00  1.329e+00  1.803e+00  
1.743e+00  1.530e+00  1.425e+00  
1.900e+00  1.038e+00  2.313e+00  
1.661e+00  1.829e+00  1.003e+00  
1.746e+00  1.492e+00  1.580e+00  
1.671e+00  1.675e+00  1.255e+00  
1.825e+00  1.262e+00  2.102e+00  
1.637e+00  1.783e+00  1.128e+00  
1.758e+00  1.415e+00  1.870e+00  
1.668e+00  1.630e+00  1.442e+00  
1.790e+00  1.092e+00  2.385e+00  
1.601e+00  1.879e+00  1.060e+00  
1.697e+00  1.507e+00  1.795e+00  
1.622e+00  1.719e+00  1.383e+00  
1.708e+00  1.184e+00  2.264e+00  
1.584e+00  1.836e+00  1.225e+00  
1.693e+00  1.392e+00  2.122e+00  
1.617e+00  1.668e+00  1.608e+00  
1.816e+00  1.005e+00  3.129e+00  
1.549e+00  2.094e+00  9.714e-01  
1.594e+00  1.680e+00  1.693e+00  
1.541e+00  1.891e+00  1.281e+00  
1.605e+00  1.355e+00  2.177e+00  
1.511e+00  2.017e+00  1.122e+00  
1.591e+00  1.587e+00  2.024e+00  
1.530e+00  1.849e+00  1.489e+00  
1.605e+00  1.197e+00  2.658e+00  
1.479e+00  2.136e+00  1.047e+00  
1.541e+00  1.703e+00  1.940e+00  
1.487e+00  1.953e+00  1.423e+00  
1.536e+00  1.308e+00  2.499e+00  
1.457e+00  2.083e+00  1.230e+00  
1.491e+00  1.504e+00  2.180e+00  
1.470e+00  1.898e+00  1.702e+00  
1.552e+00  1.105e+00  3.334e+00  
1.417e+00  2.304e+00  1.014e+00  
1.454e+00  1.840e+00  1.975e+00  
1.416e+00  2.100e+00  1.421e+00  
1.446e+00  1.400e+00  2.588e+00  
1.390e+00  2.247e+00  1.211e+00  
1.407e+00  1.607e+00  2.219e+00  
1.393e+00  2.063e+00  1.727e+00  
1.428e+00  1.195e+00  3.372e+00  
1.356e+00  2.388e+00  1.121e+00  
1.366e+00  1.771e+00  2.174e+00  
1.350e+00  2.196e+00  1.626e+00  
1.366e+00  1.368e+00  3.235e+00  
1.324e+00  2.370e+00  1.365e+00  
1.332e+00  1.617e+00  2.583e+00  
1.310e+00  2.156e+00  2.040e+00  
1.408e+00  1.215e+00  3.374e+00  
1.301e+00  2.616e+00  1.040e+00  
1.275e+00  1.931e+00  2.203e+00  
