2.309e+00  3.543e-01  
5.418e-01  3.359e+00  
2.273e+00  3.623e-01  
2.241e+00  3.802e-01  
2.221e+00  3.977e-01  
2.207e+00  4.141e-01  
2.190e+00  4.328e-01  
2.175e+00  4.510e-01  
2.164e+00  4.692e-01  
2.155e+00  4.837e-01  
2.146e+00  5.057e-01  
2.136e+00  5.254e-01  
2.128e+00  5.441e-01  
2.117e+00  5.616e-01  
2.108e+00  5.831e-01  
2.101e+00  6.029e-01  
2.093e+00  6.207e-01  
2.084e+00  6.432e-01  
2.076e+00  6.647e-01  
2.067e+00  6.857e-01  
2.060e+00  7.066e-01  
2.051e+00  7.278e-01  
2.043e+00  7.457e-01  
2.034e+00  7.714e-01  
2.027e+00  7.966e-01  
2.016e+00  8.197e-01  
2.009e+00  8.373e-01  
2.000e+00  8.668e-01  
1.991e+00  8.906e-01  
1.981e+00  9.155e-01  
1.970e+00  9.394e-01  
1.959e+00  9.638e-01  
1.947e+00  9.882e-01  
1.933e+00  1.008e+00  
1.920e+00  1.037e+00  
1.903e+00  1.062e+00  
1.888e+00  1.086e+00  
1.869e+00  1.108e+00  
1.845e+00  1.129e+00  
1.816e+00  1.145e+00  
1.773e+00  1.153e+00  
1.722e+00  1.155e+00  
1.683e+00  1.160e+00  
1.654e+00  1.171e+00  
1.628e+00  1.185e+00  
1.609e+00  1.205e+00  
1.591e+00  1.226e+00  
1.577e+00  1.250e+00  
1.562e+00  1.276e+00  
1.549e+00  1.301e+00  
1.536e+00  1.326e+00  
1.521e+00  1.353e+00  
1.512e+00  1.383e+00  
1.499e+00  1.415e+00  
1.488e+00  1.446e+00  
1.477e+00  1.473e+00  
1.466e+00  1.509e+00  
1.453e+00  1.544e+00  
1.439e+00  1.576e+00  
1.429e+00  1.612e+00  
1.417e+00  1.650e+00  
1.403e+00  1.685e+00  
1.389e+00  1.721e+00  
1.375e+00  1.758e+00  
1.360e+00  1.795e+00  
1.343e+00  1.828e+00  
1.325e+00  1.863e+00  
1.306e+00  1.891e+00  
1.284e+00  1.920e+00  
1.258e+00  1.940e+00  
1.229e+00  1.952e+00  
1.165e+00  1.956e+00  
1.165e+00  1.956e+00  
1.136e+00  1.960e+00  
1.109e+00  1.972e+00  
1.087e+00  1.991e+00  
1.067e+00  2.018e+00  
1.047e+00  2.049e+00  
1.029e+00  2.088e+00  
1.012e+00  2.131e+00  
9.956e-01  2.181e+00  
9.791e-01  2.235e+00  
9.620e-01  2.289e+00  
9.446e-01  2.348e+00  
9.279e-01  2.414e+00  
9.106e-01  2.478e+00  
8.915e-01  2.540e+00  
8.707e-01  2.605e+00  
8.475e-01  2.662e+00  
8.242e-01  2.710e+00  
7.970e-01  2.741e+00  
7.680e-01  2.755e+00  
7.401e-01  2.757e+00  
7.112e-01  2.760e+00  
6.841e-01  2.776e+00  
6.602e-01  2.816e+00  
6.357e-01  2.882e+00  
6.101e-01  2.983e+00  
5.842e-01  3.114e+00  
5.565e-01  3.279e+00  
