2.600e+00  6.729e-01  
1.785e+00  1.851e+00  
2.585e+00  6.750e-01  
2.560e+00  6.848e-01  
2.553e+00  6.924e-01  
2.538e+00  7.006e-01  
2.529e+00  7.087e-01  
2.521e+00  7.149e-01  
2.516e+00  7.240e-01  
2.508e+00  7.327e-01  
2.502e+00  7.410e-01  
2.496e+00  7.486e-01  
2.492e+00  7.566e-01  
2.486e+00  7.629e-01  
2.480e+00  7.730e-01  
2.474e+00  7.812e-01  
2.470e+00  7.917e-01  
2.464e+00  8.002e-01  
2.459e+00  8.086e-01  
2.455e+00  8.178e-01  
2.450e+00  8.267e-01  
2.445e+00  8.347e-01  
2.440e+00  8.451e-01  
2.435e+00  8.544e-01  
2.432e+00  8.653e-01  
2.427e+00  8.744e-01  
2.423e+00  8.852e-01  
2.418e+00  8.929e-01  
2.413e+00  9.052e-01  
2.409e+00  9.121e-01  
2.405e+00  9.250e-01  
2.401e+00  9.363e-01  
2.397e+00  9.459e-01  
2.392e+00  9.542e-01  
2.387e+00  9.696e-01  
2.382e+00  9.779e-01  
2.378e+00  9.909e-01  
2.373e+00  1.004e+00  
2.368e+00  1.016e+00  
2.363e+00  1.030e+00  
2.359e+00  1.041e+00  
2.354e+00  1.056e+00  
2.348e+00  1.067e+00  
2.342e+00  1.083e+00  
2.338e+00  1.088e+00  
2.333e+00  1.107e+00  
2.326e+00  1.119e+00  
2.321e+00  1.137e+00  
2.316e+00  1.149e+00  
2.308e+00  1.163e+00  
2.303e+00  1.178e+00  
2.297e+00  1.193e+00  
2.290e+00  1.206e+00  
2.283e+00  1.226e+00  
2.278e+00  1.241e+00  
2.271e+00  1.256e+00  
2.264e+00  1.270e+00  
2.257e+00  1.286e+00  
2.249e+00  1.303e+00  
2.239e+00  1.317e+00  
2.231e+00  1.334e+00  
2.222e+00  1.347e+00  
2.212e+00  1.361e+00  
2.204e+00  1.379e+00  
2.193e+00  1.391e+00  
2.183e+00  1.403e+00  
2.171e+00  1.416e+00  
2.159e+00  1.426e+00  
2.144e+00  1.437e+00  
2.134e+00  1.447e+00  
2.120e+00  1.451e+00  
2.104e+00  1.457e+00  
2.090e+00  1.459e+00  
2.072e+00  1.460e+00  
2.063e+00  1.461e+00  
2.041e+00  1.461e+00  
2.027e+00  1.461e+00  
2.011e+00  1.463e+00  
2.006e+00  1.464e+00  
1.996e+00  1.465e+00  
1.983e+00  1.472e+00  
1.968e+00  1.476e+00  
1.962e+00  1.481e+00  
1.950e+00  1.489e+00  
1.940e+00  1.501e+00  
1.930e+00  1.511e+00  
1.919e+00  1.520e+00  
1.911e+00  1.533e+00  
1.902e+00  1.540e+00  
1.892e+00  1.567e+00  
1.883e+00  1.576e+00  
1.873e+00  1.600e+00  
1.864e+00  1.620e+00  
1.854e+00  1.643e+00  
1.840e+00  1.671e+00  
1.834e+00  1.697e+00  
1.825e+00  1.727e+00  
1.814e+00  1.751e+00  
1.803e+00  1.806e+00  
1.788e+00  1.842e+00  
