2.143e+00  1.650e-01  
1.706e-01  4.098e+00  
2.087e+00  1.746e-01  
2.051e+00  1.940e-01  
2.029e+00  2.134e-01  
2.011e+00  2.330e-01  
1.997e+00  2.527e-01  
1.983e+00  2.726e-01  
1.971e+00  2.927e-01  
1.960e+00  3.131e-01  
1.949e+00  3.337e-01  
1.939e+00  3.546e-01  
1.929e+00  3.758e-01  
1.920e+00  3.973e-01  
1.910e+00  4.191e-01  
1.901e+00  4.413e-01  
1.892e+00  4.636e-01  
1.883e+00  4.864e-01  
1.873e+00  5.096e-01  
1.864e+00  5.330e-01  
1.855e+00  5.568e-01  
1.846e+00  5.809e-01  
1.836e+00  6.054e-01  
1.826e+00  6.302e-01  
1.816e+00  6.553e-01  
1.806e+00  6.807e-01  
1.796e+00  7.065e-01  
1.784e+00  7.325e-01  
1.773e+00  7.587e-01  
1.760e+00  7.851e-01  
1.747e+00  8.115e-01  
1.733e+00  8.378e-01  
1.717e+00  8.639e-01  
1.700e+00  8.894e-01  
1.680e+00  9.137e-01  
1.655e+00  9.360e-01  
1.623e+00  9.542e-01  
1.577e+00  9.640e-01  
1.519e+00  9.653e-01  
1.475e+00  9.737e-01  
1.445e+00  9.898e-01  
1.422e+00  1.010e+00  
1.403e+00  1.033e+00  
1.386e+00  1.058e+00  
1.370e+00  1.084e+00  
1.356e+00  1.111e+00  
1.343e+00  1.140e+00  
1.330e+00  1.170e+00  
1.317e+00  1.200e+00  
1.305e+00  1.232e+00  
1.293e+00  1.264e+00  
1.280e+00  1.298e+00  
1.268e+00  1.332e+00  
1.256e+00  1.367e+00  
1.243e+00  1.403e+00  
1.231e+00  1.439e+00  
1.217e+00  1.477e+00  
1.203e+00  1.514e+00  
1.189e+00  1.552e+00  
1.173e+00  1.589e+00  
1.157e+00  1.626e+00  
1.138e+00  1.661e+00  
1.118e+00  1.694e+00  
1.095e+00  1.723e+00  
1.069e+00  1.747e+00  
1.037e+00  1.761e+00  
1.001e+00  1.765e+00  
9.644e-01  1.765e+00  
9.318e-01  1.772e+00  
9.043e-01  1.789e+00  
8.808e-01  1.815e+00  
8.602e-01  1.847e+00  
8.414e-01  1.885e+00  
8.238e-01  1.928e+00  
8.070e-01  1.975e+00  
7.906e-01  2.026e+00  
7.744e-01  2.080e+00  
7.581e-01  2.138e+00  
7.415e-01  2.197e+00  
7.242e-01  2.259e+00  
7.061e-01  2.322e+00  
6.867e-01  2.384e+00  
6.655e-01  2.443e+00  
6.421e-01  2.496e+00  
6.157e-01  2.536e+00  
5.860e-01  2.559e+00  
5.536e-01  2.565e+00  
5.214e-01  2.567e+00  
4.917e-01  2.583e+00  
4.653e-01  2.624e+00  
4.413e-01  2.690e+00  
4.186e-01  2.780e+00  
3.962e-01  2.891e+00  
3.730e-01  3.020e+00  
3.481e-01  3.157e+00  
3.202e-01  3.281e+00  
2.884e-01  3.355e+00  
2.540e-01  3.365e+00  
2.210e-01  3.432e+00  
1.887e-01  3.775e+00  
