2.555e+00  7.384e-01  7.326e-01  
7.630e-01  3.994e+00  7.353e-01  
7.956e-01  7.717e-01  5.539e+00  
2.271e+00  7.964e-01  7.789e-01  
2.105e+00  8.817e-01  7.756e-01  
2.186e+00  8.060e-01  9.363e-01  
1.965e+00  9.827e-01  7.669e-01  
2.047e+00  8.692e-01  9.374e-01  
1.933e+00  9.669e-01  8.610e-01  
2.145e+00  7.985e-01  1.149e+00  
1.812e+00  1.117e+00  7.550e-01  
1.907e+00  9.483e-01  9.980e-01  
1.819e+00  1.066e+00  8.821e-01  
2.009e+00  8.523e-01  1.229e+00  
1.742e+00  1.157e+00  8.208e-01  
1.899e+00  9.372e-01  1.167e+00  
1.770e+00  1.076e+00  9.903e-01  
2.096e+00  7.896e-01  1.518e+00  
1.653e+00  1.310e+00  7.481e-01  
1.756e+00  1.065e+00  1.102e+00  
1.660e+00  1.216e+00  9.145e-01  
1.870e+00  9.251e-01  1.404e+00  
1.600e+00  1.314e+00  8.366e-01  
1.761e+00  1.033e+00  1.292e+00  
1.640e+00  1.198e+00  1.029e+00  
1.928e+00  8.363e-01  1.726e+00  
1.538e+00  1.415e+00  8.019e-01  
1.674e+00  1.110e+00  1.273e+00  
1.567e+00  1.293e+00  1.021e+00  
1.804e+00  9.172e-01  1.684e+00  
1.512e+00  1.407e+00  9.172e-01  
1.699e+00  1.047e+00  1.527e+00  
1.564e+00  1.255e+00  1.191e+00  
1.801e+00  7.792e-01  2.005e+00  
1.441e+00  1.625e+00  7.443e-01  
1.546e+00  1.261e+00  1.273e+00  
1.451e+00  1.456e+00  9.882e-01  
1.654e+00  1.046e+00  1.737e+00  
1.399e+00  1.581e+00  8.661e-01  
1.551e+00  1.191e+00  1.537e+00  
1.440e+00  1.422e+00  1.166e+00  
1.586e+00  8.912e-01  1.989e+00  
1.351e+00  1.698e+00  8.074e-01  
1.485e+00  1.295e+00  1.488e+00  
1.381e+00  1.527e+00  1.115e+00  
1.516e+00  9.869e-01  1.952e+00  
1.332e+00  1.662e+00  9.650e-01  
1.493e+00  1.199e+00  1.807e+00  
1.381e+00  1.473e+00  1.327e+00  
1.568e+00  8.228e-01  2.457e+00  
1.269e+00  1.871e+00  7.864e-01  
1.384e+00  1.420e+00  1.550e+00  
1.297e+00  1.678e+00  1.129e+00  
1.383e+00  1.061e+00  2.018e+00  
1.249e+00  1.823e+00  9.553e-01  
1.383e+00  1.303e+00  1.885e+00  
1.291e+00  1.623e+00  1.369e+00  
1.434e+00  8.950e-01  2.562e+00  
1.201e+00  1.956e+00  8.650e-01  
1.320e+00  1.441e+00  1.824e+00  
1.231e+00  1.744e+00  1.297e+00  
1.331e+00  1.015e+00  2.428e+00  
1.183e+00  1.906e+00  1.074e+00  
1.244e+00  1.221e+00  2.070e+00  
1.227e+00  1.679e+00  1.615e+00  
1.366e+00  7.757e-01  3.155e+00  
1.129e+00  2.286e+00  7.440e-01  
1.199e+00  1.692e+00  1.702e+00  
1.133e+00  2.009e+00  1.166e+00  
1.193e+00  1.240e+00  2.285e+00  
1.091e+00  2.190e+00  9.512e-01  
1.139e+00  1.466e+00  1.987e+00  
1.119e+00  1.956e+00  1.412e+00  
1.205e+00  1.036e+00  2.999e+00  
1.048e+00  2.363e+00  8.534e-01  
1.075e+00  1.658e+00  1.951e+00  
1.064e+00  2.120e+00  1.381e+00  
1.128e+00  1.205e+00  2.825e+00  
1.023e+00  2.319e+00  1.087e+00  
1.062e+00  1.460e+00  2.349e+00  
1.040e+00  2.033e+00  1.780e+00  
1.086e+00  8.966e-01  3.482e+00  
9.694e-01  2.663e+00  8.071e-01  
9.908e-01  1.815e+00  1.991e+00  
9.727e-01  2.385e+00  1.394e+00  
1.012e+00  1.350e+00  3.034e+00  
9.369e-01  2.628e+00  1.082e+00  
9.588e-01  1.652e+00  2.526e+00  
9.331e-01  2.328e+00  1.852e+00  
9.584e-01  1.022e+00  3.713e+00  
8.874e-01  2.911e+00  9.716e-01  
8.976e-01  1.877e+00  2.443e+00  
8.781e-01  2.620e+00  1.747e+00  
8.822e-01  1.235e+00  3.536e+00  
8.452e-01  2.962e+00  1.377e+00  
8.347e-01  1.596e+00  3.164e+00  
8.193e-01  2.359e+00  2.204e+00  
8.176e-01  8.326e-01  5.218e+00  
7.653e-01  3.834e+00  8.062e-01  
7.726e-01  2.516e+00  2.686e+00  
