2.475e+00  5.379e-01  
1.263e+00  2.202e+00  
2.454e+00  5.433e-01  
2.433e+00  5.557e-01  
2.420e+00  5.662e-01  
2.407e+00  5.789e-01  
2.391e+00  5.918e-01  
2.380e+00  6.017e-01  
2.372e+00  6.159e-01  
2.363e+00  6.286e-01  
2.357e+00  6.408e-01  
2.350e+00  6.526e-01  
2.341e+00  6.664e-01  
2.334e+00  6.796e-01  
2.326e+00  6.903e-01  
2.318e+00  7.051e-01  
2.311e+00  7.166e-01  
2.306e+00  7.312e-01  
2.299e+00  7.453e-01  
2.291e+00  7.596e-01  
2.286e+00  7.737e-01  
2.280e+00  7.865e-01  
2.273e+00  8.031e-01  
2.264e+00  8.179e-01  
2.260e+00  8.308e-01  
2.254e+00  8.484e-01  
2.248e+00  8.617e-01  
2.241e+00  8.793e-01  
2.235e+00  8.948e-01  
2.229e+00  9.133e-01  
2.222e+00  9.301e-01  
2.216e+00  9.464e-01  
2.209e+00  9.634e-01  
2.202e+00  9.781e-01  
2.196e+00  9.975e-01  
2.188e+00  1.018e+00  
2.182e+00  1.031e+00  
2.175e+00  1.055e+00  
2.165e+00  1.072e+00  
2.157e+00  1.089e+00  
2.149e+00  1.111e+00  
2.139e+00  1.129e+00  
2.129e+00  1.149e+00  
2.120e+00  1.167e+00  
2.112e+00  1.188e+00  
2.102e+00  1.208e+00  
2.088e+00  1.226e+00  
2.076e+00  1.244e+00  
2.064e+00  1.261e+00  
2.052e+00  1.272e+00  
2.035e+00  1.295e+00  
2.017e+00  1.306e+00  
1.997e+00  1.319e+00  
1.975e+00  1.328e+00  
1.900e+00  1.332e+00  
1.905e+00  1.332e+00  
1.894e+00  1.332e+00  
1.873e+00  1.336e+00  
1.852e+00  1.340e+00  
1.832e+00  1.346e+00  
1.816e+00  1.359e+00  
1.803e+00  1.369e+00  
1.787e+00  1.383e+00  
1.773e+00  1.398e+00  
1.762e+00  1.419e+00  
1.750e+00  1.439e+00  
1.739e+00  1.452e+00  
1.730e+00  1.482e+00  
1.717e+00  1.500e+00  
1.707e+00  1.521e+00  
1.698e+00  1.549e+00  
1.687e+00  1.575e+00  
1.677e+00  1.600e+00  
1.667e+00  1.627e+00  
1.655e+00  1.657e+00  
1.646e+00  1.686e+00  
1.636e+00  1.720e+00  
1.625e+00  1.754e+00  
1.612e+00  1.787e+00  
1.600e+00  1.821e+00  
1.590e+00  1.859e+00  
1.577e+00  1.887e+00  
1.562e+00  1.927e+00  
1.550e+00  1.960e+00  
1.535e+00  1.996e+00  
1.521e+00  2.023e+00  
1.504e+00  2.051e+00  
1.488e+00  2.079e+00  
1.469e+00  2.098e+00  
1.450e+00  2.119e+00  
1.431e+00  2.130e+00  
1.412e+00  2.138e+00  
1.394e+00  2.138e+00  
1.360e+00  2.140e+00  
1.357e+00  2.140e+00  
1.335e+00  2.144e+00  
1.322e+00  2.148e+00  
1.303e+00  2.157e+00  
1.287e+00  2.168e+00  
1.270e+00  2.190e+00  
