2.303e+00  3.460e-01  
4.644e-01  3.546e+00  
2.273e+00  3.550e-01  
2.236e+00  3.729e-01  
2.213e+00  3.914e-01  
2.195e+00  4.100e-01  
2.183e+00  4.272e-01  
2.173e+00  4.474e-01  
2.162e+00  4.653e-01  
2.151e+00  4.840e-01  
2.139e+00  5.050e-01  
2.130e+00  5.184e-01  
2.117e+00  5.436e-01  
2.108e+00  5.640e-01  
2.099e+00  5.824e-01  
2.091e+00  6.018e-01  
2.084e+00  6.231e-01  
2.072e+00  6.467e-01  
2.065e+00  6.658e-01  
2.056e+00  6.908e-01  
2.046e+00  7.144e-01  
2.039e+00  7.354e-01  
2.029e+00  7.597e-01  
2.021e+00  7.833e-01  
2.012e+00  8.076e-01  
2.001e+00  8.317e-01  
1.993e+00  8.559e-01  
1.985e+00  8.782e-01  
1.975e+00  9.020e-01  
1.963e+00  9.312e-01  
1.952e+00  9.557e-01  
1.940e+00  9.806e-01  
1.928e+00  1.007e+00  
1.913e+00  1.033e+00  
1.899e+00  1.055e+00  
1.879e+00  1.082e+00  
1.861e+00  1.103e+00  
1.835e+00  1.126e+00  
1.804e+00  1.142e+00  
1.727e+00  1.148e+00  
1.706e+00  1.150e+00  
1.662e+00  1.157e+00  
1.636e+00  1.171e+00  
1.611e+00  1.188e+00  
1.594e+00  1.211e+00  
1.576e+00  1.233e+00  
1.563e+00  1.259e+00  
1.548e+00  1.284e+00  
1.534e+00  1.311e+00  
1.521e+00  1.340e+00  
1.511e+00  1.367e+00  
1.498e+00  1.392e+00  
1.487e+00  1.433e+00  
1.474e+00  1.463e+00  
1.462e+00  1.496e+00  
1.450e+00  1.527e+00  
1.438e+00  1.564e+00  
1.425e+00  1.598e+00  
1.413e+00  1.635e+00  
1.398e+00  1.672e+00  
1.386e+00  1.708e+00  
1.372e+00  1.749e+00  
1.356e+00  1.784e+00  
1.337e+00  1.819e+00  
1.320e+00  1.852e+00  
1.300e+00  1.885e+00  
1.276e+00  1.912e+00  
1.252e+00  1.933e+00  
1.209e+00  1.947e+00  
1.160e+00  1.949e+00  
1.149e+00  1.950e+00  
1.122e+00  1.956e+00  
1.097e+00  1.970e+00  
1.074e+00  1.992e+00  
1.054e+00  2.017e+00  
1.033e+00  2.057e+00  
1.013e+00  2.098e+00  
9.994e-01  2.142e+00  
9.828e-01  2.189e+00  
9.668e-01  2.248e+00  
9.505e-01  2.295e+00  
9.325e-01  2.359e+00  
9.154e-01  2.420e+00  
8.972e-01  2.486e+00  
8.776e-01  2.550e+00  
8.574e-01  2.607e+00  
8.342e-01  2.667e+00  
8.093e-01  2.710e+00  
7.822e-01  2.739e+00  
7.326e-01  2.749e+00  
7.155e-01  2.749e+00  
6.927e-01  2.756e+00  
6.649e-01  2.781e+00  
6.402e-01  2.834e+00  
6.166e-01  2.913e+00  
5.923e-01  3.014e+00  
5.683e-01  3.155e+00  
5.411e-01  3.297e+00  
5.122e-01  3.447e+00  
4.804e-01  3.532e+00  
