2.514e+00  5.845e-01  
1.155e+00  2.636e+00  
2.500e+00  5.901e-01  
2.467e+00  6.049e-01  
2.450e+00  6.184e-01  
2.440e+00  6.318e-01  
2.431e+00  6.443e-01  
2.416e+00  6.584e-01  
2.409e+00  6.732e-01  
2.398e+00  6.875e-01  
2.389e+00  6.998e-01  
2.380e+00  7.144e-01  
2.373e+00  7.299e-01  
2.365e+00  7.450e-01  
2.356e+00  7.604e-01  
2.351e+00  7.748e-01  
2.341e+00  7.881e-01  
2.335e+00  8.038e-01  
2.327e+00  8.213e-01  
2.320e+00  8.346e-01  
2.313e+00  8.526e-01  
2.304e+00  8.695e-01  
2.296e+00  8.863e-01  
2.291e+00  9.020e-01  
2.284e+00  9.207e-01  
2.279e+00  9.384e-01  
2.272e+00  9.566e-01  
2.265e+00  9.729e-01  
2.256e+00  9.914e-01  
2.250e+00  1.012e+00  
2.240e+00  1.029e+00  
2.232e+00  1.048e+00  
2.226e+00  1.068e+00  
2.218e+00  1.086e+00  
2.211e+00  1.108e+00  
2.202e+00  1.128e+00  
2.192e+00  1.146e+00  
2.184e+00  1.169e+00  
2.172e+00  1.186e+00  
2.161e+00  1.207e+00  
2.150e+00  1.227e+00  
2.140e+00  1.248e+00  
2.129e+00  1.270e+00  
2.117e+00  1.291e+00  
2.100e+00  1.308e+00  
2.084e+00  1.325e+00  
2.066e+00  1.342e+00  
2.045e+00  1.357e+00  
2.020e+00  1.365e+00  
1.967e+00  1.372e+00  
1.926e+00  1.373e+00  
1.926e+00  1.373e+00  
1.902e+00  1.377e+00  
1.874e+00  1.387e+00  
1.856e+00  1.399e+00  
1.842e+00  1.411e+00  
1.827e+00  1.429e+00  
1.812e+00  1.446e+00  
1.800e+00  1.463e+00  
1.788e+00  1.485e+00  
1.777e+00  1.506e+00  
1.767e+00  1.530e+00  
1.755e+00  1.555e+00  
1.745e+00  1.577e+00  
1.732e+00  1.606e+00  
1.723e+00  1.630e+00  
1.711e+00  1.658e+00  
1.702e+00  1.687e+00  
1.691e+00  1.715e+00  
1.679e+00  1.747e+00  
1.669e+00  1.777e+00  
1.657e+00  1.807e+00  
1.644e+00  1.842e+00  
1.633e+00  1.875e+00  
1.621e+00  1.910e+00  
1.608e+00  1.943e+00  
1.595e+00  1.980e+00  
1.580e+00  2.012e+00  
1.564e+00  2.045e+00  
1.548e+00  2.074e+00  
1.531e+00  2.101e+00  
1.514e+00  2.127e+00  
1.494e+00  2.146e+00  
1.472e+00  2.160e+00  
1.451e+00  2.169e+00  
1.417e+00  2.174e+00  
1.401e+00  2.174e+00  
1.384e+00  2.175e+00  
1.365e+00  2.178e+00  
1.343e+00  2.184e+00  
1.327e+00  2.193e+00  
1.308e+00  2.209e+00  
1.291e+00  2.234e+00  
1.274e+00  2.261e+00  
1.257e+00  2.294e+00  
1.239e+00  2.339e+00  
1.222e+00  2.392e+00  
1.204e+00  2.455e+00  
1.184e+00  2.518e+00  
1.164e+00  2.601e+00  
