2.735e+00  9.707e-01  9.617e-01  
1.466e+00  2.235e+00  9.969e-01  
1.544e+00  1.083e+00  3.379e+00  
2.535e+00  1.013e+00  1.002e+00  
2.402e+00  1.072e+00  9.943e-01  
2.460e+00  1.018e+00  1.104e+00  
2.284e+00  1.146e+00  9.845e-01  
2.356e+00  1.065e+00  1.106e+00  
2.262e+00  1.128e+00  1.052e+00  
2.435e+00  1.013e+00  1.263e+00  
2.170e+00  1.236e+00  9.787e-01  
2.247e+00  1.121e+00  1.146e+00  
2.164e+00  1.198e+00  1.057e+00  
2.325e+00  1.051e+00  1.310e+00  
2.107e+00  1.258e+00  1.027e+00  
2.232e+00  1.108e+00  1.263e+00  
2.128e+00  1.203e+00  1.134e+00  
2.397e+00  1.008e+00  1.514e+00  
2.039e+00  1.362e+00  9.727e-01  
2.119e+00  1.196e+00  1.210e+00  
2.042e+00  1.294e+00  1.082e+00  
2.208e+00  1.099e+00  1.416e+00  
1.994e+00  1.358e+00  1.031e+00  
2.120e+00  1.172e+00  1.336e+00  
2.026e+00  1.282e+00  1.176e+00  
2.270e+00  1.042e+00  1.655e+00  
1.952e+00  1.429e+00  1.007e+00  
2.053e+00  1.225e+00  1.333e+00  
1.968e+00  1.343e+00  1.153e+00  
2.168e+00  1.093e+00  1.630e+00  
1.929e+00  1.413e+00  1.077e+00  
2.068e+00  1.179e+00  1.488e+00  
1.965e+00  1.316e+00  1.267e+00  
2.284e+00  1.004e+00  1.994e+00  
1.901e+00  1.536e+00  9.703e-01  
1.951e+00  1.317e+00  1.323e+00  
1.884e+00  1.444e+00  1.126e+00  
2.040e+00  1.182e+00  1.649e+00  
1.849e+00  1.520e+00  1.046e+00  
1.965e+00  1.274e+00  1.491e+00  
1.879e+00  1.420e+00  1.247e+00  
2.096e+00  1.092e+00  1.956e+00  
1.814e+00  1.592e+00  1.014e+00  
1.909e+00  1.338e+00  1.465e+00  
1.834e+00  1.483e+00  1.211e+00  
2.017e+00  1.161e+00  1.887e+00  
1.799e+00  1.563e+00  1.111e+00  
1.927e+00  1.278e+00  1.689e+00  
1.832e+00  1.448e+00  1.355e+00  
2.003e+00  1.029e+00  2.186e+00  
1.757e+00  1.697e+00  9.939e-01  
1.835e+00  1.409e+00  1.492e+00  
1.770e+00  1.566e+00  1.211e+00  
1.922e+00  1.228e+00  1.958e+00  
1.739e+00  1.652e+00  1.093e+00  
1.845e+00  1.350e+00  1.740e+00  
1.766e+00  1.526e+00  1.367e+00  
1.885e+00  1.076e+00  2.222e+00  
1.706e+00  1.730e+00  1.054e+00  
1.793e+00  1.425e+00  1.671e+00  
1.722e+00  1.602e+00  1.315e+00  
1.836e+00  1.167e+00  2.173e+00  
1.692e+00  1.693e+00  1.180e+00  
1.803e+00  1.343e+00  1.987e+00  
1.720e+00  1.555e+00  1.509e+00  
1.900e+00  9.991e-01  2.756e+00  
1.762e+00  1.734e+00  9.710e-01  
1.702e+00  1.563e+00  1.573e+00  
1.655e+00  1.736e+00  1.227e+00  
1.750e+00  1.341e+00  2.125e+00  
1.627e+00  1.834e+00  1.088e+00  
1.704e+00  1.494e+00  1.863e+00  
1.643e+00  1.694e+00  1.394e+00  
1.711e+00  1.159e+00  2.390e+00  
1.599e+00  1.923e+00  1.032e+00  
1.654e+00  1.583e+00  1.772e+00  
1.607e+00  1.778e+00  1.339e+00  
1.653e+00  1.254e+00  2.256e+00  
1.581e+00  1.878e+00  1.181e+00  
1.642e+00  1.474e+00  2.119e+00  
1.595e+00  1.735e+00  1.550e+00  
1.673e+00  1.089e+00  3.019e+00  
1.548e+00  2.048e+00  1.003e+00  
1.582e+00  1.687e+00  1.797e+00  
1.546e+00  1.887e+00  1.325e+00  
1.571e+00  1.327e+00  2.300e+00  
1.526e+00  1.994e+00  1.158e+00  
1.558e+00  1.574e+00  2.155e+00  
1.528e+00  1.853e+00  1.563e+00  
1.566e+00  1.169e+00  3.079e+00  
1.494e+00  2.085e+00  1.087e+00  
1.514e+00  1.705e+00  2.065e+00  
1.493e+00  1.956e+00  1.476e+00  
1.507e+00  1.289e+00  2.805e+00  
1.470e+00  2.056e+00  1.280e+00  
1.486e+00  1.465e+00  2.276e+00  
1.463e+00  1.911e+00  1.807e+00  
1.509e+00  1.110e+00  3.378e+00  
1.457e+00  2.232e+00  1.019e+00  
1.431e+00  1.989e+00  1.772e+00  
