2.171e+00  1.926e-01  
1.990e-01  4.112e+00  
2.114e+00  2.022e-01  
2.079e+00  2.216e-01  
2.057e+00  2.410e-01  
2.039e+00  2.605e-01  
2.024e+00  2.802e-01  
2.011e+00  3.001e-01  
1.999e+00  3.203e-01  
1.988e+00  3.406e-01  
1.977e+00  3.612e-01  
1.967e+00  3.821e-01  
1.957e+00  4.032e-01  
1.947e+00  4.248e-01  
1.938e+00  4.465e-01  
1.929e+00  4.686e-01  
1.919e+00  4.910e-01  
1.910e+00  5.139e-01  
1.901e+00  5.370e-01  
1.892e+00  5.604e-01  
1.883e+00  5.842e-01  
1.873e+00  6.083e-01  
1.864e+00  6.328e-01  
1.854e+00  6.576e-01  
1.844e+00  6.827e-01  
1.834e+00  7.081e-01  
1.823e+00  7.339e-01  
1.812e+00  7.598e-01  
1.801e+00  7.860e-01  
1.788e+00  8.124e-01  
1.775e+00  8.388e-01  
1.761e+00  8.651e-01  
1.745e+00  8.910e-01  
1.728e+00  9.166e-01  
1.708e+00  9.410e-01  
1.683e+00  9.633e-01  
1.652e+00  9.816e-01  
1.606e+00  9.916e-01  
1.548e+00  9.929e-01  
1.504e+00  1.001e+00  
1.473e+00  1.017e+00  
1.450e+00  1.037e+00  
1.431e+00  1.060e+00  
1.414e+00  1.085e+00  
1.398e+00  1.111e+00  
1.384e+00  1.138e+00  
1.370e+00  1.167e+00  
1.357e+00  1.197e+00  
1.345e+00  1.227e+00  
1.333e+00  1.259e+00  
1.320e+00  1.291e+00  
1.308e+00  1.325e+00  
1.296e+00  1.359e+00  
1.284e+00  1.394e+00  
1.271e+00  1.430e+00  
1.258e+00  1.466e+00  
1.245e+00  1.503e+00  
1.231e+00  1.541e+00  
1.217e+00  1.578e+00  
1.201e+00  1.616e+00  
1.185e+00  1.653e+00  
1.167e+00  1.688e+00  
1.146e+00  1.721e+00  
1.123e+00  1.751e+00  
1.097e+00  1.774e+00  
1.066e+00  1.788e+00  
1.030e+00  1.792e+00  
9.929e-01  1.793e+00  
9.601e-01  1.800e+00  
9.326e-01  1.816e+00  
9.091e-01  1.842e+00  
8.884e-01  1.874e+00  
8.695e-01  1.912e+00  
8.519e-01  1.955e+00  
8.351e-01  2.001e+00  
8.187e-01  2.052e+00  
8.025e-01  2.106e+00  
7.862e-01  2.163e+00  
7.696e-01  2.223e+00  
7.523e-01  2.285e+00  
7.342e-01  2.348e+00  
7.149e-01  2.410e+00  
6.938e-01  2.469e+00  
6.704e-01  2.522e+00  
6.441e-01  2.563e+00  
6.145e-01  2.586e+00  
5.822e-01  2.592e+00  
5.499e-01  2.594e+00  
5.202e-01  2.610e+00  
4.937e-01  2.650e+00  
4.696e-01  2.715e+00  
4.469e-01  2.805e+00  
4.244e-01  2.915e+00  
4.013e-01  3.043e+00  
3.765e-01  3.181e+00  
3.486e-01  3.306e+00  
3.169e-01  3.381e+00  
2.826e-01  3.393e+00  
2.495e-01  3.455e+00  
2.095e-01  3.923e+00  
