2.252e+00  3.058e-01  
4.366e-01  3.493e+00  
2.221e+00  3.148e-01  
2.191e+00  3.328e-01  
2.171e+00  3.506e-01  
2.155e+00  3.673e-01  
2.140e+00  3.874e-01  
2.125e+00  4.057e-01  
2.115e+00  4.244e-01  
2.104e+00  4.436e-01  
2.095e+00  4.622e-01  
2.084e+00  4.818e-01  
2.075e+00  5.023e-01  
2.065e+00  5.208e-01  
2.055e+00  5.422e-01  
2.047e+00  5.629e-01  
2.039e+00  5.834e-01  
2.030e+00  6.052e-01  
2.023e+00  6.263e-01  
2.014e+00  6.453e-01  
2.007e+00  6.708e-01  
1.997e+00  6.927e-01  
1.989e+00  7.121e-01  
1.979e+00  7.388e-01  
1.970e+00  7.610e-01  
1.959e+00  7.852e-01  
1.949e+00  8.087e-01  
1.940e+00  8.344e-01  
1.930e+00  8.594e-01  
1.920e+00  8.817e-01  
1.909e+00  9.094e-01  
1.896e+00  9.321e-01  
1.884e+00  9.601e-01  
1.872e+00  9.843e-01  
1.857e+00  1.007e+00  
1.840e+00  1.032e+00  
1.822e+00  1.057e+00  
1.797e+00  1.076e+00  
1.767e+00  1.095e+00  
1.676e+00  1.104e+00  
1.667e+00  1.106e+00  
1.631e+00  1.112e+00  
1.598e+00  1.124e+00  
1.573e+00  1.142e+00  
1.553e+00  1.162e+00  
1.538e+00  1.180e+00  
1.524e+00  1.209e+00  
1.510e+00  1.234e+00  
1.496e+00  1.262e+00  
1.483e+00  1.289e+00  
1.470e+00  1.317e+00  
1.458e+00  1.347e+00  
1.446e+00  1.377e+00  
1.435e+00  1.408e+00  
1.423e+00  1.442e+00  
1.412e+00  1.472e+00  
1.400e+00  1.511e+00  
1.386e+00  1.545e+00  
1.375e+00  1.581e+00  
1.362e+00  1.617e+00  
1.347e+00  1.653e+00  
1.333e+00  1.689e+00  
1.318e+00  1.727e+00  
1.298e+00  1.765e+00  
1.283e+00  1.799e+00  
1.264e+00  1.826e+00  
1.244e+00  1.861e+00  
1.219e+00  1.885e+00  
1.191e+00  1.899e+00  
1.153e+00  1.906e+00  
1.114e+00  1.907e+00  
1.093e+00  1.909e+00  
1.065e+00  1.917e+00  
1.041e+00  1.937e+00  
1.017e+00  1.962e+00  
9.989e-01  1.995e+00  
9.818e-01  2.035e+00  
9.649e-01  2.077e+00  
9.477e-01  2.122e+00  
9.306e-01  2.173e+00  
9.147e-01  2.232e+00  
8.984e-01  2.289e+00  
8.801e-01  2.351e+00  
8.634e-01  2.415e+00  
8.443e-01  2.478e+00  
8.247e-01  2.538e+00  
8.025e-01  2.596e+00  
7.785e-01  2.648e+00  
7.530e-01  2.683e+00  
7.219e-01  2.701e+00  
6.673e-01  2.706e+00  
6.647e-01  2.709e+00  
6.366e-01  2.724e+00  
6.088e-01  2.759e+00  
5.860e-01  2.822e+00  
5.619e-01  2.915e+00  
5.377e-01  3.038e+00  
5.121e-01  3.191e+00  
4.827e-01  3.333e+00  
4.519e-01  3.452e+00  
