2.531e+00  6.020e-01  
1.100e+00  2.936e+00  
2.512e+00  6.088e-01  
2.485e+00  6.233e-01  
2.467e+00  6.377e-01  
2.455e+00  6.508e-01  
2.443e+00  6.659e-01  
2.432e+00  6.809e-01  
2.421e+00  6.949e-01  
2.413e+00  7.101e-01  
2.404e+00  7.256e-01  
2.398e+00  7.405e-01  
2.388e+00  7.557e-01  
2.379e+00  7.715e-01  
2.370e+00  7.860e-01  
2.364e+00  8.031e-01  
2.355e+00  8.188e-01  
2.348e+00  8.354e-01  
2.343e+00  8.518e-01  
2.337e+00  8.665e-01  
2.330e+00  8.873e-01  
2.323e+00  9.054e-01  
2.315e+00  9.237e-01  
2.309e+00  9.400e-01  
2.302e+00  9.602e-01  
2.295e+00  9.788e-01  
2.288e+00  9.965e-01  
2.280e+00  1.018e+00  
2.274e+00  1.037e+00  
2.267e+00  1.055e+00  
2.258e+00  1.077e+00  
2.250e+00  1.098e+00  
2.242e+00  1.112e+00  
2.234e+00  1.138e+00  
2.224e+00  1.160e+00  
2.215e+00  1.181e+00  
2.205e+00  1.202e+00  
2.194e+00  1.223e+00  
2.184e+00  1.246e+00  
2.172e+00  1.267e+00  
2.161e+00  1.288e+00  
2.146e+00  1.309e+00  
2.132e+00  1.328e+00  
2.115e+00  1.348e+00  
2.097e+00  1.366e+00  
2.075e+00  1.380e+00  
2.050e+00  1.392e+00  
2.017e+00  1.398e+00  
1.982e+00  1.399e+00  
1.946e+00  1.400e+00  
1.919e+00  1.404e+00  
1.897e+00  1.417e+00  
1.875e+00  1.427e+00  
1.861e+00  1.441e+00  
1.845e+00  1.462e+00  
1.832e+00  1.484e+00  
1.817e+00  1.499e+00  
1.805e+00  1.520e+00  
1.793e+00  1.544e+00  
1.783e+00  1.568e+00  
1.770e+00  1.595e+00  
1.762e+00  1.625e+00  
1.750e+00  1.644e+00  
1.739e+00  1.674e+00  
1.729e+00  1.705e+00  
1.719e+00  1.741e+00  
1.707e+00  1.767e+00  
1.694e+00  1.801e+00  
1.685e+00  1.833e+00  
1.673e+00  1.867e+00  
1.663e+00  1.908e+00  
1.647e+00  1.932e+00  
1.636e+00  1.975e+00  
1.622e+00  2.009e+00  
1.606e+00  2.042e+00  
1.592e+00  2.081e+00  
1.575e+00  2.111e+00  
1.554e+00  2.141e+00  
1.538e+00  2.163e+00  
1.517e+00  2.181e+00  
1.495e+00  2.197e+00  
1.468e+00  2.202e+00  
1.448e+00  2.205e+00  
1.415e+00  2.205e+00  
1.398e+00  2.207e+00  
1.379e+00  2.213e+00  
1.358e+00  2.222e+00  
1.338e+00  2.241e+00  
1.320e+00  2.260e+00  
1.302e+00  2.291e+00  
1.285e+00  2.326e+00  
1.268e+00  2.372e+00  
1.250e+00  2.420e+00  
1.233e+00  2.479e+00  
1.215e+00  2.542e+00  
1.195e+00  2.604e+00  
1.175e+00  2.680e+00  
1.155e+00  2.762e+00  
1.134e+00  2.832e+00  
1.111e+00  2.902e+00  
