2.096e+00  1.817e-01  1.807e-01  
1.790e-01  4.136e+00  1.793e-01  
1.878e-01  1.879e-01  5.625e+00  
1.733e+00  2.388e-01  2.360e-01  
1.553e+00  3.262e-01  2.259e-01  
1.644e+00  2.493e-01  3.747e-01  
1.412e+00  4.302e-01  2.153e-01  
1.497e+00  3.152e-01  4.008e-01  
1.378e+00  4.123e-01  3.195e-01  
1.598e+00  2.417e-01  5.987e-01  
1.264e+00  5.662e-01  1.981e-01  
1.350e+00  3.964e-01  4.533e-01  
1.251e+00  5.136e-01  3.299e-01  
1.461e+00  2.966e-01  6.876e-01  
1.178e+00  6.037e-01  2.771e-01  
1.336e+00  3.808e-01  6.229e-01  
1.209e+00  5.235e-01  4.480e-01  
1.534e+00  2.331e-01  9.777e-01  
1.087e+00  7.637e-01  1.969e-01  
1.194e+00  5.120e-01  5.559e-01  
1.091e+00  6.625e-01  3.678e-01  
1.307e+00  3.701e-01  8.469e-01  
1.036e+00  7.676e-01  2.803e-01  
1.192e+00  4.725e-01  7.281e-01  
1.070e+00  6.499e-01  5.002e-01  
1.366e+00  2.825e-01  1.178e+00  
9.739e-01  8.743e-01  2.497e-01  
1.105e+00  5.604e-01  7.359e-01  
9.976e-01  7.435e-01  4.728e-01  
1.246e+00  3.585e-01  1.162e+00  
9.437e-01  8.580e-01  3.688e-01  
1.126e+00  4.889e-01  9.829e-01  
9.911e-01  7.068e-01  6.468e-01  
1.215e+00  2.204e-01  1.460e+00  
8.712e-01  1.082e+00  1.919e-01  
9.731e-01  7.077e-01  7.289e-01  
8.829e-01  9.140e-01  4.406e-01  
1.079e+00  4.892e-01  1.193e+00  
8.327e-01  1.041e+00  3.198e-01  
9.831e-01  6.360e-01  9.895e-01  
8.745e-01  8.776e-01  6.073e-01  
1.018e+00  3.349e-01  1.443e+00  
7.833e-01  1.162e+00  2.593e-01  
9.127e-01  7.401e-01  9.473e-01  
8.129e-01  9.849e-01  5.703e-01  
9.265e-01  4.295e-01  1.406e+00  
7.618e-01  1.122e+00  4.158e-01  
9.164e-01  6.383e-01  1.266e+00  
8.079e-01  9.262e-01  7.980e-01  
9.981e-01  2.651e-01  1.901e+00  
7.016e-01  1.340e+00  2.344e-01  
8.108e-01  8.684e-01  1.012e+00  
7.234e-01  1.136e+00  5.823e-01  
8.068e-01  5.101e-01  1.481e+00  
6.790e-01  1.289e+00  4.071e-01  
7.947e-01  7.488e-01  1.345e+00  
7.170e-01  1.077e+00  8.344e-01  
8.730e-01  3.393e-01  2.074e+00  
6.319e-01  1.428e+00  3.308e-01  
7.396e-01  8.832e-01  1.278e+00  
6.580e-01  1.210e+00  7.536e-01  
7.574e-01  4.607e-01  1.897e+00  
6.156e-01  1.379e+00  5.457e-01  
6.692e-01  6.700e-01  1.533e+00  
6.499e-01  1.129e+00  1.071e+00  
7.775e-01  2.180e-01  2.594e+00  
5.547e-01  1.760e+00  1.908e-01  
6.231e-01  1.145e+00  1.175e+00  
5.583e-01  1.477e+00  6.295e-01  
6.123e-01  6.844e-01  1.759e+00  
5.189e-01  1.666e+00  4.052e-01  
5.657e-01  9.201e-01  1.451e+00  
5.412e-01  1.415e+00  9.390e-01  
6.260e-01  4.815e-01  2.460e+00  
4.760e-01  1.857e+00  3.062e-01  
5.015e-01  1.090e+00  1.394e+00  
4.870e-01  1.592e+00  8.410e-01  
5.452e-01  6.486e-01  2.324e+00  
4.483e-01  1.808e+00  5.744e-01  
4.801e-01  9.064e-01  1.840e+00  
4.616e-01  1.503e+00  1.239e+00  
5.053e-01  3.397e-01  2.963e+00  
3.951e-01  2.167e+00  2.587e-01  
4.085e-01  1.262e+00  1.444e+00  
3.956e-01  1.876e+00  8.584e-01  
4.266e-01  7.981e-01  2.498e+00  
3.620e-01  2.136e+00  5.630e-01  
3.761e-01  1.107e+00  2.016e+00  
3.564e-01  1.785e+00  1.313e+00  
3.779e-01  4.642e-01  3.260e+00  
3.097e-01  2.417e+00  4.310e-01  
3.140e-01  1.344e+00  1.939e+00  
2.946e-01  2.126e+00  1.233e+00  
2.976e-01  6.815e-01  3.056e+00  
2.555e-01  2.522e+00  8.606e-01  
2.626e-01  9.814e-01  2.631e+00  
2.335e-01  1.826e+00  1.678e+00  
2.323e-01  2.868e-01  4.731e+00  
1.967e-01  3.400e+00  2.561e-01  
1.891e-01  1.995e+00  2.177e+00  
