2.490e+00  5.468e-01  
1.219e+00  2.311e+00  
2.467e+00  5.531e-01  
2.443e+00  5.636e-01  
2.427e+00  5.782e-01  
2.411e+00  5.887e-01  
2.400e+00  6.002e-01  
2.390e+00  6.162e-01  
2.383e+00  6.277e-01  
2.374e+00  6.410e-01  
2.362e+00  6.524e-01  
2.353e+00  6.686e-01  
2.345e+00  6.804e-01  
2.338e+00  6.926e-01  
2.330e+00  7.075e-01  
2.323e+00  7.226e-01  
2.317e+00  7.350e-01  
2.309e+00  7.494e-01  
2.303e+00  7.634e-01  
2.296e+00  7.741e-01  
2.290e+00  7.935e-01  
2.284e+00  8.096e-01  
2.276e+00  8.233e-01  
2.270e+00  8.403e-01  
2.264e+00  8.564e-01  
2.258e+00  8.731e-01  
2.253e+00  8.899e-01  
2.245e+00  9.056e-01  
2.239e+00  9.214e-01  
2.233e+00  9.408e-01  
2.225e+00  9.555e-01  
2.218e+00  9.751e-01  
2.210e+00  9.927e-01  
2.203e+00  1.011e+00  
2.196e+00  1.032e+00  
2.190e+00  1.049e+00  
2.182e+00  1.069e+00  
2.174e+00  1.086e+00  
2.166e+00  1.108e+00  
2.157e+00  1.125e+00  
2.146e+00  1.144e+00  
2.137e+00  1.164e+00  
2.128e+00  1.184e+00  
2.118e+00  1.202e+00  
2.108e+00  1.226e+00  
2.096e+00  1.243e+00  
2.083e+00  1.262e+00  
2.069e+00  1.282e+00  
2.053e+00  1.300e+00  
2.036e+00  1.314e+00  
2.012e+00  1.328e+00  
1.992e+00  1.337e+00  
1.952e+00  1.341e+00  
1.908e+00  1.342e+00  
1.905e+00  1.342e+00  
1.883e+00  1.344e+00  
1.861e+00  1.350e+00  
1.832e+00  1.361e+00  
1.824e+00  1.368e+00  
1.810e+00  1.385e+00  
1.796e+00  1.400e+00  
1.781e+00  1.414e+00  
1.768e+00  1.430e+00  
1.757e+00  1.450e+00  
1.746e+00  1.473e+00  
1.735e+00  1.495e+00  
1.724e+00  1.514e+00  
1.714e+00  1.539e+00  
1.703e+00  1.568e+00  
1.694e+00  1.595e+00  
1.682e+00  1.625e+00  
1.672e+00  1.648e+00  
1.662e+00  1.683e+00  
1.651e+00  1.711e+00  
1.640e+00  1.742e+00  
1.628e+00  1.774e+00  
1.616e+00  1.807e+00  
1.604e+00  1.839e+00  
1.591e+00  1.874e+00  
1.579e+00  1.908e+00  
1.565e+00  1.943e+00  
1.552e+00  1.976e+00  
1.536e+00  2.006e+00  
1.521e+00  2.040e+00  
1.504e+00  2.068e+00  
1.487e+00  2.091e+00  
1.468e+00  2.111e+00  
1.446e+00  2.131e+00  
1.430e+00  2.140e+00  
1.378e+00  2.145e+00  
1.378e+00  2.145e+00  
1.350e+00  2.145e+00  
1.350e+00  2.145e+00  
1.329e+00  2.148e+00  
1.311e+00  2.156e+00  
1.295e+00  2.167e+00  
1.278e+00  2.185e+00  
1.261e+00  2.202e+00  
1.245e+00  2.235e+00  
1.227e+00  2.282e+00  
