8.327e-01  1.594e+00  
3.153e-03  3.910e+00  
8.269e-01  1.598e+00  
8.219e-01  1.607e+00  
8.184e-01  1.615e+00  
8.155e-01  1.624e+00  
8.131e-01  1.633e+00  
8.107e-01  1.642e+00  
8.086e-01  1.651e+00  
8.067e-01  1.660e+00  
8.048e-01  1.670e+00  
8.030e-01  1.680e+00  
8.012e-01  1.690e+00  
7.996e-01  1.700e+00  
7.979e-01  1.710e+00  
7.963e-01  1.720e+00  
7.947e-01  1.731e+00  
7.932e-01  1.742e+00  
7.917e-01  1.753e+00  
7.902e-01  1.765e+00  
7.887e-01  1.777e+00  
7.872e-01  1.788e+00  
7.858e-01  1.801e+00  
7.843e-01  1.813e+00  
7.829e-01  1.826e+00  
7.814e-01  1.839e+00  
7.799e-01  1.853e+00  
7.785e-01  1.867e+00  
7.770e-01  1.881e+00  
7.756e-01  1.895e+00  
7.741e-01  1.910e+00  
7.726e-01  1.925e+00  
7.711e-01  1.940e+00  
7.696e-01  1.957e+00  
7.680e-01  1.973e+00  
7.665e-01  1.990e+00  
7.650e-01  2.008e+00  
7.635e-01  2.026e+00  
7.619e-01  2.044e+00  
7.603e-01  2.063e+00  
7.588e-01  2.082e+00  
7.571e-01  2.102e+00  
7.554e-01  2.124e+00  
7.537e-01  2.145e+00  
7.519e-01  2.167e+00  
7.502e-01  2.190e+00  
7.484e-01  2.213e+00  
7.466e-01  2.238e+00  
7.447e-01  2.263e+00  
7.429e-01  2.289e+00  
7.408e-01  2.317e+00  
7.389e-01  2.345e+00  
7.369e-01  2.373e+00  
3.917e-01  2.390e+00  
3.917e-01  2.390e+00  
3.918e-01  2.390e+00  
3.917e-01  2.390e+00  
3.917e-01  2.390e+00  
3.918e-01  2.390e+00  
3.917e-01  2.390e+00  
3.917e-01  2.390e+00  
3.918e-01  2.390e+00  
3.918e-01  2.390e+00  
3.918e-01  2.390e+00  
3.918e-01  2.390e+00  
3.917e-01  2.390e+00  
3.918e-01  2.390e+00  
3.918e-01  2.390e+00  
3.838e-01  2.398e+00  
3.760e-01  2.420e+00  
3.700e-01  2.446e+00  
3.647e-01  2.476e+00  
3.599e-01  2.509e+00  
3.553e-01  2.545e+00  
3.509e-01  2.583e+00  
3.465e-01  2.625e+00  
3.422e-01  2.669e+00  
3.379e-01  2.718e+00  
3.335e-01  2.770e+00  
3.290e-01  2.826e+00  
3.243e-01  2.887e+00  
3.194e-01  2.953e+00  
3.143e-01  3.026e+00  
3.088e-01  3.105e+00  
1.081e-01  3.181e+00  
1.081e-01  3.181e+00  
1.081e-01  3.181e+00  
1.081e-01  3.181e+00  
1.081e-01  3.181e+00  
1.081e-01  3.181e+00  
1.081e-01  3.181e+00  
1.081e-01  3.181e+00  
1.081e-01  3.181e+00  
1.081e-01  3.181e+00  
9.851e-02  3.201e+00  
8.492e-02  3.297e+00  
7.191e-02  3.456e+00  
5.751e-02  3.678e+00  
5.313e-03  3.896e+00  
5.313e-03  3.896e+00  
