8.648e-01  1.625e+00  
4.702e-02  3.938e+00  
8.586e-01  1.629e+00  
8.534e-01  1.638e+00  
8.501e-01  1.646e+00  
8.471e-01  1.655e+00  
8.447e-01  1.664e+00  
8.425e-01  1.673e+00  
8.403e-01  1.682e+00  
8.385e-01  1.691e+00  
8.364e-01  1.700e+00  
8.349e-01  1.710e+00  
8.330e-01  1.720e+00  
8.313e-01  1.729e+00  
8.297e-01  1.739e+00  
8.281e-01  1.750e+00  
8.266e-01  1.760e+00  
8.250e-01  1.771e+00  
8.235e-01  1.782e+00  
8.221e-01  1.793e+00  
8.206e-01  1.805e+00  
8.191e-01  1.817e+00  
8.176e-01  1.828e+00  
8.161e-01  1.842e+00  
8.149e-01  1.854e+00  
8.133e-01  1.867e+00  
8.120e-01  1.880e+00  
8.106e-01  1.893e+00  
8.092e-01  1.906e+00  
8.078e-01  1.921e+00  
8.061e-01  1.936e+00  
8.050e-01  1.951e+00  
8.035e-01  1.967e+00  
8.019e-01  1.983e+00  
8.005e-01  1.997e+00  
7.990e-01  2.013e+00  
7.973e-01  2.032e+00  
7.959e-01  2.050e+00  
7.944e-01  2.068e+00  
7.928e-01  2.085e+00  
7.911e-01  2.106e+00  
7.895e-01  2.127e+00  
7.879e-01  2.146e+00  
7.860e-01  2.168e+00  
7.844e-01  2.189e+00  
7.827e-01  2.212e+00  
7.811e-01  2.235e+00  
7.792e-01  2.259e+00  
7.774e-01  2.281e+00  
7.756e-01  2.310e+00  
7.735e-01  2.337e+00  
7.713e-01  2.365e+00  
7.696e-01  2.393e+00  
7.674e-01  2.423e+00  
4.260e-01  2.425e+00  
4.260e-01  2.425e+00  
4.261e-01  2.425e+00  
4.261e-01  2.425e+00  
4.260e-01  2.425e+00  
4.261e-01  2.425e+00  
4.261e-01  2.425e+00  
4.261e-01  2.425e+00  
4.261e-01  2.425e+00  
4.260e-01  2.425e+00  
4.261e-01  2.425e+00  
4.264e-01  2.425e+00  
4.262e-01  2.425e+00  
4.261e-01  2.425e+00  
4.256e-01  2.425e+00  
4.149e-01  2.440e+00  
4.079e-01  2.464e+00  
4.023e-01  2.492e+00  
3.971e-01  2.523e+00  
3.924e-01  2.558e+00  
3.879e-01  2.594e+00  
3.835e-01  2.635e+00  
3.792e-01  2.679e+00  
3.747e-01  2.726e+00  
3.702e-01  2.776e+00  
3.658e-01  2.831e+00  
3.611e-01  2.891e+00  
3.563e-01  2.955e+00  
3.512e-01  3.025e+00  
3.459e-01  3.103e+00  
3.401e-01  3.187e+00  
1.510e-01  3.224e+00  
1.510e-01  3.224e+00  
1.510e-01  3.224e+00  
1.510e-01  3.224e+00  
1.510e-01  3.224e+00  
1.510e-01  3.224e+00  
1.510e-01  3.224e+00  
1.510e-01  3.224e+00  
1.510e-01  3.224e+00  
1.427e-01  3.239e+00  
1.289e-01  3.330e+00  
1.157e-01  3.487e+00  
1.013e-01  3.708e+00  
4.721e-02  3.938e+00  
4.721e-02  3.938e+00  
