1.375e+00  1.483e-04  1.193e+00  
2.837e-04  2.721e+00  1.193e+00  
4.876e-04  4.888e-04  5.882e+00  
1.128e+00  4.358e-02  1.235e+00  
9.954e-01  1.060e-01  1.228e+00  
1.091e+00  5.213e-02  1.349e+00  
8.843e-01  1.814e-01  1.218e+00  
9.865e-01  1.015e-01  1.361e+00  
8.844e-01  1.728e-01  1.296e+00  
1.088e+00  4.742e-02  1.524e+00  
7.734e-01  2.793e-01  1.211e+00  
8.876e-01  1.632e-01  1.400e+00  
7.927e-01  2.482e-01  1.305e+00  
9.892e-01  9.089e-02  1.585e+00  
7.321e-01  3.124e-01  1.263e+00  
8.887e-01  1.556e-01  1.534e+00  
7.735e-01  2.589e-01  1.393e+00  
1.083e+00  4.258e-02  1.831e+00  
6.490e-01  4.187e-01  1.206e+00  
7.725e-01  2.542e-01  1.479e+00  
6.806e-01  3.611e-01  1.333e+00  
8.855e-01  1.500e-01  1.728e+00  
6.288e-01  4.312e-01  1.272e+00  
7.892e-01  2.306e-01  1.632e+00  
6.764e-01  3.572e-01  1.435e+00  
9.778e-01  8.507e-02  2.013e+00  
5.764e-01  5.062e-01  1.244e+00  
7.215e-01  2.961e-01  1.623e+00  
6.196e-01  4.277e-01  1.415e+00  
8.735e-01  1.494e-01  1.999e+00  
5.683e-01  5.055e-01  1.333e+00  
7.565e-01  2.515e-01  1.836e+00  
6.262e-01  4.090e-01  1.553e+00  
7.145e-01  1.695e-02  2.390e+00  
4.943e-01  6.444e-01  1.203e+00  
6.197e-01  4.124e-01  1.629e+00  
5.303e-01  5.552e-01  1.393e+00  
7.424e-01  2.571e-01  2.032e+00  
4.853e-01  6.387e-01  1.297e+00  
6.462e-01  3.680e-01  1.847e+00  
5.349e-01  5.358e-01  1.536e+00  
4.967e-01  1.418e-01  2.390e+00  
4.430e-01  7.203e-01  1.253e+00  
5.833e-01  4.494e-01  1.808e+00  
4.857e-01  6.169e-01  1.494e+00  
5.244e-01  1.185e-01  2.390e+00  
4.393e-01  7.097e-01  1.373e+00  
6.206e-01  3.867e-01  2.108e+00  
4.948e-01  5.881e-01  1.674e+00  
5.891e-01  6.194e-02  2.456e+00  
3.810e-01  8.462e-01  1.234e+00  
5.079e-01  5.556e-01  1.863e+00  
4.183e-01  7.355e-01  1.503e+00  
5.244e-01  1.185e-01  2.390e+00  
3.756e-01  8.353e-01  1.365e+00  
5.387e-01  4.919e-01  2.199e+00  
4.243e-01  7.078e-01  1.707e+00  
4.981e-01  1.164e-01  2.566e+00  
3.362e-01  9.299e-01  1.306e+00  
4.736e-01  5.962e-01  2.122e+00  
3.763e-01  8.065e-01  1.643e+00  
4.186e-01  2.046e-01  2.442e+00  
3.320e-01  9.182e-01  1.473e+00  
4.044e-01  2.375e-01  2.390e+00  
3.834e-01  7.725e-01  1.917e+00  
5.756e-01  3.661e-02  3.497e+00  
2.681e-01  1.127e+00  1.201e+00  
3.674e-01  7.989e-01  2.016e+00  
2.934e-01  1.004e+00  1.541e+00  
3.122e-01  3.657e-01  2.390e+00  
2.569e-01  1.120e+00  1.364e+00  
3.538e-01  3.033e-01  2.390e+00  
2.905e-01  9.881e-01  1.805e+00  
3.539e-01  2.398e-01  2.998e+00  
2.199e-01  1.241e+00  1.286e+00  
3.208e-01  8.796e-01  2.359e+00  
2.445e-01  1.117e+00  1.715e+00  
2.807e-01  3.576e-01  2.822e+00  
2.073e-01  1.250e+00  1.495e+00  
2.190e-01  5.294e-01  2.401e+00  
2.375e-01  1.109e+00  2.082e+00  
2.154e-01  8.354e-02  3.585e+00  
1.586e-01  1.458e+00  1.251e+00  
2.063e-01  5.684e-01  2.390e+00  
1.719e-01  1.344e+00  1.733e+00  
1.988e-01  4.974e-01  3.052e+00  
1.391e-01  1.495e+00  1.483e+00  
1.449e-01  6.816e-01  2.540e+00  
1.531e-01  1.377e+00  2.166e+00  
1.273e-01  2.049e-01  3.585e+00  
9.922e-02  1.686e+00  1.383e+00  
9.927e-02  8.424e-01  2.465e+00  
1.015e-01  1.603e+00  2.061e+00  
9.575e-02  2.696e-01  3.585e+00  
6.918e-02  1.806e+00  1.717e+00  
7.380e-02  8.399e-01  3.423e+00  
3.089e-02  1.216e+00  2.390e+00  
4.487e-02  4.017e-02  4.771e+00  
1.837e-02  2.291e+00  1.247e+00  
7.399e-03  1.358e+00  2.684e+00  
