1.375e+00  1.592e-04  1.193e+00  
3.063e-04  2.720e+00  1.193e+00  
5.242e-04  4.868e-04  5.881e+00  
1.128e+00  4.362e-02  1.236e+00  
9.956e-01  1.059e-01  1.228e+00  
1.091e+00  5.213e-02  1.349e+00  
8.844e-01  1.814e-01  1.218e+00  
9.865e-01  1.016e-01  1.361e+00  
8.844e-01  1.727e-01  1.296e+00  
1.088e+00  4.750e-02  1.524e+00  
7.734e-01  2.793e-01  1.211e+00  
8.874e-01  1.632e-01  1.402e+00  
7.928e-01  2.482e-01  1.305e+00  
9.891e-01  9.095e-02  1.586e+00  
7.320e-01  3.124e-01  1.264e+00  
8.888e-01  1.555e-01  1.534e+00  
7.736e-01  2.589e-01  1.392e+00  
1.083e+00  4.263e-02  1.832e+00  
6.491e-01  4.185e-01  1.206e+00  
7.725e-01  2.542e-01  1.480e+00  
6.806e-01  3.611e-01  1.334e+00  
8.855e-01  1.500e-01  1.728e+00  
6.290e-01  4.309e-01  1.272e+00  
7.892e-01  2.307e-01  1.633e+00  
6.763e-01  3.572e-01  1.437e+00  
9.778e-01  8.500e-02  2.015e+00  
5.764e-01  5.063e-01  1.245e+00  
7.215e-01  2.961e-01  1.625e+00  
6.196e-01  4.277e-01  1.416e+00  
8.735e-01  1.494e-01  1.998e+00  
5.682e-01  5.055e-01  1.333e+00  
7.564e-01  2.517e-01  1.835e+00  
6.263e-01  4.090e-01  1.553e+00  
6.564e-01  3.787e-02  2.390e+00  
4.942e-01  6.445e-01  1.203e+00  
6.196e-01  4.125e-01  1.631e+00  
5.303e-01  5.552e-01  1.393e+00  
7.425e-01  2.570e-01  2.030e+00  
4.854e-01  6.387e-01  1.297e+00  
6.460e-01  3.682e-01  1.847e+00  
5.349e-01  5.359e-01  1.536e+00  
4.952e-01  1.431e-01  2.390e+00  
4.430e-01  7.205e-01  1.253e+00  
5.834e-01  4.494e-01  1.808e+00  
4.857e-01  6.170e-01  1.493e+00  
7.382e-01  2.483e-01  2.387e+00  
4.393e-01  7.097e-01  1.373e+00  
6.206e-01  3.867e-01  2.108e+00  
4.947e-01  5.880e-01  1.679e+00  
5.890e-01  6.212e-02  2.455e+00  
3.809e-01  8.463e-01  1.234e+00  
5.080e-01  5.555e-01  1.863e+00  
4.184e-01  7.356e-01  1.501e+00  
4.611e-01  1.753e-01  2.390e+00  
3.758e-01  8.349e-01  1.365e+00  
5.387e-01  4.919e-01  2.199e+00  
4.242e-01  7.080e-01  1.709e+00  
4.981e-01  1.164e-01  2.566e+00  
3.362e-01  9.299e-01  1.306e+00  
4.737e-01  5.962e-01  2.122e+00  
3.763e-01  8.065e-01  1.645e+00  
4.186e-01  2.044e-01  2.443e+00  
3.320e-01  9.183e-01  1.473e+00  
3.212e-01  3.515e-01  2.390e+00  
3.834e-01  7.725e-01  1.918e+00  
5.757e-01  3.659e-02  3.497e+00  
2.681e-01  1.127e+00  1.201e+00  
3.673e-01  7.991e-01  2.014e+00  
2.933e-01  1.004e+00  1.540e+00  
3.212e-01  3.515e-01  2.390e+00  
2.568e-01  1.121e+00  1.363e+00  
2.747e-01  4.296e-01  2.390e+00  
2.904e-01  9.882e-01  1.805e+00  
3.540e-01  2.397e-01  2.999e+00  
2.199e-01  1.241e+00  1.286e+00  
3.208e-01  8.797e-01  2.359e+00  
2.446e-01  1.117e+00  1.713e+00  
2.807e-01  3.575e-01  2.824e+00  
2.074e-01  1.250e+00  1.495e+00  
2.190e-01  5.293e-01  2.401e+00  
2.375e-01  1.109e+00  2.080e+00  
2.134e-01  8.551e-02  3.585e+00  
1.587e-01  1.458e+00  1.251e+00  
2.075e-01  5.659e-01  2.390e+00  
1.720e-01  1.343e+00  1.739e+00  
1.987e-01  4.976e-01  3.052e+00  
1.389e-01  1.495e+00  1.485e+00  
1.449e-01  6.815e-01  2.540e+00  
1.530e-01  1.378e+00  2.165e+00  
1.497e-01  1.670e-01  3.585e+00  
9.912e-02  1.687e+00  1.383e+00  
9.929e-02  8.427e-01  2.463e+00  
1.014e-01  1.604e+00  2.058e+00  
9.411e-02  2.735e-01  3.585e+00  
6.916e-02  1.806e+00  1.720e+00  
7.385e-02  8.396e-01  3.423e+00  
3.441e-02  1.192e+00  2.390e+00  
3.494e-02  5.628e-02  4.771e+00  
1.837e-02  2.292e+00  1.247e+00  
7.416e-03  1.358e+00  2.684e+00  
