8.043e-01  1.742e-02  2.405e+00  
1.779e-02  1.558e+00  2.405e+00  
1.600e-02  1.598e-02  5.878e+00  
6.867e-01  4.102e-02  2.428e+00  
6.090e-01  7.862e-02  2.419e+00  
6.618e-01  4.660e-02  2.490e+00  
5.427e-01  1.239e-01  2.418e+00  
6.008e-01  7.585e-02  2.493e+00  
5.415e-01  1.185e-01  2.464e+00  
6.585e-01  4.330e-02  2.598e+00  
4.769e-01  1.821e-01  2.414e+00  
5.416e-01  1.119e-01  2.526e+00  
4.864e-01  1.631e-01  2.468e+00  
6.005e-01  6.919e-02  2.630e+00  
4.508e-01  2.011e-01  2.441e+00  
5.415e-01  1.077e-01  2.598e+00  
4.738e-01  1.690e-01  2.521e+00  
6.537e-01  4.079e-02  2.777e+00  
4.024e-01  2.649e-01  2.411e+00  
4.726e-01  1.661e-01  2.570e+00  
4.188e-01  2.298e-01  2.485e+00  
5.378e-01  1.042e-01  2.718e+00  
3.892e-01  2.714e-01  2.449e+00  
4.819e-01  1.519e-01  2.660e+00  
4.162e-01  2.273e-01  2.546e+00  
5.918e-01  6.485e-02  2.882e+00  
3.578e-01  3.167e-01  2.434e+00  
4.418e-01  1.906e-01  2.654e+00  
3.821e-01  2.688e-01  2.535e+00  
5.298e-01  1.036e-01  2.867e+00  
3.520e-01  3.150e-01  2.487e+00  
4.616e-01  1.639e-01  2.778e+00  
3.854e-01  2.571e-01  2.608e+00  
6.343e-01  4.026e-02  3.143e+00  
3.101e-01  3.995e-01  2.407e+00  
3.814e-01  2.588e-01  2.657e+00  
3.296e-01  3.434e-01  2.517e+00  
4.515e-01  1.665e-01  2.896e+00  
3.031e-01  3.939e-01  2.465e+00  
3.956e-01  2.323e-01  2.789e+00  
3.310e-01  3.316e-01  2.603e+00  
5.099e-01  1.077e-01  3.146e+00  
2.785e-01  4.427e-01  2.439e+00  
3.594e-01  2.801e-01  2.750e+00  
3.026e-01  3.797e-01  2.577e+00  
4.488e-01  1.613e-01  3.097e+00  
2.759e-01  4.356e-01  2.509e+00  
3.804e-01  2.416e-01  2.940e+00  
3.069e-01  3.616e-01  2.688e+00  
5.510e-01  7.196e-02  3.542e+00  
2.419e-01  5.183e-01  2.427e+00  
3.146e-01  3.419e-01  2.795e+00  
2.628e-01  4.498e-01  2.584e+00  
3.933e-01  2.144e-01  3.183e+00  
2.383e-01  5.103e-01  2.493e+00  
3.318e-01  3.040e-01  2.974e+00  
2.655e-01  4.326e-01  2.702e+00  
2.233e-01  1.031e-01  3.599e+00  
2.151e-01  5.676e-01  2.463e+00  
2.933e-01  3.652e-01  2.948e+00  
2.373e-01  4.915e-01  2.667e+00  
3.938e-01  2.001e-01  3.523e+00  
2.120e-01  5.574e-01  2.569e+00  
3.153e-01  3.150e-01  3.228e+00  
2.411e-01  4.693e-01  2.828e+00  
3.191e-01  3.508e-02  3.611e+00  
1.750e-01  6.876e-01  2.408e+00  
2.317e-01  4.846e-01  2.886e+00  
1.890e-01  6.080e-01  2.608e+00  
2.941e-01  3.394e-01  3.399e+00  
1.678e-01  6.785e-01  2.503e+00  
2.397e-01  4.499e-01  3.128e+00  
1.866e-01  5.967e-01  2.762e+00  
2.233e-01  1.031e-01  3.599e+00  
1.460e-01  7.524e-01  2.459e+00  
2.037e-01  5.313e-01  3.087e+00  
1.598e-01  6.736e-01  2.711e+00  
1.673e-01  1.754e-01  3.599e+00  
1.382e-01  7.540e-01  2.580e+00  
2.116e-01  4.897e-01  3.469e+00  
1.551e-01  6.658e-01  2.926e+00  
1.948e-01  1.033e-01  3.915e+00  
1.100e-01  8.825e-01  2.435e+00  
1.517e-01  6.579e-01  3.154e+00  
1.172e-01  8.073e-01  2.724e+00  
1.165e-01  2.687e-01  3.599e+00  
9.805e-02  8.990e-01  2.557e+00  
1.284e-01  2.447e-01  3.599e+00  
1.057e-01  8.231e-01  2.965e+00  
1.291e-01  1.801e-01  4.153e+00  
7.449e-02  1.013e+00  2.515e+00  
1.059e-01  7.767e-01  3.551e+00  
7.501e-02  9.588e-01  2.900e+00  
8.228e-02  2.957e-01  4.008e+00  
5.650e-02  1.080e+00  2.700e+00  
5.536e-02  4.603e-01  3.602e+00  
5.205e-02  1.044e+00  3.334e+00  
4.724e-02  7.291e-02  4.789e+00  
2.656e-02  1.376e+00  2.431e+00  
2.161e-02  7.319e-01  3.605e+00  
