7.973e-01  5.931e-02  2.440e+00  
6.622e-02  1.413e+00  2.442e+00  
6.653e-02  6.207e-02  5.970e+00  
7.084e-01  8.195e-02  2.460e+00  
6.363e-01  1.180e-01  2.454e+00  
6.858e-01  8.687e-02  2.523e+00  
5.706e-01  1.611e-01  2.452e+00  
6.251e-01  1.154e-01  2.532e+00  
5.700e-01  1.560e-01  2.493e+00  
6.826e-01  8.433e-02  2.618e+00  
5.072e-01  2.180e-01  2.447e+00  
5.702e-01  1.508e-01  2.552e+00  
5.171e-01  1.999e-01  2.500e+00  
6.258e-01  1.091e-01  2.649e+00  
4.833e-01  2.368e-01  2.478e+00  
5.695e-01  1.459e-01  2.631e+00  
5.051e-01  2.056e-01  2.553e+00  
6.752e-01  8.136e-02  2.790e+00  
4.373e-01  2.990e-01  2.444e+00  
5.037e-01  2.023e-01  2.594e+00  
4.515e-01  2.644e-01  2.516e+00  
5.667e-01  1.428e-01  2.728e+00  
4.235e-01  3.054e-01  2.482e+00  
5.114e-01  1.890e-01  2.688e+00  
4.493e-01  2.606e-01  2.572e+00  
6.165e-01  1.050e-01  2.888e+00  
3.937e-01  3.484e-01  2.464e+00  
4.737e-01  2.263e-01  2.680e+00  
4.170e-01  3.026e-01  2.553e+00  
5.579e-01  1.420e-01  2.890e+00  
3.879e-01  3.475e-01  2.509e+00  
4.923e-01  2.006e-01  2.788e+00  
4.199e-01  2.909e-01  2.640e+00  
6.573e-01  8.094e-02  3.152e+00  
3.459e-01  4.304e-01  2.443e+00  
4.154e-01  2.919e-01  2.687e+00  
3.654e-01  3.752e-01  2.552e+00  
4.829e-01  2.033e-01  2.914e+00  
3.399e-01  4.246e-01  2.494e+00  
4.292e-01  2.671e-01  2.800e+00  
3.673e-01  3.633e-01  2.633e+00  
5.394e-01  1.463e-01  3.153e+00  
3.159e-01  4.720e-01  2.472e+00  
3.943e-01  3.131e-01  2.786e+00  
3.397e-01  4.105e-01  2.600e+00  
4.790e-01  1.977e-01  3.107e+00  
3.134e-01  4.643e-01  2.538e+00  
4.140e-01  2.764e-01  2.949e+00  
3.439e-01  3.929e-01  2.714e+00  
5.774e-01  1.116e-01  3.523e+00  
2.799e-01  5.448e-01  2.461e+00  
3.510e-01  3.734e-01  2.805e+00  
3.005e-01  4.779e-01  2.612e+00  
4.270e-01  2.499e-01  3.189e+00  
2.764e-01  5.348e-01  2.525e+00  
3.674e-01  3.353e-01  2.995e+00  
3.036e-01  4.612e-01  2.730e+00  
2.706e-01  1.287e-01  3.635e+00  
2.541e-01  5.905e-01  2.501e+00  
3.305e-01  3.962e-01  2.961e+00  
2.763e-01  5.178e-01  2.687e+00  
4.272e-01  2.358e-01  3.511e+00  
2.514e-01  5.824e-01  2.593e+00  
3.514e-01  3.474e-01  3.232e+00  
2.797e-01  4.963e-01  2.840e+00  
3.585e-01  7.566e-02  3.641e+00  
2.166e-01  7.041e-01  2.438e+00  
2.706e-01  5.114e-01  2.900e+00  
2.291e-01  6.302e-01  2.625e+00  
3.309e-01  3.686e-01  3.414e+00  
2.084e-01  7.010e-01  2.531e+00  
2.793e-01  4.781e-01  3.109e+00  
2.269e-01  6.204e-01  2.781e+00  
2.389e-01  1.619e-01  3.634e+00  
1.876e-01  7.696e-01  2.490e+00  
2.435e-01  5.560e-01  3.073e+00  
2.007e-01  6.937e-01  2.726e+00  
2.389e-01  1.619e-01  3.634e+00  
1.798e-01  7.697e-01  2.610e+00  
2.509e-01  5.139e-01  3.478e+00  
1.965e-01  6.862e-01  2.938e+00  
2.338e-01  1.420e-01  3.898e+00  
1.526e-01  8.930e-01  2.466e+00  
1.932e-01  6.798e-01  3.163e+00  
1.591e-01  8.208e-01  2.748e+00  
1.886e-01  2.384e-01  3.636e+00  
1.405e-01  9.095e-01  2.604e+00  
1.889e-01  6.593e-01  3.594e+00  
1.478e-01  8.354e-01  2.982e+00  
1.695e-01  2.181e-01  4.098e+00  
1.178e-01  1.014e+00  2.540e+00  
1.482e-01  7.958e-01  3.540e+00  
1.180e-01  9.597e-01  2.927e+00  
1.256e-01  3.243e-01  3.973e+00  
1.000e-01  1.071e+00  2.732e+00  
1.001e-01  4.729e-01  3.640e+00  
9.607e-02  1.041e+00  3.286e+00  
9.132e-02  1.098e-01  4.826e+00  
7.155e-02  1.330e+00  2.466e+00  
6.796e-02  6.731e-01  3.644e+00  
