7.826e-01  5.425e-02  2.434e+00  
6.146e-02  1.388e+00  2.435e+00  
5.973e-02  5.426e-02  5.973e+00  
6.986e-01  7.605e-02  2.454e+00  
6.244e-01  1.118e-01  2.450e+00  
6.739e-01  8.060e-02  2.507e+00  
5.635e-01  1.550e-01  2.444e+00  
6.171e-01  1.092e-01  2.525e+00  
5.609e-01  1.500e-01  2.488e+00  
6.706e-01  7.727e-02  2.616e+00  
5.011e-01  2.109e-01  2.439e+00  
5.616e-01  1.442e-01  2.539e+00  
5.090e-01  1.931e-01  2.488e+00  
6.160e-01  1.027e-01  2.645e+00  
4.756e-01  2.296e-01  2.470e+00  
5.613e-01  1.390e-01  2.614e+00  
4.974e-01  1.989e-01  2.545e+00  
6.665e-01  7.527e-02  2.759e+00  
4.303e-01  2.922e-01  2.436e+00  
4.961e-01  1.960e-01  2.588e+00  
4.457e-01  2.575e-01  2.509e+00  
5.570e-01  1.365e-01  2.733e+00  
4.168e-01  2.981e-01  2.474e+00  
5.042e-01  1.820e-01  2.679e+00  
4.425e-01  2.550e-01  2.570e+00  
6.068e-01  9.948e-02  2.894e+00  
3.874e-01  3.412e-01  2.459e+00  
4.665e-01  2.196e-01  2.672e+00  
4.101e-01  2.954e-01  2.552e+00  
5.496e-01  1.359e-01  2.886e+00  
3.813e-01  3.397e-01  2.508e+00  
4.848e-01  1.936e-01  2.790e+00  
4.130e-01  2.838e-01  2.633e+00  
6.500e-01  7.447e-02  3.160e+00  
3.403e-01  4.213e-01  2.436e+00  
4.091e-01  2.859e-01  2.670e+00  
3.594e-01  3.680e-01  2.542e+00  
4.760e-01  1.966e-01  2.900e+00  
3.349e-01  4.169e-01  2.478e+00  
4.223e-01  2.601e-01  2.793e+00  
3.611e-01  3.552e-01  2.624e+00  
5.315e-01  1.403e-01  3.137e+00  
3.100e-01  4.627e-01  2.465e+00  
3.878e-01  3.054e-01  2.772e+00  
3.336e-01  4.021e-01  2.592e+00  
4.733e-01  1.915e-01  3.096e+00  
3.075e-01  4.559e-01  2.532e+00  
4.075e-01  2.695e-01  2.937e+00  
3.377e-01  3.848e-01  2.697e+00  
5.682e-01  1.054e-01  3.526e+00  
2.751e-01  5.355e-01  2.453e+00  
3.446e-01  3.662e-01  2.797e+00  
2.946e-01  4.695e-01  2.601e+00  
4.207e-01  2.428e-01  3.169e+00  
2.709e-01  5.275e-01  2.528e+00  
3.607e-01  3.292e-01  2.996e+00  
2.976e-01  4.515e-01  2.722e+00  
2.369e-01  1.526e-01  3.629e+00  
2.485e-01  5.812e-01  2.493e+00  
3.241e-01  3.882e-01  2.950e+00  
2.703e-01  5.088e-01  2.685e+00  
4.208e-01  2.287e-01  3.517e+00  
2.458e-01  5.729e-01  2.580e+00  
3.454e-01  3.394e-01  3.220e+00  
2.737e-01  4.882e-01  2.831e+00  
3.543e-01  6.963e-02  3.635e+00  
2.118e-01  7.009e-01  2.433e+00  
2.644e-01  5.018e-01  2.883e+00  
2.236e-01  6.208e-01  2.619e+00  
3.240e-01  3.636e-01  3.404e+00  
2.021e-01  6.888e-01  2.520e+00  
2.730e-01  4.688e-01  3.145e+00  
2.212e-01  6.097e-01  2.766e+00  
2.369e-01  1.526e-01  3.629e+00  
1.822e-01  7.579e-01  2.476e+00  
2.372e-01  5.453e-01  3.085e+00  
1.954e-01  6.832e-01  2.709e+00  
1.922e-01  2.130e-01  3.629e+00  
1.741e-01  7.597e-01  2.592e+00  
2.453e-01  5.069e-01  3.399e+00  
1.906e-01  6.758e-01  2.925e+00  
2.300e-01  1.361e-01  3.846e+00  
1.471e-01  8.801e-01  2.457e+00  
1.871e-01  6.670e-01  3.147e+00  
1.540e-01  8.104e-01  2.720e+00  
1.239e-01  3.533e-01  3.629e+00  
1.356e-01  8.938e-01  2.590e+00  
1.838e-01  6.464e-01  3.601e+00  
1.422e-01  8.263e-01  2.978e+00  
1.649e-01  2.094e-01  4.103e+00  
1.129e-01  1.001e+00  2.536e+00  
1.425e-01  7.821e-01  3.526e+00  
1.134e-01  9.482e-01  2.915e+00  
1.201e-01  3.150e-01  3.956e+00  
9.553e-02  1.060e+00  2.721e+00  
8.721e-02  4.802e-01  3.631e+00  
9.146e-02  1.028e+00  3.296e+00  
8.885e-02  9.320e-02  4.819e+00  
6.701e-02  1.308e+00  2.459e+00  
6.258e-02  6.395e-01  3.636e+00  
