8.837e-01  1.645e+00  
7.218e-02  3.965e+00  
8.778e-01  1.649e+00  
8.728e-01  1.657e+00  
8.695e-01  1.666e+00  
8.666e-01  1.674e+00  
8.642e-01  1.683e+00  
8.619e-01  1.692e+00  
8.598e-01  1.701e+00  
8.579e-01  1.710e+00  
8.560e-01  1.719e+00  
8.542e-01  1.729e+00  
8.525e-01  1.738e+00  
8.509e-01  1.748e+00  
8.492e-01  1.758e+00  
8.476e-01  1.769e+00  
8.460e-01  1.779e+00  
8.446e-01  1.790e+00  
8.430e-01  1.801e+00  
8.416e-01  1.812e+00  
8.401e-01  1.823e+00  
8.386e-01  1.835e+00  
8.373e-01  1.847e+00  
8.358e-01  1.859e+00  
8.344e-01  1.872e+00  
8.329e-01  1.884e+00  
8.315e-01  1.898e+00  
8.301e-01  1.911e+00  
8.286e-01  1.925e+00  
8.273e-01  1.939e+00  
8.258e-01  1.953e+00  
8.243e-01  1.968e+00  
8.229e-01  1.983e+00  
8.213e-01  1.999e+00  
8.199e-01  2.015e+00  
8.184e-01  2.032e+00  
8.169e-01  2.049e+00  
8.154e-01  2.066e+00  
8.137e-01  2.085e+00  
8.124e-01  2.103e+00  
8.107e-01  2.122e+00  
8.091e-01  2.141e+00  
8.074e-01  2.163e+00  
8.057e-01  2.184e+00  
8.041e-01  2.204e+00  
8.023e-01  2.227e+00  
8.005e-01  2.251e+00  
7.988e-01  2.273e+00  
7.969e-01  2.299e+00  
7.949e-01  2.324e+00  
7.931e-01  2.351e+00  
7.911e-01  2.378e+00  
7.891e-01  2.407e+00  
7.870e-01  2.436e+00  
4.507e-01  2.449e+00  
4.506e-01  2.449e+00  
4.506e-01  2.449e+00  
4.507e-01  2.449e+00  
4.507e-01  2.449e+00  
4.507e-01  2.449e+00  
4.507e-01  2.449e+00  
4.506e-01  2.449e+00  
4.507e-01  2.449e+00  
4.507e-01  2.449e+00  
4.507e-01  2.449e+00  
4.507e-01  2.449e+00  
4.507e-01  2.449e+00  
4.506e-01  2.449e+00  
4.508e-01  2.449e+00  
4.407e-01  2.461e+00  
4.335e-01  2.484e+00  
4.276e-01  2.511e+00  
4.223e-01  2.543e+00  
4.175e-01  2.577e+00  
4.130e-01  2.613e+00  
4.085e-01  2.654e+00  
4.041e-01  2.697e+00  
3.997e-01  2.745e+00  
3.953e-01  2.794e+00  
3.908e-01  2.850e+00  
3.861e-01  2.909e+00  
3.813e-01  2.973e+00  
3.762e-01  3.044e+00  
3.708e-01  3.121e+00  
3.650e-01  3.204e+00  
1.684e-01  3.241e+00  
1.680e-01  3.241e+00  
1.680e-01  3.241e+00  
1.678e-01  3.241e+00  
1.680e-01  3.241e+00  
1.680e-01  3.241e+00  
1.684e-01  3.241e+00  
1.680e-01  3.241e+00  
1.678e-01  3.241e+00  
1.669e-01  3.242e+00  
1.517e-01  3.302e+00  
1.384e-01  3.439e+00  
1.244e-01  3.646e+00  
1.074e-01  3.923e+00  
7.265e-02  3.964e+00  
