1.980e+00  2.159e-04  2.626e-04  
4.167e-04  3.919e+00  4.441e-04  
6.214e-04  5.943e-04  5.873e+00  
1.632e+00  6.312e-02  6.311e-02  
1.440e+00  1.533e-01  5.108e-02  
1.583e+00  7.569e-02  2.263e-01  
1.279e+00  2.624e-01  3.736e-02  
1.432e+00  1.473e-01  2.456e-01  
1.282e+00  2.504e-01  1.499e-01  
1.583e+00  6.913e-02  4.828e-01  
1.118e+00  4.036e-01  2.696e-02  
1.290e+00  2.368e-01  3.034e-01  
1.150e+00  3.598e-01  1.636e-01  
1.440e+00  1.323e-01  5.739e-01  
1.060e+00  4.525e-01  1.040e-01  
1.293e+00  2.263e-01  4.978e-01  
1.123e+00  3.760e-01  2.925e-01  
1.580e+00  6.213e-02  9.330e-01  
9.377e-01  6.049e-01  1.956e-02  
1.124e+00  3.694e-01  4.184e-01  
9.874e-01  5.240e-01  2.045e-01  
1.291e+00  2.187e-01  7.812e-01  
9.110e-01  6.247e-01  1.156e-01  
1.150e+00  3.362e-01  6.381e-01  
9.830e-01  5.192e-01  3.522e-01  
1.110e+00  5.688e-02  1.192e+00  
8.346e-01  7.329e-01  7.477e-02  
1.051e+00  4.313e-01  6.305e-01  
9.002e-01  6.216e-01  3.247e-01  
1.277e+00  2.184e-01  1.176e+00  
8.244e-01  7.333e-01  2.053e-01  
1.104e+00  3.675e-01  9.391e-01  
9.116e-01  5.953e-01  5.247e-01  
1.109e+00  4.424e-02  1.370e+00  
7.139e-01  9.310e-01  1.484e-02  
9.026e-01  6.009e-01  6.395e-01  
7.703e-01  8.062e-01  2.915e-01  
9.093e-01  1.713e-01  1.192e+00  
7.037e-01  9.260e-01  1.511e-01  
9.430e-01  5.376e-01  9.561e-01  
7.786e-01  7.797e-01  4.979e-01  
8.889e-01  1.655e-01  1.348e+00  
6.417e-01  1.043e+00  8.816e-02  
8.514e-01  6.557e-01  8.983e-01  
7.064e-01  8.974e-01  4.383e-01  
7.810e-01  2.630e-01  1.267e+00  
6.378e-01  1.031e+00  2.610e-01  
6.335e-01  4.473e-01  1.192e+00  
7.211e-01  8.570e-01  7.098e-01  
9.492e-01  1.002e-01  2.035e+00  
5.513e-01  1.225e+00  6.008e-02  
7.417e-01  8.111e-01  9.771e-01  
6.085e-01  1.070e+00  4.506e-01  
6.788e-01  3.570e-01  1.402e+00  
5.453e-01  1.213e+00  2.509e-01  
5.774e-01  5.241e-01  1.192e+00  
6.186e-01  1.032e+00  7.511e-01  
8.107e-01  1.896e-01  2.237e+00  
4.876e-01  1.348e+00  1.654e-01  
5.105e-01  6.267e-01  1.192e+00  
5.482e-01  1.175e+00  6.583e-01  
6.738e-01  3.287e-01  2.011e+00  
4.828e-01  1.335e+00  4.075e-01  
5.378e-01  5.361e-01  1.478e+00  
5.600e-01  1.129e+00  1.058e+00  
6.260e-01  3.979e-02  2.507e+00  
3.872e-01  1.628e+00  1.289e-02  
2.934e-01  1.071e+00  1.192e+00  
4.269e-01  1.461e+00  5.073e-01  
4.958e-01  5.779e-01  1.809e+00  
3.728e-01  1.627e+00  2.488e-01  
4.038e-01  7.805e-01  1.345e+00  
4.239e-01  1.442e+00  8.945e-01  
3.583e-01  2.969e-01  2.390e+00  
3.188e-01  1.799e+00  1.359e-01  
3.404e-01  9.334e-01  1.239e+00  
3.566e-01  1.629e+00  7.626e-01  
3.583e-01  2.969e-01  2.390e+00  
3.016e-01  1.818e+00  4.401e-01  
3.490e-01  8.436e-01  1.925e+00  
2.219e-01  1.272e+00  1.192e+00  
3.859e-01  1.891e-01  3.265e+00  
2.297e-01  2.111e+00  8.567e-02  
2.451e-01  1.156e+00  1.346e+00  
2.508e-01  1.960e+00  7.919e-01  
2.309e-01  5.147e-01  2.390e+00  
2.023e-01  2.173e+00  4.265e-01  
2.355e-01  1.107e+00  2.188e+00  
1.459e-01  1.539e+00  1.192e+00  
8.545e-02  2.943e-01  3.585e+00  
1.441e-01  2.449e+00  2.768e-01  
1.602e-01  1.360e+00  2.052e+00  
9.782e-02  1.755e+00  1.192e+00  
1.437e-01  6.044e-01  3.465e+00  
1.007e-01  2.634e+00  7.711e-01  
8.086e-02  9.196e-01  2.443e+00  
6.500e-02  1.836e+00  1.670e+00  
4.464e-02  4.051e-02  4.771e+00  
2.661e-02  3.318e+00  7.936e-02  
8.023e-03  1.435e+00  2.390e+00  
