1.389e+00  7.951e-01  
8.463e-04  3.936e+00  
1.381e+00  8.021e-01  
1.374e+00  8.164e-01  
1.369e+00  8.308e-01  
1.366e+00  8.455e-01  
1.362e+00  8.605e-01  
1.359e+00  8.758e-01  
1.357e+00  8.913e-01  
1.354e+00  9.071e-01  
1.351e+00  9.233e-01  
1.349e+00  9.397e-01  
1.347e+00  9.565e-01  
1.344e+00  9.736e-01  
1.342e+00  9.911e-01  
1.340e+00  1.009e+00  
1.338e+00  1.027e+00  
1.336e+00  1.046e+00  
1.334e+00  1.065e+00  
1.332e+00  1.084e+00  
1.330e+00  1.104e+00  
1.328e+00  1.125e+00  
1.326e+00  1.145e+00  
1.324e+00  1.167e+00  
1.322e+00  1.189e+00  
1.320e+00  1.211e+00  
1.318e+00  1.234e+00  
1.316e+00  1.257e+00  
1.314e+00  1.282e+00  
1.312e+00  1.306e+00  
1.310e+00  1.332e+00  
1.308e+00  1.358e+00  
1.305e+00  1.385e+00  
1.303e+00  1.412e+00  
1.301e+00  1.440e+00  
1.299e+00  1.469e+00  
1.297e+00  1.499e+00  
1.295e+00  1.530e+00  
1.293e+00  1.562e+00  
8.330e-01  1.593e+00  
8.330e-01  1.593e+00  
8.330e-01  1.593e+00  
8.330e-01  1.593e+00  
8.330e-01  1.593e+00  
8.330e-01  1.593e+00  
8.330e-01  1.593e+00  
8.330e-01  1.593e+00  
8.330e-01  1.593e+00  
8.330e-01  1.593e+00  
8.330e-01  1.593e+00  
8.236e-01  1.601e+00  
8.143e-01  1.626e+00  
8.075e-01  1.653e+00  
8.018e-01  1.682e+00  
7.967e-01  1.714e+00  
7.920e-01  1.747e+00  
7.875e-01  1.781e+00  
7.832e-01  1.817e+00  
7.790e-01  1.855e+00  
7.750e-01  1.894e+00  
7.709e-01  1.936e+00  
7.669e-01  1.979e+00  
7.629e-01  2.025e+00  
7.589e-01  2.073e+00  
7.548e-01  2.123e+00  
7.507e-01  2.176e+00  
7.465e-01  2.231e+00  
7.422e-01  2.290e+00  
7.378e-01  2.351e+00  
3.913e-01  2.390e+00  
3.913e-01  2.390e+00  
3.913e-01  2.390e+00  
3.913e-01  2.390e+00  
3.913e-01  2.390e+00  
3.913e-01  2.390e+00  
3.913e-01  2.390e+00  
3.913e-01  2.390e+00  
3.913e-01  2.390e+00  
3.913e-01  2.390e+00  
3.913e-01  2.390e+00  
3.913e-01  2.390e+00  
3.772e-01  2.414e+00  
3.649e-01  2.471e+00  
3.548e-01  2.545e+00  
3.454e-01  2.631e+00  
3.364e-01  2.729e+00  
3.273e-01  2.840e+00  
3.179e-01  2.966e+00  
3.080e-01  3.108e+00  
1.075e-01  3.181e+00  
1.075e-01  3.181e+00  
1.075e-01  3.181e+00  
1.075e-01  3.181e+00  
1.075e-01  3.181e+00  
1.075e-01  3.181e+00  
1.075e-01  3.181e+00  
9.106e-02  3.239e+00  
7.049e-02  3.467e+00  
4.751e-02  3.817e+00  
4.368e-03  3.895e+00  
