1.375e+00  1.347e-04  1.193e+00  
3.008e-04  2.719e+00  1.193e+00  
4.630e-04  4.480e-04  5.885e+00  
1.128e+00  4.354e-02  1.236e+00  
9.956e-01  1.059e-01  1.227e+00  
1.091e+00  5.209e-02  1.348e+00  
8.843e-01  1.814e-01  1.218e+00  
9.866e-01  1.015e-01  1.361e+00  
8.844e-01  1.727e-01  1.296e+00  
1.088e+00  4.745e-02  1.525e+00  
7.734e-01  2.792e-01  1.211e+00  
8.874e-01  1.632e-01  1.402e+00  
7.927e-01  2.482e-01  1.305e+00  
9.893e-01  9.084e-02  1.586e+00  
7.320e-01  3.123e-01  1.264e+00  
8.888e-01  1.555e-01  1.534e+00  
7.736e-01  2.588e-01  1.394e+00  
1.083e+00  4.259e-02  1.832e+00  
6.490e-01  4.186e-01  1.206e+00  
7.725e-01  2.541e-01  1.480e+00  
6.805e-01  3.611e-01  1.334e+00  
8.853e-01  1.501e-01  1.729e+00  
6.288e-01  4.312e-01  1.271e+00  
7.891e-01  2.307e-01  1.633e+00  
6.763e-01  3.572e-01  1.437e+00  
9.776e-01  8.509e-02  2.016e+00  
5.764e-01  5.062e-01  1.245e+00  
7.214e-01  2.962e-01  1.624e+00  
6.196e-01  4.277e-01  1.416e+00  
8.735e-01  1.494e-01  1.999e+00  
5.682e-01  5.054e-01  1.334e+00  
7.564e-01  2.517e-01  1.835e+00  
6.262e-01  4.090e-01  1.553e+00  
6.658e-01  3.389e-02  2.390e+00  
4.942e-01  6.446e-01  1.202e+00  
6.196e-01  4.124e-01  1.631e+00  
5.304e-01  5.550e-01  1.393e+00  
7.425e-01  2.572e-01  2.026e+00  
4.853e-01  6.387e-01  1.297e+00  
6.460e-01  3.683e-01  1.845e+00  
5.349e-01  5.359e-01  1.534e+00  
4.946e-01  1.437e-01  2.390e+00  
4.430e-01  7.204e-01  1.253e+00  
5.835e-01  4.492e-01  1.808e+00  
4.856e-01  6.171e-01  1.493e+00  
7.382e-01  2.483e-01  2.388e+00  
4.394e-01  7.097e-01  1.371e+00  
6.207e-01  3.866e-01  2.108e+00  
4.947e-01  5.880e-01  1.679e+00  
5.889e-01  6.211e-02  2.456e+00  
3.810e-01  8.461e-01  1.234e+00  
5.081e-01  5.558e-01  1.855e+00  
4.183e-01  7.355e-01  1.502e+00  
4.070e-01  2.344e-01  2.390e+00  
3.756e-01  8.353e-01  1.365e+00  
5.387e-01  4.919e-01  2.197e+00  
4.244e-01  7.078e-01  1.707e+00  
4.980e-01  1.164e-01  2.567e+00  
3.362e-01  9.297e-01  1.306e+00  
4.739e-01  5.959e-01  2.120e+00  
3.763e-01  8.064e-01  1.645e+00  
4.186e-01  2.045e-01  2.443e+00  
3.320e-01  9.181e-01  1.473e+00  
4.070e-01  2.344e-01  2.390e+00  
3.835e-01  7.726e-01  1.912e+00  
5.757e-01  3.655e-02  3.498e+00  
2.681e-01  1.127e+00  1.201e+00  
3.673e-01  7.990e-01  2.015e+00  
2.934e-01  1.004e+00  1.540e+00  
3.033e-01  3.802e-01  2.390e+00  
2.568e-01  1.120e+00  1.364e+00  
3.551e-01  3.015e-01  2.390e+00  
2.904e-01  9.882e-01  1.804e+00  
3.539e-01  2.398e-01  2.998e+00  
2.199e-01  1.241e+00  1.286e+00  
3.208e-01  8.799e-01  2.353e+00  
2.444e-01  1.117e+00  1.718e+00  
2.805e-01  3.576e-01  2.825e+00  
2.073e-01  1.250e+00  1.496e+00  
2.190e-01  5.294e-01  2.401e+00  
2.374e-01  1.109e+00  2.083e+00  
2.029e-01  9.658e-02  3.585e+00  
1.587e-01  1.458e+00  1.251e+00  
1.543e-01  7.000e-01  2.390e+00  
1.718e-01  1.344e+00  1.738e+00  
1.989e-01  4.972e-01  3.053e+00  
1.391e-01  1.494e+00  1.485e+00  
1.449e-01  6.817e-01  2.538e+00  
1.531e-01  1.378e+00  2.165e+00  
1.461e-01  1.726e-01  3.585e+00  
9.918e-02  1.687e+00  1.383e+00  
9.927e-02  8.425e-01  2.465e+00  
1.015e-01  1.603e+00  2.061e+00  
8.113e-02  3.054e-01  3.585e+00  
6.916e-02  1.806e+00  1.721e+00  
7.384e-02  8.397e-01  3.422e+00  
4.530e-02  1.124e+00  2.390e+00  
3.589e-02  5.455e-02  4.771e+00  
1.837e-02  2.291e+00  1.247e+00  
7.353e-03  1.358e+00  2.683e+00  
