8.350e-01  1.596e+00  
5.370e-03  3.905e+00  
8.289e-01  1.600e+00  
8.239e-01  1.609e+00  
8.204e-01  1.617e+00  
8.176e-01  1.626e+00  
8.151e-01  1.635e+00  
8.129e-01  1.644e+00  
8.107e-01  1.653e+00  
8.088e-01  1.662e+00  
8.069e-01  1.672e+00  
8.051e-01  1.682e+00  
8.033e-01  1.692e+00  
8.016e-01  1.702e+00  
8.000e-01  1.712e+00  
7.984e-01  1.723e+00  
7.969e-01  1.733e+00  
7.953e-01  1.744e+00  
7.938e-01  1.756e+00  
7.923e-01  1.767e+00  
7.908e-01  1.779e+00  
7.893e-01  1.791e+00  
7.878e-01  1.803e+00  
7.864e-01  1.815e+00  
7.849e-01  1.828e+00  
7.835e-01  1.841e+00  
7.820e-01  1.855e+00  
7.805e-01  1.869e+00  
7.791e-01  1.882e+00  
7.777e-01  1.897e+00  
7.762e-01  1.912e+00  
7.747e-01  1.927e+00  
7.733e-01  1.943e+00  
7.717e-01  1.959e+00  
7.702e-01  1.976e+00  
7.687e-01  1.992e+00  
7.671e-01  2.010e+00  
7.656e-01  2.027e+00  
7.641e-01  2.046e+00  
7.624e-01  2.065e+00  
7.608e-01  2.085e+00  
7.592e-01  2.105e+00  
7.575e-01  2.126e+00  
7.558e-01  2.146e+00  
7.540e-01  2.169e+00  
7.523e-01  2.192e+00  
7.505e-01  2.216e+00  
7.487e-01  2.240e+00  
7.468e-01  2.265e+00  
7.449e-01  2.292e+00  
7.430e-01  2.319e+00  
7.410e-01  2.347e+00  
7.389e-01  2.376e+00  
3.940e-01  2.393e+00  
3.940e-01  2.393e+00  
3.937e-01  2.393e+00  
3.940e-01  2.393e+00  
3.940e-01  2.393e+00  
3.941e-01  2.393e+00  
3.942e-01  2.393e+00  
3.942e-01  2.393e+00  
3.941e-01  2.393e+00  
3.941e-01  2.393e+00  
3.937e-01  2.393e+00  
3.942e-01  2.393e+00  
3.939e-01  2.393e+00  
3.940e-01  2.393e+00  
3.940e-01  2.393e+00  
3.860e-01  2.400e+00  
3.782e-01  2.422e+00  
3.722e-01  2.448e+00  
3.669e-01  2.478e+00  
3.620e-01  2.511e+00  
3.575e-01  2.547e+00  
3.530e-01  2.585e+00  
3.487e-01  2.627e+00  
3.444e-01  2.671e+00  
3.400e-01  2.720e+00  
3.356e-01  2.772e+00  
3.311e-01  2.828e+00  
3.264e-01  2.889e+00  
3.215e-01  2.955e+00  
3.164e-01  3.028e+00  
3.109e-01  3.106e+00  
1.103e-01  3.183e+00  
1.103e-01  3.183e+00  
1.103e-01  3.183e+00  
1.103e-01  3.183e+00  
1.103e-01  3.183e+00  
1.103e-01  3.183e+00  
1.102e-01  3.183e+00  
1.102e-01  3.183e+00  
1.103e-01  3.183e+00  
1.103e-01  3.183e+00  
1.007e-01  3.203e+00  
8.711e-02  3.299e+00  
7.409e-02  3.457e+00  
5.967e-02  3.679e+00  
7.099e-03  3.898e+00  
7.099e-03  3.898e+00  
