2.999e+00  1.000e+00  1.001e+00  
8.569e-01  1.715e+00  8.590e-01  
1.343e-03  2.519e-03  5.993e+00  
2.999e+00  1.000e+00  1.001e+00  
2.004e+00  1.498e+00  5.021e-01  
2.385e+00  1.000e+00  2.844e+00  
1.505e+00  1.747e+00  2.527e-01  
2.783e+00  1.000e+00  1.649e+00  
2.502e+00  1.249e+00  7.514e-01  
3.008e-01  6.013e-01  4.198e+00  
1.255e+00  1.872e+00  1.280e-01  
2.913e+00  1.000e+00  1.261e+00  
2.253e+00  1.373e+00  6.267e-01  
4.095e-01  8.187e-01  3.545e+00  
1.754e+00  1.623e+00  3.774e-01  
2.647e+00  1.000e+00  2.058e+00  
2.752e+00  1.124e+00  8.761e-01  
1.676e-01  3.348e-01  4.998e+00  
1.130e+00  1.935e+00  6.570e-02  
2.956e+00  1.000e+00  1.131e+00  
2.129e+00  1.436e+00  5.644e-01  
4.571e-01  9.138e-01  3.260e+00  
1.630e+00  1.685e+00  3.151e-01  
2.720e+00  1.000e+00  1.838e+00  
2.396e+00  1.267e+00  8.685e-01  
2.376e-01  4.749e-01  4.576e+00  
1.380e+00  1.810e+00  1.904e-01  
2.608e+00  1.071e+00  1.567e+00  
2.053e+00  1.419e+00  7.458e-01  
3.578e-01  7.152e-01  3.856e+00  
1.787e+00  1.591e+00  4.483e-01  
2.672e+00  1.000e+00  1.984e+00  
2.032e+00  1.328e+00  1.174e+00  
8.916e-02  1.781e-01  5.467e+00  
1.068e+00  1.966e+00  3.454e-02  
1.957e+00  1.304e+00  1.389e+00  
1.554e+00  1.627e+00  5.910e-01  
4.790e-01  9.579e-01  3.127e+00  
1.355e+00  1.783e+00  2.948e-01  
2.031e+00  1.160e+00  2.067e+00  
1.520e+00  1.524e+00  9.787e-01  
2.701e-01  5.397e-01  4.382e+00  
1.162e+00  1.890e+00  1.632e-01  
1.673e+00  1.290e+00  1.769e+00  
1.287e+00  1.638e+00  8.021e-01  
3.843e-01  7.684e-01  3.696e+00  
1.113e+00  1.798e+00  4.608e-01  
1.786e+00  1.115e+00  2.637e+00  
1.265e+00  1.506e+00  1.249e+00  
1.294e-01  2.587e-01  5.225e+00  
9.817e-01  1.964e+00  1.103e-01  
1.265e+00  1.385e+00  1.673e+00  
9.831e-01  1.733e+00  7.342e-01  
4.338e-01  8.674e-01  3.399e+00  
9.282e-01  1.857e+00  4.312e-01  
5.946e-01  1.189e+00  2.434e+00  
9.528e-01  1.591e+00  1.163e+00  
2.035e-01  4.068e-01  4.781e+00  
9.460e-01  1.893e+00  3.243e-01  
1.036e+00  1.309e+00  2.042e+00  
8.329e-01  1.667e+00  1.004e+00  
3.299e-01  6.595e-01  4.022e+00  
8.761e-01  1.753e+00  7.442e-01  
5.208e-01  1.041e+00  2.877e+00  
7.601e-01  1.521e+00  1.440e+00  
4.645e-02  9.272e-02  5.723e+00  
9.940e-01  1.989e+00  3.612e-02  
7.279e-01  1.456e+00  1.634e+00  
8.345e-01  1.670e+00  9.938e-01  
4.899e-01  9.796e-01  3.062e+00  
8.995e-01  1.800e+00  6.036e-01  
6.352e-01  1.270e+00  2.189e+00  
7.398e-01  1.480e+00  1.562e+00  
2.855e-01  5.708e-01  4.289e+00  
9.332e-01  1.867e+00  4.011e-01  
6.226e-01  1.245e+00  2.265e+00  
7.360e-01  1.473e+00  1.585e+00  
3.970e-01  7.939e-01  3.619e+00  
8.038e-01  1.608e+00  1.178e+00  
5.213e-01  1.043e+00  2.873e+00  
6.156e-01  1.231e+00  2.308e+00  
1.488e-01  2.973e-01  5.109e+00  
9.410e-01  1.883e+00  3.543e-01  
5.213e-01  1.043e+00  2.873e+00  
6.539e-01  1.308e+00  2.078e+00  
3.912e-01  7.824e-01  3.654e+00  
7.400e-01  1.481e+00  1.561e+00  
3.927e-01  7.854e-01  3.645e+00  
4.859e-01  9.718e-01  3.085e+00  
2.208e-01  4.413e-01  4.677e+00  
7.575e-01  1.516e+00  1.456e+00  
3.194e-01  6.388e-01  4.085e+00  
4.126e-01  8.250e-01  3.527e+00  
1.999e-01  3.997e-01  4.802e+00  
4.401e-01  8.804e-01  3.361e+00  
1.665e-01  3.328e-01  5.003e+00  
1.901e-01  3.801e-01  4.861e+00  
6.813e-02  1.361e-01  5.593e+00  
6.671e-01  1.335e+00  1.999e+00  
2.986e-02  5.954e-02  5.822e+00  
