3.000e+00  1.000e+00  1.000e+00  
8.570e-01  1.714e+00  8.578e-01  
3.877e-04  7.754e-04  5.998e+00  
3.000e+00  1.000e+00  1.000e+00  
2.001e+00  1.499e+00  5.006e-01  
2.333e+00  1.000e+00  3.000e+00  
1.501e+00  1.749e+00  2.507e-01  
2.778e+00  1.000e+00  1.667e+00  
2.501e+00  1.250e+00  7.505e-01  
3.000e-01  6.000e-01  4.200e+00  
1.252e+00  1.874e+00  1.258e-01  
2.905e+00  1.000e+00  1.285e+00  
2.251e+00  1.374e+00  6.255e-01  
4.091e-01  8.182e-01  3.546e+00  
1.751e+00  1.624e+00  3.757e-01  
2.602e+00  1.000e+00  2.194e+00  
2.751e+00  1.125e+00  8.754e-01  
1.667e-01  3.334e-01  5.000e+00  
1.127e+00  1.937e+00  6.334e-02  
2.957e+00  1.000e+00  1.130e+00  
2.126e+00  1.437e+00  5.631e-01  
4.565e-01  9.130e-01  3.261e+00  
1.626e+00  1.687e+00  3.132e-01  
2.699e+00  1.000e+00  1.902e+00  
2.398e+00  1.267e+00  8.666e-01  
2.369e-01  4.737e-01  4.579e+00  
1.377e+00  1.812e+00  1.883e-01  
2.609e+00  1.071e+00  1.566e+00  
2.055e+00  1.419e+00  7.437e-01  
3.571e-01  7.143e-01  3.857e+00  
1.788e+00  1.591e+00  4.463e-01  
2.484e+00  1.000e+00  2.547e+00  
2.033e+00  1.328e+00  1.172e+00  
8.830e-02  1.766e-01  5.470e+00  
1.064e+00  1.968e+00  3.211e-02  
1.958e+00  1.304e+00  1.388e+00  
1.555e+00  1.627e+00  5.893e-01  
4.787e-01  9.574e-01  3.128e+00  
1.355e+00  1.784e+00  2.927e-01  
2.032e+00  1.159e+00  2.067e+00  
1.522e+00  1.524e+00  9.767e-01  
2.693e-01  5.385e-01  4.384e+00  
1.163e+00  1.890e+00  1.610e-01  
1.674e+00  1.290e+00  1.769e+00  
1.288e+00  1.638e+00  8.006e-01  
3.837e-01  7.674e-01  3.698e+00  
1.113e+00  1.798e+00  4.591e-01  
1.782e+00  1.115e+00  2.640e+00  
1.267e+00  1.506e+00  1.248e+00  
1.286e-01  2.573e-01  5.228e+00  
9.820e-01  1.964e+00  1.082e-01  
1.265e+00  1.385e+00  1.673e+00  
9.851e-01  1.733e+00  7.324e-01  
4.333e-01  8.666e-01  3.400e+00  
9.284e-01  1.857e+00  4.293e-01  
5.943e-01  1.189e+00  2.434e+00  
9.533e-01  1.591e+00  1.161e+00  
2.027e-01  4.055e-01  4.784e+00  
9.463e-01  1.893e+00  3.222e-01  
1.039e+00  1.309e+00  2.043e+00  
8.329e-01  1.666e+00  1.002e+00  
3.293e-01  6.586e-01  4.024e+00  
8.762e-01  1.752e+00  7.427e-01  
5.204e-01  1.041e+00  2.878e+00  
7.601e-01  1.520e+00  1.439e+00  
4.553e-02  9.106e-02  5.727e+00  
9.944e-01  1.989e+00  3.380e-02  
7.278e-01  1.456e+00  1.633e+00  
8.346e-01  1.669e+00  9.926e-01  
4.894e-01  9.789e-01  3.063e+00  
8.997e-01  1.799e+00  6.020e-01  
6.351e-01  1.270e+00  2.190e+00  
7.397e-01  1.479e+00  1.562e+00  
2.848e-01  5.697e-01  4.291e+00  
9.335e-01  1.867e+00  3.992e-01  
6.224e-01  1.245e+00  2.266e+00  
7.359e-01  1.472e+00  1.585e+00  
3.965e-01  7.931e-01  3.621e+00  
8.038e-01  1.608e+00  1.177e+00  
5.210e-01  1.042e+00  2.874e+00  
6.153e-01  1.231e+00  2.308e+00  
1.479e-01  2.959e-01  5.112e+00  
9.413e-01  1.883e+00  3.524e-01  
5.209e-01  1.042e+00  2.874e+00  
6.537e-01  1.307e+00  2.078e+00  
3.907e-01  7.814e-01  3.656e+00  
7.399e-01  1.480e+00  1.561e+00  
3.922e-01  7.844e-01  3.647e+00  
4.855e-01  9.710e-01  3.087e+00  
2.200e-01  4.401e-01  4.680e+00  
7.575e-01  1.515e+00  1.455e+00  
3.188e-01  6.377e-01  4.087e+00  
4.120e-01  8.240e-01  3.528e+00  
1.992e-01  3.984e-01  4.805e+00  
4.396e-01  8.791e-01  3.363e+00  
1.657e-01  3.314e-01  5.006e+00  
1.893e-01  3.787e-01  4.864e+00  
6.724e-02  1.345e-01  5.597e+00  
6.669e-01  1.334e+00  1.999e+00  
2.890e-02  5.780e-02  5.827e+00  
