2.767e+00  1.072e+00  1.178e+00  
8.714e-01  1.982e+00  9.881e-01  
1.010e-01  1.113e-01  6.010e+00  
2.767e+00  1.072e+00  1.178e+00  
2.229e+00  1.384e+00  6.448e-01  
2.173e+00  1.030e+00  2.975e+00  
1.809e+00  1.594e+00  4.327e-01  
2.595e+00  1.056e+00  1.736e+00  
2.623e+00  1.182e+00  8.708e-01  
4.217e-01  6.744e-01  4.164e+00  
1.593e+00  1.703e+00  3.252e-01  
2.706e+00  1.063e+00  1.397e+00  
2.438e+00  1.281e+00  7.515e-01  
5.418e-01  8.714e-01  3.533e+00  
2.030e+00  1.487e+00  5.370e-01  
2.419e+00  1.044e+00  2.265e+00  
2.735e+00  1.114e+00  1.000e+00  
2.762e-01  4.259e-01  4.956e+00  
1.447e+00  1.796e+00  2.734e-01  
2.734e+00  1.066e+00  1.303e+00  
2.345e+00  1.331e+00  6.983e-01  
5.920e-01  9.560e-01  3.260e+00  
1.922e+00  1.540e+00  4.853e-01  
2.506e+00  1.049e+00  2.011e+00  
2.305e+00  1.276e+00  1.010e+00  
3.525e-01  5.581e-01  4.532e+00  
1.699e+00  1.650e+00  3.796e-01  
2.499e+00  1.098e+00  1.658e+00  
1.984e+00  1.413e+00  8.988e-01  
4.932e-01  7.789e-01  3.833e+00  
1.734e+00  1.565e+00  6.274e-01  
2.290e+00  1.041e+00  2.592e+00  
1.957e+00  1.328e+00  1.292e+00  
1.918e-01  2.791e-01  5.430e+00  
1.375e+00  1.831e+00  2.449e-01  
1.886e+00  1.305e+00  1.494e+00  
1.509e+00  1.597e+00  7.544e-01  
6.286e-01  1.002e+00  3.116e+00  
1.339e+00  1.752e+00  4.884e-01  
1.948e+00  1.172e+00  2.110e+00  
1.491e+00  1.504e+00  1.104e+00  
3.860e-01  6.170e-01  4.345e+00  
1.203e+00  1.906e+00  3.680e-01  
1.628e+00  1.287e+00  1.836e+00  
1.270e+00  1.614e+00  9.347e-01  
5.127e-01  8.279e-01  3.672e+00  
1.140e+00  1.804e+00  6.483e-01  
1.718e+00  1.126e+00  2.623e+00  
1.260e+00  1.492e+00  1.356e+00  
2.342e-01  3.552e-01  5.181e+00  
1.028e+00  2.169e+00  3.197e-01  
1.223e+00  1.375e+00  1.746e+00  
1.040e+00  1.754e+00  8.953e-01  
5.729e-01  9.172e-01  3.389e+00  
9.671e-01  2.033e+00  6.181e-01  
1.287e+00  1.198e+00  2.446e+00  
9.742e-01  1.589e+00  1.307e+00  
3.141e-01  4.931e-01  4.739e+00  
9.464e-01  2.205e+00  5.076e-01  
1.038e+00  1.302e+00  2.075e+00  
8.938e-01  1.812e+00  1.172e+00  
4.515e-01  7.281e-01  3.986e+00  
8.875e-01  2.029e+00  8.840e-01  
6.928e-01  1.075e+00  2.886e+00  
8.365e-01  1.598e+00  1.623e+00  
1.466e-01  1.982e-01  5.696e+00  
9.966e-01  2.291e+00  2.490e-01  
7.856e-01  1.615e+00  1.769e+00  
8.526e-01  1.933e+00  1.108e+00  
6.524e-01  1.021e+00  3.067e+00  
9.075e-01  2.083e+00  7.588e-01  
7.291e-01  1.323e+00  2.307e+00  
7.724e-01  1.731e+00  1.636e+00  
4.000e-01  6.466e-01  4.247e+00  
9.359e-01  2.162e+00  5.757e-01  
6.728e-01  1.489e+00  2.301e+00  
7.694e-01  1.724e+00  1.658e+00  
5.339e-01  8.514e-01  3.606e+00  
8.272e-01  1.869e+00  1.282e+00  
5.864e-01  1.274e+00  2.886e+00  
6.668e-01  1.469e+00  2.340e+00  
2.527e-01  3.904e-01  5.059e+00  
9.424e-01  2.185e+00  5.310e-01  
5.845e-01  1.269e+00  2.887e+00  
6.989e-01  1.548e+00  2.121e+00  
4.713e-01  9.926e-01  3.665e+00  
7.724e-01  1.731e+00  1.636e+00  
4.731e-01  9.950e-01  3.649e+00  
5.538e-01  1.195e+00  3.098e+00  
3.334e-01  5.259e-01  4.637e+00  
7.876e-01  1.771e+00  1.539e+00  
4.063e-01  8.011e-01  4.099e+00  
4.898e-01  1.040e+00  3.529e+00  
2.913e-01  4.964e-01  4.818e+00  
5.134e-01  1.097e+00  3.368e+00  
2.593e-01  4.304e-01  5.019e+00  
2.833e-01  4.401e-01  4.911e+00  
1.699e-01  2.390e-01  5.562e+00  
7.105e-01  1.580e+00  2.047e+00  
1.274e-01  1.523e-01  5.902e+00  
