2.021e+00  2.907e-02  
3.464e-02  4.002e+00  
2.016e+00  3.897e-02  
2.005e+00  5.941e-02  
1.994e+00  7.943e-02  
1.984e+00  1.009e-01  
1.973e+00  1.223e-01  
1.962e+00  1.436e-01  
1.951e+00  1.649e-01  
1.941e+00  1.870e-01  
1.929e+00  2.089e-01  
1.918e+00  2.312e-01  
1.907e+00  2.535e-01  
1.896e+00  2.764e-01  
1.884e+00  2.994e-01  
1.872e+00  3.227e-01  
1.861e+00  3.460e-01  
1.849e+00  3.699e-01  
1.837e+00  3.937e-01  
1.825e+00  4.181e-01  
1.812e+00  4.427e-01  
1.800e+00  4.675e-01  
1.787e+00  4.924e-01  
1.775e+00  5.181e-01  
1.762e+00  5.437e-01  
1.749e+00  5.694e-01  
1.736e+00  5.959e-01  
1.722e+00  6.226e-01  
1.709e+00  6.498e-01  
1.695e+00  6.767e-01  
1.682e+00  7.044e-01  
1.668e+00  7.319e-01  
1.654e+00  7.605e-01  
1.640e+00  7.890e-01  
1.625e+00  8.180e-01  
1.611e+00  8.478e-01  
1.596e+00  8.770e-01  
1.581e+00  9.065e-01  
1.565e+00  9.377e-01  
1.550e+00  9.680e-01  
1.535e+00  9.992e-01  
1.519e+00  1.031e+00  
1.503e+00  1.063e+00  
1.487e+00  1.095e+00  
1.471e+00  1.128e+00  
1.454e+00  1.161e+00  
1.437e+00  1.195e+00  
1.420e+00  1.230e+00  
1.403e+00  1.263e+00  
1.385e+00  1.299e+00  
1.368e+00  1.335e+00  
1.349e+00  1.371e+00  
1.331e+00  1.407e+00  
1.312e+00  1.444e+00  
1.294e+00  1.482e+00  
1.275e+00  1.520e+00  
1.255e+00  1.559e+00  
1.236e+00  1.598e+00  
1.216e+00  1.637e+00  
1.196e+00  1.677e+00  
1.175e+00  1.718e+00  
1.155e+00  1.760e+00  
1.134e+00  1.802e+00  
1.113e+00  1.845e+00  
1.090e+00  1.889e+00  
1.069e+00  1.932e+00  
1.047e+00  1.976e+00  
1.024e+00  2.022e+00  
1.001e+00  2.068e+00  
9.775e-01  2.115e+00  
9.533e-01  2.163e+00  
9.296e-01  2.211e+00  
9.049e-01  2.261e+00  
8.803e-01  2.310e+00  
8.546e-01  2.360e+00  
8.289e-01  2.413e+00  
8.029e-01  2.465e+00  
7.763e-01  2.518e+00  
7.494e-01  2.571e+00  
7.220e-01  2.626e+00  
6.937e-01  2.682e+00  
6.650e-01  2.739e+00  
6.365e-01  2.798e+00  
6.069e-01  2.856e+00  
5.770e-01  2.917e+00  
5.463e-01  2.977e+00  
5.150e-01  3.039e+00  
4.835e-01  3.102e+00  
4.517e-01  3.166e+00  
4.186e-01  3.232e+00  
3.854e-01  3.298e+00  
3.513e-01  3.367e+00  
3.163e-01  3.436e+00  
2.816e-01  3.505e+00  
2.454e-01  3.578e+00  
2.088e-01  3.651e+00  
1.715e-01  3.726e+00  
1.334e-01  3.804e+00  
9.403e-02  3.883e+00  
5.419e-02  3.963e+00  
