3.000e+00  1.000e+00  9.999e-01  
8.571e-01  1.714e+00  8.572e-01  
5.253e-04  1.051e-03  5.997e+00  
3.000e+00  1.000e+00  9.999e-01  
2.000e+00  1.500e+00  5.001e-01  
2.371e+00  1.000e+00  2.888e+00  
1.500e+00  1.750e+00  2.502e-01  
2.794e+00  1.000e+00  1.618e+00  
2.500e+00  1.250e+00  7.500e-01  
3.001e-01  6.003e-01  4.199e+00  
1.251e+00  1.875e+00  1.253e-01  
2.927e+00  1.000e+00  1.218e+00  
2.250e+00  1.375e+00  6.251e-01  
4.092e-01  8.184e-01  3.545e+00  
1.750e+00  1.625e+00  3.752e-01  
2.601e+00  1.000e+00  2.197e+00  
2.750e+00  1.125e+00  8.750e-01  
1.668e-01  3.337e-01  4.999e+00  
1.126e+00  1.937e+00  6.278e-02  
2.964e+00  1.000e+00  1.108e+00  
2.125e+00  1.437e+00  5.626e-01  
4.566e-01  9.132e-01  3.260e+00  
1.625e+00  1.687e+00  3.127e-01  
2.719e+00  1.000e+00  1.844e+00  
2.397e+00  1.267e+00  8.657e-01  
2.370e-01  4.740e-01  4.578e+00  
1.375e+00  1.812e+00  1.877e-01  
2.608e+00  1.071e+00  1.566e+00  
2.055e+00  1.419e+00  7.433e-01  
3.573e-01  7.145e-01  3.856e+00  
1.788e+00  1.591e+00  4.455e-01  
2.486e+00  1.000e+00  2.543e+00  
2.033e+00  1.328e+00  1.172e+00  
8.844e-02  1.769e-01  5.469e+00  
1.063e+00  1.969e+00  3.155e-02  
1.958e+00  1.304e+00  1.388e+00  
1.554e+00  1.627e+00  5.888e-01  
4.788e-01  9.576e-01  3.127e+00  
1.355e+00  1.784e+00  2.921e-01  
2.033e+00  1.159e+00  2.065e+00  
1.521e+00  1.524e+00  9.768e-01  
2.694e-01  5.388e-01  4.384e+00  
1.163e+00  1.890e+00  1.604e-01  
1.674e+00  1.290e+00  1.768e+00  
1.289e+00  1.638e+00  7.997e-01  
3.838e-01  7.677e-01  3.697e+00  
1.113e+00  1.798e+00  4.585e-01  
1.786e+00  1.114e+00  2.638e+00  
1.267e+00  1.506e+00  1.247e+00  
1.288e-01  2.575e-01  5.227e+00  
9.821e-01  1.964e+00  1.076e-01  
1.265e+00  1.386e+00  1.672e+00  
9.855e-01  1.733e+00  7.317e-01  
4.334e-01  8.669e-01  3.399e+00  
9.285e-01  1.857e+00  4.288e-01  
5.944e-01  1.189e+00  2.434e+00  
9.533e-01  1.591e+00  1.161e+00  
2.029e-01  4.057e-01  4.783e+00  
9.464e-01  1.893e+00  3.217e-01  
1.039e+00  1.309e+00  2.041e+00  
8.330e-01  1.666e+00  1.002e+00  
3.294e-01  6.588e-01  4.024e+00  
8.763e-01  1.753e+00  7.421e-01  
5.205e-01  1.041e+00  2.877e+00  
7.602e-01  1.520e+00  1.439e+00  
4.567e-02  9.133e-02  5.726e+00  
9.945e-01  1.989e+00  3.323e-02  
7.279e-01  1.456e+00  1.633e+00  
8.347e-01  1.669e+00  9.920e-01  
4.896e-01  9.791e-01  3.063e+00  
8.998e-01  1.800e+00  6.014e-01  
6.352e-01  1.270e+00  2.189e+00  
7.398e-01  1.480e+00  1.561e+00  
2.850e-01  5.699e-01  4.290e+00  
9.336e-01  1.867e+00  3.986e-01  
6.225e-01  1.245e+00  2.265e+00  
7.360e-01  1.472e+00  1.584e+00  
3.967e-01  7.933e-01  3.620e+00  
8.039e-01  1.608e+00  1.176e+00  
5.211e-01  1.042e+00  2.874e+00  
6.154e-01  1.231e+00  2.307e+00  
1.481e-01  2.961e-01  5.112e+00  
9.414e-01  1.883e+00  3.518e-01  
5.211e-01  1.042e+00  2.874e+00  
6.538e-01  1.308e+00  2.077e+00  
3.908e-01  7.816e-01  3.655e+00  
7.400e-01  1.480e+00  1.560e+00  
3.923e-01  7.846e-01  3.646e+00  
4.856e-01  9.713e-01  3.086e+00  
2.202e-01  4.403e-01  4.679e+00  
7.576e-01  1.515e+00  1.455e+00  
3.189e-01  6.379e-01  4.086e+00  
4.121e-01  8.242e-01  3.527e+00  
1.993e-01  3.986e-01  4.804e+00  
4.397e-01  8.793e-01  3.362e+00  
1.658e-01  3.316e-01  5.005e+00  
1.895e-01  3.789e-01  4.863e+00  
6.737e-02  1.347e-01  5.596e+00  
6.670e-01  1.334e+00  1.998e+00  
2.902e-02  5.804e-02  5.826e+00  
