2.788e+00  1.071e+00  1.130e+00  
8.717e-01  1.949e+00  9.466e-01  
1.124e-01  1.250e-01  6.002e+00  
2.788e+00  1.071e+00  1.130e+00  
2.188e+00  1.408e+00  6.105e-01  
2.199e+00  1.031e+00  2.893e+00  
1.759e+00  1.620e+00  3.991e-01  
2.605e+00  1.055e+00  1.715e+00  
2.570e+00  1.210e+00  8.294e-01  
4.317e-01  6.881e-01  4.135e+00  
1.547e+00  1.725e+00  2.924e-01  
2.711e+00  1.062e+00  1.390e+00  
2.389e+00  1.305e+00  7.186e-01  
5.604e-01  8.879e-01  3.493e+00  
1.978e+00  1.513e+00  5.052e-01  
2.452e+00  1.043e+00  2.189e+00  
2.727e+00  1.124e+00  9.523e-01  
2.896e-01  4.420e-01  4.933e+00  
1.436e+00  1.781e+00  2.404e-01  
2.754e+00  1.066e+00  1.251e+00  
2.289e+00  1.357e+00  6.630e-01  
6.021e-01  9.744e-01  3.205e+00  
1.867e+00  1.566e+00  4.514e-01  
2.531e+00  1.049e+00  1.947e+00  
2.298e+00  1.285e+00  9.732e-01  
3.577e-01  5.719e-01  4.509e+00  
1.654e+00  1.672e+00  3.458e-01  
2.500e+00  1.104e+00  1.613e+00  
1.982e+00  1.423e+00  8.509e-01  
4.959e-01  7.934e-01  3.793e+00  
1.735e+00  1.576e+00  5.888e-01  
2.344e+00  1.037e+00  2.506e+00  
1.960e+00  1.335e+00  1.256e+00  
1.985e-01  2.937e-01  5.412e+00  
1.354e+00  1.835e+00  2.138e-01  
1.891e+00  1.310e+00  1.450e+00  
1.523e+00  1.608e+00  7.074e-01  
6.359e-01  1.012e+00  3.086e+00  
1.343e+00  1.740e+00  4.500e-01  
1.959e+00  1.178e+00  2.055e+00  
1.491e+00  1.513e+00  1.067e+00  
3.963e-01  6.312e-01  4.312e+00  
1.210e+00  1.901e+00  3.373e-01  
1.630e+00  1.296e+00  1.792e+00  
1.283e+00  1.609e+00  9.113e-01  
5.231e-01  8.413e-01  3.639e+00  
1.154e+00  1.796e+00  5.884e-01  
1.724e+00  1.133e+00  2.572e+00  
1.262e+00  1.493e+00  1.309e+00  
2.440e-01  3.693e-01  5.155e+00  
1.026e+00  2.160e+00  2.864e-01  
1.264e+00  1.385e+00  1.692e+00  
1.031e+00  1.752e+00  8.552e-01  
5.837e-01  9.316e-01  3.352e+00  
9.713e-01  2.028e+00  5.795e-01  
1.239e+00  1.207e+00  2.402e+00  
9.856e-01  1.590e+00  1.257e+00  
3.230e-01  5.073e-01  4.705e+00  
9.473e-01  2.156e+00  4.664e-01  
1.053e+00  1.316e+00  2.024e+00  
8.822e-01  1.804e+00  1.129e+00  
4.647e-01  7.417e-01  3.959e+00  
8.882e-01  1.993e+00  8.420e-01  
6.860e-01  1.088e+00  2.845e+00  
8.460e-01  1.604e+00  1.564e+00  
1.564e-01  2.117e-01  5.679e+00  
9.896e-01  2.281e+00  2.148e-01  
7.928e-01  1.604e+00  1.706e+00  
8.528e-01  1.901e+00  1.067e+00  
6.483e-01  1.032e+00  3.024e+00  
9.083e-01  2.050e+00  7.172e-01  
7.412e-01  1.335e+00  2.276e+00  
7.741e-01  1.710e+00  1.579e+00  
4.139e-01  6.605e-01  4.221e+00  
9.367e-01  2.126e+00  5.346e-01  
6.742e-01  1.475e+00  2.234e+00  
7.706e-01  1.701e+00  1.602e+00  
5.383e-01  8.639e-01  3.563e+00  
8.277e-01  1.839e+00  1.230e+00  
5.865e-01  1.264e+00  2.807e+00  
6.684e-01  1.461e+00  2.271e+00  
2.635e-01  4.051e-01  5.035e+00  
9.430e-01  2.142e+00  4.934e-01  
5.865e-01  1.262e+00  2.801e+00  
7.011e-01  1.535e+00  2.051e+00  
4.729e-01  9.945e-01  3.568e+00  
7.739e-01  1.708e+00  1.580e+00  
4.745e-01  9.977e-01  3.557e+00  
5.557e-01  1.193e+00  3.006e+00  
3.423e-01  5.398e-01  4.602e+00  
7.881e-01  1.742e+00  1.486e+00  
4.087e-01  8.334e-01  3.994e+00  
4.911e-01  1.039e+00  3.429e+00  
3.008e-01  5.287e-01  4.733e+00  
5.154e-01  1.098e+00  3.273e+00  
2.686e-01  4.633e-01  4.943e+00  
2.928e-01  5.357e-01  4.829e+00  
1.786e-01  2.534e-01  5.535e+00  
7.132e-01  1.569e+00  1.985e+00  
1.395e-01  1.859e-01  5.800e+00  
