2.000e+00  2.459e-03  
4.259e-03  3.994e+00  
1.995e+00  1.253e-02  
1.984e+00  3.302e-02  
1.974e+00  5.387e-02  
1.963e+00  7.489e-02  
1.953e+00  9.610e-02  
1.942e+00  1.175e-01  
1.931e+00  1.392e-01  
1.920e+00  1.611e-01  
1.909e+00  1.833e-01  
1.898e+00  2.056e-01  
1.887e+00  2.282e-01  
1.875e+00  2.511e-01  
1.864e+00  2.742e-01  
1.852e+00  2.976e-01  
1.840e+00  3.212e-01  
1.828e+00  3.450e-01  
1.816e+00  3.692e-01  
1.804e+00  3.936e-01  
1.792e+00  4.183e-01  
1.779e+00  4.433e-01  
1.767e+00  4.686e-01  
1.754e+00  4.940e-01  
1.741e+00  5.200e-01  
1.728e+00  5.460e-01  
1.715e+00  5.724e-01  
1.701e+00  5.992e-01  
1.688e+00  6.263e-01  
1.674e+00  6.538e-01  
1.660e+00  6.815e-01  
1.646e+00  7.095e-01  
1.632e+00  7.379e-01  
1.618e+00  7.664e-01  
1.603e+00  7.958e-01  
1.588e+00  8.253e-01  
1.573e+00  8.549e-01  
1.558e+00  8.852e-01  
1.543e+00  9.158e-01  
1.528e+00  9.468e-01  
1.512e+00  9.781e-01  
1.496e+00  1.010e+00  
1.480e+00  1.042e+00  
1.464e+00  1.075e+00  
1.447e+00  1.107e+00  
1.431e+00  1.141e+00  
1.414e+00  1.175e+00  
1.396e+00  1.209e+00  
1.379e+00  1.244e+00  
1.361e+00  1.279e+00  
1.344e+00  1.315e+00  
1.325e+00  1.351e+00  
1.307e+00  1.388e+00  
1.289e+00  1.425e+00  
1.270e+00  1.463e+00  
1.250e+00  1.501e+00  
1.231e+00  1.540e+00  
1.211e+00  1.579e+00  
1.191e+00  1.619e+00  
1.171e+00  1.660e+00  
1.151e+00  1.701e+00  
1.130e+00  1.742e+00  
1.109e+00  1.785e+00  
1.087e+00  1.828e+00  
1.065e+00  1.871e+00  
1.043e+00  1.916e+00  
1.021e+00  1.960e+00  
9.981e-01  2.006e+00  
9.748e-01  2.052e+00  
9.514e-01  2.099e+00  
9.275e-01  2.147e+00  
9.033e-01  2.196e+00  
8.788e-01  2.245e+00  
8.537e-01  2.295e+00  
8.282e-01  2.346e+00  
8.023e-01  2.398e+00  
7.760e-01  2.450e+00  
7.493e-01  2.504e+00  
7.221e-01  2.558e+00  
6.944e-01  2.613e+00  
6.663e-01  2.669e+00  
6.379e-01  2.727e+00  
6.087e-01  2.784e+00  
5.791e-01  2.844e+00  
5.491e-01  2.904e+00  
5.184e-01  2.965e+00  
4.873e-01  3.027e+00  
4.553e-01  3.091e+00  
4.231e-01  3.156e+00  
3.901e-01  3.222e+00  
3.567e-01  3.289e+00  
3.223e-01  3.357e+00  
2.876e-01  3.427e+00  
2.521e-01  3.498e+00  
2.160e-01  3.570e+00  
1.791e-01  3.644e+00  
1.415e-01  3.719e+00  
1.032e-01  3.796e+00  
6.378e-02  3.874e+00  
2.406e-02  3.954e+00  
