2.016e+00  2.744e-02  
3.519e-02  3.989e+00  
2.010e+00  3.754e-02  
1.999e+00  5.764e-02  
1.988e+00  7.843e-02  
1.977e+00  9.925e-02  
1.967e+00  1.200e-01  
1.956e+00  1.415e-01  
1.945e+00  1.627e-01  
1.934e+00  1.845e-01  
1.923e+00  2.064e-01  
1.912e+00  2.287e-01  
1.900e+00  2.509e-01  
1.889e+00  2.738e-01  
1.878e+00  2.966e-01  
1.866e+00  3.197e-01  
1.854e+00  3.431e-01  
1.843e+00  3.666e-01  
1.831e+00  3.905e-01  
1.819e+00  4.146e-01  
1.807e+00  4.391e-01  
1.794e+00  4.640e-01  
1.782e+00  4.892e-01  
1.769e+00  5.143e-01  
1.757e+00  5.399e-01  
1.744e+00  5.655e-01  
1.730e+00  5.921e-01  
1.717e+00  6.183e-01  
1.704e+00  6.452e-01  
1.691e+00  6.727e-01  
1.677e+00  6.998e-01  
1.663e+00  7.271e-01  
1.649e+00  7.560e-01  
1.635e+00  7.847e-01  
1.620e+00  8.131e-01  
1.606e+00  8.419e-01  
1.591e+00  8.722e-01  
1.576e+00  9.020e-01  
1.561e+00  9.318e-01  
1.546e+00  9.628e-01  
1.530e+00  9.938e-01  
1.515e+00  1.025e+00  
1.498e+00  1.057e+00  
1.483e+00  1.090e+00  
1.466e+00  1.122e+00  
1.449e+00  1.156e+00  
1.433e+00  1.189e+00  
1.416e+00  1.223e+00  
1.399e+00  1.258e+00  
1.380e+00  1.293e+00  
1.364e+00  1.328e+00  
1.346e+00  1.363e+00  
1.328e+00  1.400e+00  
1.309e+00  1.437e+00  
1.290e+00  1.474e+00  
1.272e+00  1.513e+00  
1.252e+00  1.551e+00  
1.233e+00  1.591e+00  
1.213e+00  1.628e+00  
1.192e+00  1.670e+00  
1.172e+00  1.711e+00  
1.152e+00  1.752e+00  
1.131e+00  1.793e+00  
1.109e+00  1.837e+00  
1.088e+00  1.880e+00  
1.066e+00  1.925e+00  
1.044e+00  1.968e+00  
1.021e+00  2.014e+00  
9.982e-01  2.059e+00  
9.753e-01  2.106e+00  
9.512e-01  2.154e+00  
9.273e-01  2.201e+00  
9.026e-01  2.252e+00  
8.775e-01  2.301e+00  
8.528e-01  2.351e+00  
8.273e-01  2.402e+00  
8.014e-01  2.453e+00  
7.745e-01  2.506e+00  
7.475e-01  2.561e+00  
7.206e-01  2.617e+00  
6.914e-01  2.672e+00  
6.636e-01  2.730e+00  
6.348e-01  2.787e+00  
6.058e-01  2.847e+00  
5.757e-01  2.905e+00  
5.457e-01  2.965e+00  
5.135e-01  3.029e+00  
4.829e-01  3.093e+00  
4.508e-01  3.155e+00  
4.181e-01  3.219e+00  
3.850e-01  3.286e+00  
3.507e-01  3.354e+00  
3.168e-01  3.423e+00  
2.810e-01  3.495e+00  
2.453e-01  3.567e+00  
2.086e-01  3.644e+00  
1.698e-01  3.716e+00  
1.337e-01  3.795e+00  
9.487e-02  3.870e+00  
5.438e-02  3.952e+00  
