2.955e+00  1.014e+00  1.035e+00  
8.594e-01  1.761e+00  8.821e-01  
2.101e-02  2.281e-02  6.008e+00  
2.955e+00  1.014e+00  1.035e+00  
2.048e+00  1.476e+00  5.280e-01  
2.323e+00  1.007e+00  2.921e+00  
1.565e+00  1.717e+00  2.860e-01  
2.742e+00  1.012e+00  1.677e+00  
2.531e+00  1.234e+00  7.707e-01  
3.265e-01  6.147e-01  4.206e+00  
1.323e+00  1.838e+00  1.649e-01  
2.866e+00  1.013e+00  1.304e+00  
2.289e+00  1.355e+00  6.488e-01  
4.439e-01  8.303e-01  3.552e+00  
1.807e+00  1.596e+00  4.070e-01  
2.577e+00  1.009e+00  2.172e+00  
2.766e+00  1.116e+00  8.929e-01  
1.924e-01  3.537e-01  5.005e+00  
1.201e+00  1.899e+00  1.044e-01  
2.919e+00  1.014e+00  1.146e+00  
2.169e+00  1.415e+00  5.879e-01  
4.918e-01  9.264e-01  3.263e+00  
1.686e+00  1.656e+00  3.466e-01  
2.660e+00  1.011e+00  1.923e+00  
2.377e+00  1.269e+00  8.941e-01  
2.606e-01  4.925e-01  4.583e+00  
1.444e+00  1.777e+00  2.256e-01  
2.587e+00  1.076e+00  1.583e+00  
2.042e+00  1.419e+00  7.737e-01  
3.876e-01  7.290e-01  3.862e+00  
1.777e+00  1.586e+00  4.814e-01  
2.463e+00  1.008e+00  2.514e+00  
2.019e+00  1.328e+00  1.196e+00  
1.068e-01  1.964e-01  5.482e+00  
1.141e+00  1.929e+00  7.437e-02  
1.945e+00  1.305e+00  1.407e+00  
1.547e+00  1.621e+00  6.207e-01  
5.177e-01  9.658e-01  3.137e+00  
1.351e+00  1.774e+00  3.299e-01  
2.018e+00  1.162e+00  2.070e+00  
1.515e+00  1.521e+00  1.000e+00  
2.888e-01  5.562e-01  4.393e+00  
1.160e+00  1.877e+00  2.011e-01  
1.664e+00  1.291e+00  1.779e+00  
1.286e+00  1.631e+00  8.283e-01  
4.177e-01  7.816e-01  3.699e+00  
1.112e+00  1.789e+00  4.885e-01  
1.775e+00  1.117e+00  2.629e+00  
1.263e+00  1.502e+00  1.265e+00  
1.482e-01  2.779e-01  5.234e+00  
9.803e-01  2.020e+00  1.483e-01  
1.262e+00  1.384e+00  1.683e+00  
9.871e-01  1.723e+00  7.595e-01  
4.672e-01  8.783e-01  3.407e+00  
9.287e-01  1.907e+00  4.621e-01  
1.290e+00  1.194e+00  2.439e+00  
9.555e-01  1.584e+00  1.182e+00  
2.241e-01  4.246e-01  4.793e+00  
9.459e-01  1.947e+00  3.573e-01  
1.036e+00  1.308e+00  2.047e+00  
8.367e-01  1.714e+00  1.024e+00  
3.611e-01  6.746e-01  4.027e+00  
8.781e-01  1.800e+00  7.690e-01  
5.539e-01  1.050e+00  2.883e+00  
7.750e-01  1.545e+00  1.473e+00  
6.561e-02  1.130e-01  5.734e+00  
9.922e-01  2.050e+00  7.622e-02  
7.353e-01  1.504e+00  1.644e+00  
8.379e-01  1.716e+00  1.014e+00  
5.334e-01  9.887e-01  3.062e+00  
9.008e-01  1.849e+00  6.320e-01  
6.670e-01  1.276e+00  2.201e+00  
7.463e-01  1.524e+00  1.574e+00  
3.186e-01  5.877e-01  4.294e+00  
9.334e-01  1.917e+00  4.330e-01  
6.327e-01  1.289e+00  2.268e+00  
7.428e-01  1.518e+00  1.595e+00  
4.284e-01  8.088e-01  3.627e+00  
8.082e-01  1.655e+00  1.195e+00  
5.343e-01  1.085e+00  2.867e+00  
6.258e-01  1.275e+00  2.312e+00  
1.686e-01  3.164e-01  5.116e+00  
9.410e-01  1.934e+00  3.876e-01  
5.342e-01  1.086e+00  2.874e+00  
6.625e-01  1.351e+00  2.085e+00  
4.070e-01  8.112e-01  3.654e+00  
7.463e-01  1.525e+00  1.573e+00  
4.082e-01  8.246e-01  3.647e+00  
4.996e-01  1.013e+00  3.084e+00  
2.398e-01  4.592e-01  4.688e+00  
7.632e-01  1.559e+00  1.470e+00  
3.354e-01  6.725e-01  4.087e+00  
4.276e-01  8.603e-01  3.526e+00  
2.178e-01  4.231e-01  4.801e+00  
4.549e-01  9.223e-01  3.364e+00  
1.843e-01  3.555e-01  5.002e+00  
2.086e-01  4.068e-01  4.868e+00  
8.603e-02  1.551e-01  5.607e+00  
6.758e-01  1.381e+00  2.006e+00  
4.938e-02  7.969e-02  5.835e+00  
