3.000e+00  1.000e+00  1.000e+00  
8.571e-01  1.714e+00  8.574e-01  
4.949e-04  9.898e-04  5.997e+00  
3.000e+00  1.000e+00  1.000e+00  
2.000e+00  1.500e+00  5.002e-01  
2.516e+00  1.000e+00  2.452e+00  
1.501e+00  1.750e+00  2.503e-01  
2.827e+00  1.000e+00  1.518e+00  
2.500e+00  1.250e+00  7.501e-01  
3.001e-01  6.002e-01  4.199e+00  
1.251e+00  1.875e+00  1.254e-01  
2.942e+00  1.000e+00  1.173e+00  
2.250e+00  1.375e+00  6.252e-01  
4.092e-01  8.184e-01  3.545e+00  
1.751e+00  1.625e+00  3.753e-01  
2.650e+00  1.000e+00  2.050e+00  
2.750e+00  1.125e+00  8.751e-01  
1.668e-01  3.336e-01  4.999e+00  
1.126e+00  1.937e+00  6.293e-02  
3.000e+00  1.000e+00  1.000e+00  
2.125e+00  1.437e+00  5.627e-01  
4.566e-01  9.132e-01  3.260e+00  
1.626e+00  1.687e+00  3.128e-01  
2.735e+00  1.000e+00  1.795e+00  
2.397e+00  1.267e+00  8.654e-01  
2.370e-01  4.739e-01  4.578e+00  
1.376e+00  1.812e+00  1.879e-01  
2.610e+00  1.072e+00  1.561e+00  
2.055e+00  1.419e+00  7.433e-01  
3.572e-01  7.145e-01  3.857e+00  
1.788e+00  1.591e+00  4.459e-01  
2.588e+00  1.000e+00  2.235e+00  
2.033e+00  1.328e+00  1.172e+00  
8.841e-02  1.768e-01  5.470e+00  
1.063e+00  1.968e+00  3.169e-02  
1.957e+00  1.304e+00  1.388e+00  
1.554e+00  1.627e+00  5.888e-01  
4.788e-01  9.576e-01  3.127e+00  
1.355e+00  1.784e+00  2.923e-01  
2.030e+00  1.160e+00  2.067e+00  
1.521e+00  1.524e+00  9.771e-01  
2.694e-01  5.387e-01  4.384e+00  
1.163e+00  1.890e+00  1.606e-01  
1.675e+00  1.290e+00  1.768e+00  
1.289e+00  1.638e+00  8.001e-01  
3.838e-01  7.676e-01  3.697e+00  
1.113e+00  1.798e+00  4.587e-01  
1.786e+00  1.114e+00  2.638e+00  
1.267e+00  1.506e+00  1.248e+00  
1.287e-01  2.575e-01  5.228e+00  
9.820e-01  1.964e+00  1.077e-01  
1.266e+00  1.386e+00  1.672e+00  
9.855e-01  1.733e+00  7.320e-01  
4.334e-01  8.668e-01  3.400e+00  
9.285e-01  1.857e+00  4.289e-01  
5.944e-01  1.189e+00  2.434e+00  
9.530e-01  1.591e+00  1.161e+00  
2.028e-01  4.057e-01  4.783e+00  
9.464e-01  1.893e+00  3.218e-01  
1.035e+00  1.309e+00  2.042e+00  
8.330e-01  1.666e+00  1.002e+00  
3.294e-01  6.587e-01  4.024e+00  
8.763e-01  1.753e+00  7.422e-01  
5.205e-01  1.041e+00  2.877e+00  
7.602e-01  1.520e+00  1.439e+00  
4.564e-02  9.127e-02  5.726e+00  
9.944e-01  1.989e+00  3.337e-02  
7.278e-01  1.456e+00  1.633e+00  
8.346e-01  1.669e+00  9.922e-01  
4.895e-01  9.791e-01  3.063e+00  
8.997e-01  1.799e+00  6.015e-01  
6.352e-01  1.270e+00  2.189e+00  
7.398e-01  1.480e+00  1.561e+00  
2.849e-01  5.699e-01  4.290e+00  
9.335e-01  1.867e+00  3.988e-01  
6.225e-01  1.245e+00  2.265e+00  
7.359e-01  1.472e+00  1.584e+00  
3.966e-01  7.933e-01  3.620e+00  
8.039e-01  1.608e+00  1.177e+00  
5.210e-01  1.042e+00  2.874e+00  
6.154e-01  1.231e+00  2.307e+00  
1.480e-01  2.961e-01  5.112e+00  
9.413e-01  1.883e+00  3.519e-01  
5.210e-01  1.042e+00  2.874e+00  
6.538e-01  1.308e+00  2.077e+00  
3.908e-01  7.816e-01  3.655e+00  
7.400e-01  1.480e+00  1.560e+00  
3.923e-01  7.846e-01  3.646e+00  
4.856e-01  9.712e-01  3.086e+00  
2.201e-01  4.403e-01  4.679e+00  
7.575e-01  1.515e+00  1.455e+00  
3.189e-01  6.378e-01  4.087e+00  
4.121e-01  8.242e-01  3.527e+00  
1.993e-01  3.985e-01  4.804e+00  
4.396e-01  8.793e-01  3.362e+00  
1.658e-01  3.315e-01  5.005e+00  
1.894e-01  3.789e-01  4.863e+00  
6.734e-02  1.347e-01  5.596e+00  
6.670e-01  1.334e+00  1.998e+00  
2.899e-02  5.798e-02  5.826e+00  
