2.000e+00  8.732e-04  
1.724e-03  3.997e+00  
1.995e+00  1.092e-02  
1.984e+00  3.150e-02  
1.974e+00  5.236e-02  
1.963e+00  7.337e-02  
1.953e+00  9.461e-02  
1.942e+00  1.161e-01  
1.931e+00  1.378e-01  
1.920e+00  1.597e-01  
1.909e+00  1.819e-01  
1.898e+00  2.043e-01  
1.887e+00  2.269e-01  
1.875e+00  2.498e-01  
1.864e+00  2.729e-01  
1.852e+00  2.964e-01  
1.840e+00  3.200e-01  
1.828e+00  3.439e-01  
1.816e+00  3.681e-01  
1.804e+00  3.926e-01  
1.792e+00  4.173e-01  
1.779e+00  4.423e-01  
1.766e+00  4.676e-01  
1.754e+00  4.931e-01  
1.741e+00  5.190e-01  
1.728e+00  5.452e-01  
1.714e+00  5.717e-01  
1.701e+00  5.985e-01  
1.687e+00  6.256e-01  
1.674e+00  6.530e-01  
1.660e+00  6.808e-01  
1.646e+00  7.089e-01  
1.632e+00  7.373e-01  
1.617e+00  7.661e-01  
1.603e+00  7.952e-01  
1.588e+00  8.247e-01  
1.573e+00  8.545e-01  
1.558e+00  8.848e-01  
1.543e+00  9.153e-01  
1.527e+00  9.464e-01  
1.511e+00  9.778e-01  
1.495e+00  1.010e+00  
1.479e+00  1.042e+00  
1.463e+00  1.074e+00  
1.447e+00  1.107e+00  
1.430e+00  1.141e+00  
1.413e+00  1.175e+00  
1.396e+00  1.209e+00  
1.378e+00  1.244e+00  
1.361e+00  1.279e+00  
1.343e+00  1.315e+00  
1.325e+00  1.351e+00  
1.306e+00  1.388e+00  
1.288e+00  1.425e+00  
1.269e+00  1.463e+00  
1.250e+00  1.501e+00  
1.230e+00  1.540e+00  
1.210e+00  1.580e+00  
1.190e+00  1.620e+00  
1.170e+00  1.660e+00  
1.150e+00  1.701e+00  
1.129e+00  1.743e+00  
1.108e+00  1.785e+00  
1.086e+00  1.828e+00  
1.064e+00  1.872e+00  
1.042e+00  1.916e+00  
1.020e+00  1.961e+00  
9.967e-01  2.007e+00  
9.736e-01  2.053e+00  
9.500e-01  2.100e+00  
9.261e-01  2.148e+00  
9.018e-01  2.197e+00  
8.772e-01  2.246e+00  
8.521e-01  2.296e+00  
8.266e-01  2.347e+00  
8.007e-01  2.399e+00  
7.744e-01  2.452e+00  
7.476e-01  2.505e+00  
7.204e-01  2.560e+00  
6.928e-01  2.615e+00  
6.646e-01  2.671e+00  
6.360e-01  2.728e+00  
6.069e-01  2.787e+00  
5.773e-01  2.846e+00  
5.471e-01  2.906e+00  
5.165e-01  2.967e+00  
4.852e-01  3.030e+00  
4.534e-01  3.093e+00  
4.211e-01  3.158e+00  
3.881e-01  3.224e+00  
3.545e-01  3.291e+00  
3.203e-01  3.360e+00  
2.855e-01  3.430e+00  
2.499e-01  3.501e+00  
2.137e-01  3.573e+00  
1.768e-01  3.647e+00  
1.391e-01  3.722e+00  
1.007e-01  3.799e+00  
6.157e-02  3.877e+00  
2.161e-02  3.957e+00  
