2.750e+00  1.080e+00  1.178e+00  
8.719e-01  1.973e+00  9.764e-01  
9.459e-02  1.010e-01  6.038e+00  
2.750e+00  1.080e+00  1.178e+00  
2.182e+00  1.407e+00  6.326e-01  
2.157e+00  1.031e+00  2.984e+00  
1.750e+00  1.630e+00  4.169e-01  
2.565e+00  1.060e+00  1.782e+00  
2.568e+00  1.208e+00  8.599e-01  
4.141e-01  6.684e-01  4.167e+00  
1.527e+00  1.740e+00  3.069e-01  
2.669e+00  1.071e+00  1.444e+00  
2.400e+00  1.299e+00  7.419e-01  
5.275e-01  8.668e-01  3.527e+00  
1.958e+00  1.519e+00  5.214e-01  
2.398e+00  1.049e+00  2.282e+00  
2.707e+00  1.127e+00  9.970e-01  
2.700e-01  4.184e-01  4.970e+00  
1.408e+00  1.800e+00  2.515e-01  
2.713e+00  1.076e+00  1.299e+00  
2.293e+00  1.353e+00  6.849e-01  
5.780e-01  9.537e-01  3.246e+00  
1.855e+00  1.571e+00  4.693e-01  
2.491e+00  1.055e+00  2.006e+00  
2.316e+00  1.275e+00  9.995e-01  
3.430e-01  5.498e-01  4.538e+00  
1.639e+00  1.683e+00  3.610e-01  
2.514e+00  1.095e+00  1.648e+00  
1.991e+00  1.413e+00  8.762e-01  
4.733e-01  7.728e-01  3.827e+00  
1.747e+00  1.573e+00  6.079e-01  
2.299e+00  1.041e+00  2.584e+00  
1.971e+00  1.329e+00  1.268e+00  
1.851e-01  2.681e-01  5.456e+00  
1.350e+00  1.828e+00  2.223e-01  
1.895e+00  1.303e+00  1.480e+00  
1.521e+00  1.607e+00  7.404e-01  
6.051e-01  9.949e-01  3.116e+00  
1.336e+00  1.752e+00  4.655e-01  
1.970e+00  1.172e+00  2.087e+00  
1.496e+00  1.509e+00  1.099e+00  
3.791e-01  6.103e-01  4.348e+00  
1.211e+00  1.913e+00  3.362e-01  
1.636e+00  1.295e+00  1.813e+00  
1.287e+00  1.608e+00  9.375e-01  
5.025e-01  8.214e-01  3.673e+00  
1.140e+00  1.815e+00  6.343e-01  
1.729e+00  1.125e+00  2.623e+00  
1.257e+00  1.489e+00  1.345e+00  
2.296e-01  3.465e-01  5.205e+00  
1.033e+00  2.177e+00  2.986e-01  
1.251e+00  1.380e+00  1.740e+00  
1.028e+00  1.777e+00  8.916e-01  
5.522e-01  9.114e-01  3.380e+00  
9.695e-01  2.053e+00  5.977e-01  
1.297e+00  1.202e+00  2.445e+00  
9.869e-01  1.608e+00  1.274e+00  
3.064e-01  4.854e-01  4.751e+00  
9.481e-01  2.184e+00  4.859e-01  
1.058e+00  1.315e+00  2.079e+00  
8.887e-01  1.809e+00  1.155e+00  
4.413e-01  7.217e-01  3.988e+00  
8.881e-01  2.013e+00  8.704e-01  
6.483e-01  1.069e+00  2.877e+00  
8.325e-01  1.597e+00  1.606e+00  
1.401e-01  1.885e-01  5.716e+00  
9.892e-01  2.304e+00  2.251e-01  
7.831e-01  1.591e+00  1.746e+00  
8.529e-01  1.925e+00  1.100e+00  
6.159e-01  1.014e+00  3.056e+00  
9.089e-01  2.073e+00  7.428e-01  
7.223e-01  1.326e+00  2.307e+00  
7.728e-01  1.731e+00  1.628e+00  
3.932e-01  6.389e-01  4.252e+00  
9.378e-01  2.159e+00  5.587e-01  
6.709e-01  1.481e+00  2.297e+00  
7.689e-01  1.717e+00  1.651e+00  
5.142e-01  8.446e-01  3.596e+00  
8.267e-01  1.858e+00  1.270e+00  
5.828e-01  1.271e+00  2.891e+00  
6.653e-01  1.467e+00  2.337e+00  
2.489e-01  3.817e-01  5.088e+00  
9.445e-01  2.182e+00  5.162e-01  
5.831e-01  1.271e+00  2.892e+00  
6.984e-01  1.547e+00  2.118e+00  
4.661e-01  9.879e-01  3.675e+00  
7.734e-01  1.734e+00  1.629e+00  
4.676e-01  9.919e-01  3.660e+00  
5.514e-01  1.194e+00  3.102e+00  
3.259e-01  5.191e-01  4.637e+00  
7.881e-01  1.770e+00  1.531e+00  
4.012e-01  8.295e-01  4.129e+00  
4.857e-01  1.034e+00  3.550e+00  
2.875e-01  4.515e-01  4.856e+00  
5.107e-01  1.095e+00  3.379e+00  
2.547e-01  3.941e-01  5.040e+00  
2.784e-01  4.330e-01  4.921e+00  
1.625e-01  2.294e-01  5.578e+00  
7.108e-01  1.579e+00  2.038e+00  
1.223e-01  1.526e-01  5.853e+00  
