2.999e+00  1.000e+00  1.002e+00  
8.570e-01  1.715e+00  8.589e-01  
1.229e-03  2.298e-03  5.994e+00  
2.999e+00  1.000e+00  1.002e+00  
2.003e+00  1.498e+00  5.019e-01  
2.537e+00  1.000e+00  2.389e+00  
1.505e+00  1.748e+00  2.524e-01  
2.793e+00  1.000e+00  1.621e+00  
2.501e+00  1.249e+00  7.510e-01  
3.006e-01  6.008e-01  4.199e+00  
1.253e+00  1.873e+00  1.271e-01  
2.910e+00  1.000e+00  1.271e+00  
2.252e+00  1.374e+00  6.265e-01  
4.097e-01  8.190e-01  3.544e+00  
1.754e+00  1.623e+00  3.769e-01  
2.600e+00  1.000e+00  2.199e+00  
2.751e+00  1.124e+00  8.759e-01  
1.672e-01  3.342e-01  4.998e+00  
1.131e+00  1.934e+00  6.581e-02  
2.955e+00  1.000e+00  1.133e+00  
2.128e+00  1.436e+00  5.644e-01  
4.570e-01  9.137e-01  3.261e+00  
1.629e+00  1.685e+00  3.148e-01  
2.735e+00  1.000e+00  1.796e+00  
2.395e+00  1.267e+00  8.686e-01  
2.374e-01  4.746e-01  4.577e+00  
1.380e+00  1.810e+00  1.900e-01  
2.608e+00  1.071e+00  1.567e+00  
2.054e+00  1.419e+00  7.454e-01  
3.576e-01  7.151e-01  3.856e+00  
1.787e+00  1.591e+00  4.481e-01  
2.588e+00  1.000e+00  2.234e+00  
2.032e+00  1.328e+00  1.174e+00  
8.905e-02  1.779e-01  5.467e+00  
1.048e+00  1.974e+00  2.995e-02  
1.957e+00  1.304e+00  1.389e+00  
1.552e+00  1.628e+00  5.906e-01  
4.792e-01  9.580e-01  3.127e+00  
1.354e+00  1.784e+00  2.945e-01  
2.031e+00  1.159e+00  2.066e+00  
1.521e+00  1.524e+00  9.778e-01  
2.699e-01  5.395e-01  4.382e+00  
1.159e+00  1.893e+00  1.588e-01  
1.673e+00  1.291e+00  1.770e+00  
1.288e+00  1.637e+00  8.014e-01  
3.843e-01  7.682e-01  3.697e+00  
1.114e+00  1.798e+00  4.590e-01  
1.780e+00  1.115e+00  2.640e+00  
1.265e+00  1.506e+00  1.250e+00  
1.293e-01  2.585e-01  5.225e+00  
9.818e-01  1.966e+00  1.102e-01  
1.263e+00  1.386e+00  1.673e+00  
9.846e-01  1.733e+00  7.342e-01  
4.337e-01  8.672e-01  3.399e+00  
9.283e-01  1.858e+00  4.307e-01  
5.948e-01  1.189e+00  2.435e+00  
9.519e-01  1.590e+00  1.162e+00  
2.034e-01  4.066e-01  4.781e+00  
9.462e-01  1.894e+00  3.235e-01  
1.010e+00  1.310e+00  2.044e+00  
8.329e-01  1.666e+00  1.003e+00  
3.298e-01  6.593e-01  4.023e+00  
8.763e-01  1.753e+00  7.430e-01  
5.208e-01  1.041e+00  2.877e+00  
7.602e-01  1.521e+00  1.440e+00  
4.632e-02  9.248e-02  5.723e+00  
9.944e-01  1.990e+00  3.401e-02  
7.279e-01  1.456e+00  1.634e+00  
8.346e-01  1.670e+00  9.934e-01  
4.899e-01  9.794e-01  3.063e+00  
8.997e-01  1.801e+00  6.031e-01  
6.354e-01  1.270e+00  2.190e+00  
7.399e-01  1.480e+00  1.561e+00  
2.854e-01  5.706e-01  4.289e+00  
9.334e-01  1.868e+00  4.008e-01  
6.225e-01  1.245e+00  2.266e+00  
7.360e-01  1.473e+00  1.585e+00  
3.970e-01  7.938e-01  3.620e+00  
8.038e-01  1.609e+00  1.178e+00  
5.213e-01  1.043e+00  2.874e+00  
6.155e-01  1.231e+00  2.308e+00  
1.486e-01  2.971e-01  5.110e+00  
9.411e-01  1.883e+00  3.539e-01  
5.213e-01  1.043e+00  2.874e+00  
6.538e-01  1.308e+00  2.078e+00  
3.912e-01  7.822e-01  3.654e+00  
7.399e-01  1.480e+00  1.561e+00  
3.927e-01  7.852e-01  3.646e+00  
4.859e-01  9.719e-01  3.086e+00  
2.207e-01  4.412e-01  4.677e+00  
7.576e-01  1.516e+00  1.456e+00  
3.194e-01  6.385e-01  4.085e+00  
4.124e-01  8.250e-01  3.527e+00  
1.999e-01  3.995e-01  4.802e+00  
4.400e-01  8.802e-01  3.362e+00  
1.664e-01  3.326e-01  5.003e+00  
1.900e-01  3.798e-01  4.862e+00  
6.802e-02  1.359e-01  5.593e+00  
6.671e-01  1.335e+00  1.999e+00  
2.976e-02  5.928e-02  5.823e+00  
