2.000e+00  2.056e-03  
5.265e-03  3.992e+00  
1.995e+00  1.212e-02  
1.985e+00  3.268e-02  
1.975e+00  5.357e-02  
1.964e+00  7.452e-02  
1.954e+00  9.577e-02  
1.943e+00  1.173e-01  
1.932e+00  1.387e-01  
1.921e+00  1.606e-01  
1.910e+00  1.830e-01  
1.899e+00  2.050e-01  
1.888e+00  2.279e-01  
1.876e+00  2.508e-01  
1.865e+00  2.734e-01  
1.853e+00  2.973e-01  
1.841e+00  3.209e-01  
1.829e+00  3.444e-01  
1.817e+00  3.689e-01  
1.805e+00  3.930e-01  
1.793e+00  4.181e-01  
1.780e+00  4.430e-01  
1.767e+00  4.680e-01  
1.755e+00  4.936e-01  
1.742e+00  5.197e-01  
1.729e+00  5.458e-01  
1.716e+00  5.722e-01  
1.702e+00  5.988e-01  
1.689e+00  6.260e-01  
1.675e+00  6.534e-01  
1.661e+00  6.812e-01  
1.647e+00  7.092e-01  
1.633e+00  7.375e-01  
1.618e+00  7.662e-01  
1.604e+00  7.950e-01  
1.589e+00  8.247e-01  
1.574e+00  8.544e-01  
1.559e+00  8.847e-01  
1.544e+00  9.151e-01  
1.528e+00  9.460e-01  
1.513e+00  9.775e-01  
1.497e+00  1.009e+00  
1.481e+00  1.041e+00  
1.464e+00  1.074e+00  
1.448e+00  1.107e+00  
1.431e+00  1.140e+00  
1.414e+00  1.174e+00  
1.397e+00  1.209e+00  
1.380e+00  1.243e+00  
1.362e+00  1.278e+00  
1.344e+00  1.314e+00  
1.326e+00  1.350e+00  
1.308e+00  1.387e+00  
1.289e+00  1.424e+00  
1.270e+00  1.462e+00  
1.251e+00  1.501e+00  
1.232e+00  1.539e+00  
1.212e+00  1.578e+00  
1.192e+00  1.618e+00  
1.172e+00  1.659e+00  
1.151e+00  1.700e+00  
1.131e+00  1.742e+00  
1.110e+00  1.784e+00  
1.088e+00  1.827e+00  
1.066e+00  1.870e+00  
1.044e+00  1.915e+00  
1.021e+00  1.960e+00  
9.989e-01  2.005e+00  
9.756e-01  2.052e+00  
9.522e-01  2.098e+00  
9.283e-01  2.146e+00  
9.041e-01  2.195e+00  
8.793e-01  2.244e+00  
8.545e-01  2.294e+00  
8.289e-01  2.345e+00  
8.031e-01  2.397e+00  
7.768e-01  2.449e+00  
7.501e-01  2.502e+00  
7.230e-01  2.557e+00  
6.953e-01  2.612e+00  
6.672e-01  2.668e+00  
6.386e-01  2.725e+00  
6.096e-01  2.783e+00  
5.801e-01  2.843e+00  
5.500e-01  2.902e+00  
5.194e-01  2.964e+00  
4.881e-01  3.026e+00  
4.564e-01  3.090e+00  
4.240e-01  3.154e+00  
3.911e-01  3.220e+00  
3.576e-01  3.287e+00  
3.235e-01  3.356e+00  
2.887e-01  3.425e+00  
2.533e-01  3.496e+00  
2.170e-01  3.569e+00  
1.802e-01  3.642e+00  
1.426e-01  3.717e+00  
1.043e-01  3.794e+00  
6.521e-02  3.872e+00  
2.510e-02  3.952e+00  
