2.004e+00  9.419e-03  
1.329e-02  3.992e+00  
2.000e+00  1.913e-02  
1.989e+00  3.943e-02  
1.978e+00  6.030e-02  
1.968e+00  8.150e-02  
1.957e+00  1.026e-01  
1.946e+00  1.242e-01  
1.935e+00  1.459e-01  
1.924e+00  1.674e-01  
1.913e+00  1.896e-01  
1.902e+00  2.116e-01  
1.891e+00  2.340e-01  
1.879e+00  2.574e-01  
1.868e+00  2.802e-01  
1.856e+00  3.038e-01  
1.844e+00  3.273e-01  
1.832e+00  3.511e-01  
1.820e+00  3.753e-01  
1.809e+00  3.991e-01  
1.796e+00  4.241e-01  
1.784e+00  4.488e-01  
1.771e+00  4.743e-01  
1.758e+00  4.998e-01  
1.745e+00  5.252e-01  
1.732e+00  5.510e-01  
1.720e+00  5.776e-01  
1.706e+00  6.042e-01  
1.692e+00  6.317e-01  
1.679e+00  6.582e-01  
1.665e+00  6.870e-01  
1.651e+00  7.149e-01  
1.638e+00  7.433e-01  
1.622e+00  7.720e-01  
1.608e+00  8.002e-01  
1.594e+00  8.302e-01  
1.579e+00  8.599e-01  
1.563e+00  8.898e-01  
1.548e+00  9.204e-01  
1.533e+00  9.509e-01  
1.518e+00  9.825e-01  
1.502e+00  1.014e+00  
1.485e+00  1.047e+00  
1.469e+00  1.079e+00  
1.453e+00  1.112e+00  
1.437e+00  1.144e+00  
1.419e+00  1.179e+00  
1.402e+00  1.213e+00  
1.385e+00  1.248e+00  
1.367e+00  1.283e+00  
1.350e+00  1.318e+00  
1.332e+00  1.355e+00  
1.313e+00  1.390e+00  
1.295e+00  1.428e+00  
1.276e+00  1.466e+00  
1.257e+00  1.504e+00  
1.238e+00  1.543e+00  
1.218e+00  1.582e+00  
1.198e+00  1.622e+00  
1.178e+00  1.662e+00  
1.157e+00  1.704e+00  
1.137e+00  1.745e+00  
1.115e+00  1.788e+00  
1.094e+00  1.829e+00  
1.072e+00  1.873e+00  
1.050e+00  1.918e+00  
1.027e+00  1.963e+00  
1.005e+00  2.008e+00  
9.821e-01  2.055e+00  
9.586e-01  2.101e+00  
9.344e-01  2.149e+00  
9.104e-01  2.197e+00  
8.861e-01  2.246e+00  
8.606e-01  2.296e+00  
8.356e-01  2.347e+00  
8.097e-01  2.398e+00  
7.834e-01  2.451e+00  
7.567e-01  2.505e+00  
7.299e-01  2.559e+00  
7.022e-01  2.614e+00  
6.739e-01  2.670e+00  
6.457e-01  2.727e+00  
6.168e-01  2.785e+00  
5.871e-01  2.844e+00  
5.571e-01  2.904e+00  
5.262e-01  2.965e+00  
4.955e-01  3.028e+00  
4.635e-01  3.090e+00  
4.312e-01  3.155e+00  
3.981e-01  3.221e+00  
3.645e-01  3.287e+00  
3.306e-01  3.356e+00  
2.963e-01  3.425e+00  
2.607e-01  3.496e+00  
2.246e-01  3.568e+00  
1.880e-01  3.642e+00  
1.504e-01  3.717e+00  
1.119e-01  3.794e+00  
7.331e-02  3.873e+00  
3.264e-02  3.955e+00  
