2.004e+00  1.204e-02  
1.415e-02  3.990e+00  
1.999e+00  2.185e-02  
1.988e+00  4.245e-02  
1.977e+00  6.303e-02  
1.967e+00  8.417e-02  
1.956e+00  1.052e-01  
1.945e+00  1.265e-01  
1.934e+00  1.482e-01  
1.923e+00  1.698e-01  
1.912e+00  1.921e-01  
1.901e+00  2.144e-01  
1.890e+00  2.369e-01  
1.878e+00  2.595e-01  
1.867e+00  2.825e-01  
1.855e+00  3.056e-01  
1.843e+00  3.293e-01  
1.831e+00  3.532e-01  
1.819e+00  3.773e-01  
1.807e+00  4.011e-01  
1.795e+00  4.261e-01  
1.783e+00  4.510e-01  
1.770e+00  4.763e-01  
1.758e+00  5.018e-01  
1.745e+00  5.272e-01  
1.732e+00  5.534e-01  
1.719e+00  5.795e-01  
1.706e+00  6.058e-01  
1.692e+00  6.332e-01  
1.678e+00  6.609e-01  
1.665e+00  6.885e-01  
1.651e+00  7.161e-01  
1.636e+00  7.446e-01  
1.622e+00  7.731e-01  
1.608e+00  8.022e-01  
1.593e+00  8.312e-01  
1.579e+00  8.614e-01  
1.563e+00  8.916e-01  
1.548e+00  9.216e-01  
1.533e+00  9.526e-01  
1.517e+00  9.837e-01  
1.501e+00  1.016e+00  
1.485e+00  1.048e+00  
1.469e+00  1.080e+00  
1.453e+00  1.113e+00  
1.436e+00  1.146e+00  
1.419e+00  1.180e+00  
1.401e+00  1.214e+00  
1.385e+00  1.249e+00  
1.367e+00  1.284e+00  
1.350e+00  1.318e+00  
1.331e+00  1.355e+00  
1.313e+00  1.393e+00  
1.294e+00  1.429e+00  
1.276e+00  1.467e+00  
1.257e+00  1.505e+00  
1.237e+00  1.543e+00  
1.218e+00  1.583e+00  
1.198e+00  1.623e+00  
1.178e+00  1.663e+00  
1.157e+00  1.705e+00  
1.137e+00  1.745e+00  
1.116e+00  1.788e+00  
1.094e+00  1.831e+00  
1.073e+00  1.875e+00  
1.050e+00  1.919e+00  
1.028e+00  1.963e+00  
1.005e+00  2.010e+00  
9.822e-01  2.054e+00  
9.581e-01  2.102e+00  
9.352e-01  2.150e+00  
9.103e-01  2.197e+00  
8.862e-01  2.246e+00  
8.613e-01  2.296e+00  
8.360e-01  2.348e+00  
8.102e-01  2.399e+00  
7.838e-01  2.452e+00  
7.571e-01  2.506e+00  
7.301e-01  2.559e+00  
7.020e-01  2.614e+00  
6.747e-01  2.670e+00  
6.462e-01  2.728e+00  
6.170e-01  2.785e+00  
5.876e-01  2.844e+00  
5.577e-01  2.904e+00  
5.271e-01  2.966e+00  
4.960e-01  3.027e+00  
4.639e-01  3.091e+00  
4.320e-01  3.154e+00  
3.990e-01  3.220e+00  
3.655e-01  3.288e+00  
3.312e-01  3.356e+00  
2.965e-01  3.425e+00  
2.614e-01  3.496e+00  
2.248e-01  3.569e+00  
1.887e-01  3.642e+00  
1.514e-01  3.718e+00  
1.126e-01  3.794e+00  
7.357e-02  3.872e+00  
3.417e-02  3.952e+00  
