2.999e+00  1.000e+00  1.004e+00  
8.566e-01  1.714e+00  8.608e-01  
1.025e-03  1.905e-03  5.995e+00  
2.999e+00  1.000e+00  1.004e+00  
2.007e+00  1.497e+00  5.035e-01  
2.508e+00  1.000e+00  2.477e+00  
1.508e+00  1.746e+00  2.542e-01  
2.777e+00  1.000e+00  1.669e+00  
2.505e+00  1.248e+00  7.527e-01  
3.004e-01  6.005e-01  4.200e+00  
1.259e+00  1.871e+00  1.296e-01  
2.904e+00  1.000e+00  1.289e+00  
2.256e+00  1.372e+00  6.281e-01  
4.093e-01  8.184e-01  3.546e+00  
1.757e+00  1.621e+00  3.789e-01  
2.600e+00  1.000e+00  2.200e+00  
2.754e+00  1.123e+00  8.773e-01  
1.671e-01  3.341e-01  4.998e+00  
1.134e+00  1.933e+00  6.727e-02  
2.954e+00  1.000e+00  1.137e+00  
2.131e+00  1.434e+00  5.658e-01  
4.568e-01  9.133e-01  3.261e+00  
1.633e+00  1.684e+00  3.165e-01  
2.703e+00  1.000e+00  1.891e+00  
2.395e+00  1.267e+00  8.704e-01  
2.373e-01  4.743e-01  4.578e+00  
1.383e+00  1.808e+00  1.919e-01  
2.608e+00  1.071e+00  1.568e+00  
2.053e+00  1.419e+00  7.475e-01  
3.575e-01  7.147e-01  3.857e+00  
1.787e+00  1.591e+00  4.500e-01  
2.545e+00  1.000e+00  2.366e+00  
2.032e+00  1.328e+00  1.175e+00  
8.887e-02  1.776e-01  5.468e+00  
1.071e+00  1.964e+00  3.615e-02  
1.957e+00  1.304e+00  1.391e+00  
1.554e+00  1.627e+00  5.923e-01  
4.790e-01  9.576e-01  3.128e+00  
1.354e+00  1.783e+00  2.965e-01  
2.032e+00  1.160e+00  2.065e+00  
1.520e+00  1.524e+00  9.808e-01  
2.697e-01  5.390e-01  4.384e+00  
1.162e+00  1.889e+00  1.649e-01  
1.673e+00  1.290e+00  1.771e+00  
1.287e+00  1.637e+00  8.040e-01  
3.841e-01  7.677e-01  3.698e+00  
1.112e+00  1.797e+00  4.626e-01  
1.786e+00  1.115e+00  2.643e+00  
1.266e+00  1.505e+00  1.251e+00  
1.292e-01  2.581e-01  5.226e+00  
9.814e-01  1.963e+00  1.121e-01  
1.265e+00  1.385e+00  1.675e+00  
9.852e-01  1.732e+00  7.350e-01  
4.335e-01  8.668e-01  3.401e+00  
9.279e-01  1.856e+00  4.329e-01  
5.942e-01  1.189e+00  2.436e+00  
9.477e-01  1.590e+00  1.164e+00  
2.032e-01  4.062e-01  4.782e+00  
9.457e-01  1.892e+00  3.259e-01  
1.039e+00  1.309e+00  2.041e+00  
8.325e-01  1.666e+00  1.005e+00  
3.296e-01  6.590e-01  4.024e+00  
8.758e-01  1.752e+00  7.458e-01  
5.205e-01  1.041e+00  2.879e+00  
7.598e-01  1.520e+00  1.442e+00  
4.613e-02  9.211e-02  5.724e+00  
9.937e-01  1.988e+00  3.786e-02  
7.276e-01  1.456e+00  1.636e+00  
8.342e-01  1.669e+00  9.954e-01  
4.897e-01  9.789e-01  3.064e+00  
8.992e-01  1.799e+00  6.053e-01  
6.352e-01  1.270e+00  2.191e+00  
7.394e-01  1.479e+00  1.564e+00  
2.853e-01  5.702e-01  4.290e+00  
9.329e-01  1.866e+00  4.028e-01  
6.223e-01  1.245e+00  2.267e+00  
7.356e-01  1.472e+00  1.587e+00  
3.968e-01  7.933e-01  3.621e+00  
8.035e-01  1.607e+00  1.180e+00  
5.211e-01  1.042e+00  2.875e+00  
6.152e-01  1.231e+00  2.310e+00  
1.484e-01  2.967e-01  5.111e+00  
9.407e-01  1.882e+00  3.560e-01  
5.210e-01  1.042e+00  2.875e+00  
6.536e-01  1.307e+00  2.079e+00  
3.909e-01  7.817e-01  3.656e+00  
7.396e-01  1.480e+00  1.563e+00  
3.924e-01  7.846e-01  3.647e+00  
4.857e-01  9.711e-01  3.088e+00  
2.205e-01  4.407e-01  4.678e+00  
7.572e-01  1.515e+00  1.457e+00  
3.191e-01  6.380e-01  4.087e+00  
4.122e-01  8.241e-01  3.529e+00  
1.996e-01  3.990e-01  4.804e+00  
4.398e-01  8.795e-01  3.363e+00  
1.662e-01  3.321e-01  5.004e+00  
1.898e-01  3.794e-01  4.863e+00  
6.782e-02  1.355e-01  5.594e+00  
6.667e-01  1.334e+00  2.000e+00  
2.950e-02  5.880e-02  5.824e+00  
