2.000e+00  2.850e-03  
5.297e-03  3.992e+00  
1.995e+00  1.293e-02  
1.984e+00  3.343e-02  
1.974e+00  5.426e-02  
1.963e+00  7.524e-02  
1.953e+00  9.649e-02  
1.942e+00  1.179e-01  
1.931e+00  1.394e-01  
1.920e+00  1.614e-01  
1.909e+00  1.835e-01  
1.898e+00  2.059e-01  
1.887e+00  2.285e-01  
1.875e+00  2.514e-01  
1.864e+00  2.744e-01  
1.852e+00  2.974e-01  
1.840e+00  3.213e-01  
1.828e+00  3.453e-01  
1.816e+00  3.695e-01  
1.804e+00  3.938e-01  
1.792e+00  4.184e-01  
1.779e+00  4.433e-01  
1.767e+00  4.687e-01  
1.754e+00  4.942e-01  
1.741e+00  5.199e-01  
1.728e+00  5.458e-01  
1.715e+00  5.727e-01  
1.701e+00  5.995e-01  
1.688e+00  6.265e-01  
1.674e+00  6.538e-01  
1.660e+00  6.815e-01  
1.646e+00  7.094e-01  
1.632e+00  7.379e-01  
1.618e+00  7.667e-01  
1.603e+00  7.955e-01  
1.589e+00  8.253e-01  
1.574e+00  8.551e-01  
1.559e+00  8.850e-01  
1.543e+00  9.158e-01  
1.528e+00  9.463e-01  
1.512e+00  9.781e-01  
1.496e+00  1.010e+00  
1.480e+00  1.042e+00  
1.464e+00  1.075e+00  
1.448e+00  1.107e+00  
1.431e+00  1.141e+00  
1.414e+00  1.175e+00  
1.397e+00  1.209e+00  
1.379e+00  1.244e+00  
1.362e+00  1.279e+00  
1.344e+00  1.315e+00  
1.326e+00  1.351e+00  
1.307e+00  1.387e+00  
1.289e+00  1.425e+00  
1.270e+00  1.463e+00  
1.251e+00  1.501e+00  
1.232e+00  1.539e+00  
1.212e+00  1.579e+00  
1.192e+00  1.619e+00  
1.172e+00  1.659e+00  
1.151e+00  1.700e+00  
1.130e+00  1.742e+00  
1.109e+00  1.784e+00  
1.088e+00  1.827e+00  
1.066e+00  1.871e+00  
1.044e+00  1.915e+00  
1.021e+00  1.960e+00  
9.986e-01  2.006e+00  
9.755e-01  2.052e+00  
9.521e-01  2.099e+00  
9.283e-01  2.147e+00  
9.039e-01  2.195e+00  
8.793e-01  2.244e+00  
8.543e-01  2.294e+00  
8.289e-01  2.345e+00  
8.029e-01  2.397e+00  
7.768e-01  2.449e+00  
7.501e-01  2.503e+00  
7.229e-01  2.557e+00  
6.952e-01  2.612e+00  
6.671e-01  2.668e+00  
6.386e-01  2.725e+00  
6.096e-01  2.784e+00  
5.799e-01  2.843e+00  
5.498e-01  2.903e+00  
5.192e-01  2.964e+00  
4.879e-01  3.027e+00  
4.563e-01  3.090e+00  
4.240e-01  3.154e+00  
3.910e-01  3.220e+00  
3.576e-01  3.287e+00  
3.234e-01  3.356e+00  
2.885e-01  3.425e+00  
2.531e-01  3.496e+00  
2.170e-01  3.569e+00  
1.802e-01  3.642e+00  
1.424e-01  3.717e+00  
1.042e-01  3.794e+00  
6.512e-02  3.873e+00  
2.504e-02  3.953e+00  
