2.038e+00  5.438e-02  5.497e-02  
1.052e-01  4.044e+00  7.676e-02  
9.834e-02  7.432e-02  6.045e+00  
2.035e+00  1.251e-01  8.094e-02  
2.033e+00  2.439e-01  5.349e-02  
2.033e+00  1.402e-01  3.186e-01  
2.026e+00  4.479e-01  7.212e-02  
2.031e+00  2.309e-01  3.505e-01  
2.025e+00  4.280e-01  2.790e-01  
2.025e+00  1.337e-01  6.381e-01  
2.005e+00  7.398e-01  9.723e-02  
2.022e+00  4.087e-01  4.954e-01  
2.011e+00  6.487e-01  2.794e-01  
2.018e+00  1.525e-01  8.160e-01  
1.993e+00  8.566e-01  1.908e-01  
2.014e+00  3.621e-01  7.959e-01  
2.003e+00  6.903e-01  5.366e-01  
2.001e+00  1.149e-01  1.189e+00  
1.944e+00  1.257e+00  8.487e-02  
1.997e+00  6.765e-01  7.483e-01  
1.967e+00  1.055e+00  4.436e-01  
1.992e+00  3.745e-01  1.212e+00  
1.931e+00  1.324e+00  2.238e-01  
1.985e+00  6.062e-01  1.115e+00  
1.959e+00  1.045e+00  7.055e-01  
1.963e+00  1.717e-01  1.633e+00  
1.876e+00  1.630e+00  2.033e-01  
1.963e+00  8.258e-01  1.180e+00  
1.920e+00  1.323e+00  7.101e-01  
1.946e+00  3.284e-01  1.769e+00  
1.867e+00  1.641e+00  4.930e-01  
1.940e+00  6.657e-01  1.638e+00  
1.912e+00  1.251e+00  1.101e+00  
1.893e+00  1.237e-01  2.297e+00  
1.727e+00  2.201e+00  8.358e-02  
1.897e+00  1.254e+00  1.337e+00  
1.808e+00  1.860e+00  6.738e-01  
1.890e+00  6.798e-01  2.104e+00  
1.718e+00  2.210e+00  3.998e-01  
1.874e+00  1.075e+00  1.855e+00  
1.806e+00  1.770e+00  1.145e+00  
1.823e+00  3.650e-01  2.692e+00  
1.607e+00  2.542e+00  1.234e-01  
1.820e+00  1.391e+00  1.892e+00  
1.714e+00  2.134e+00  1.066e+00  
1.787e+00  6.199e-01  2.825e+00  
1.604e+00  2.519e+00  5.260e-01  
1.776e+00  1.106e+00  2.549e+00  
1.707e+00  1.989e+00  1.625e+00  
1.677e+00  1.943e-01  3.489e+00  
1.397e+00  2.988e+00  1.163e-01  
1.688e+00  1.816e+00  2.163e+00  
1.534e+00  2.609e+00  1.132e+00  
1.662e+00  8.804e-01  3.323e+00  
1.392e+00  2.975e+00  6.181e-01  
1.636e+00  1.470e+00  2.965e+00  
1.522e+00  2.460e+00  1.800e+00  
1.523e+00  3.832e-01  4.045e+00  
1.232e+00  3.251e+00  3.347e-01  
1.538e+00  1.890e+00  2.908e+00  
1.377e+00  2.839e+00  1.610e+00  
1.456e+00  7.081e-01  4.174e+00  
1.218e+00  3.217e+00  1.019e+00  
1.442e+00  1.409e+00  3.817e+00  
1.349e+00  2.610e+00  2.444e+00  
1.264e+00  1.221e-01  4.815e+00  
9.291e-01  3.635e+00  7.381e-02  
1.272e+00  2.649e+00  2.728e+00  
1.055e+00  3.412e+00  1.213e+00  
1.254e+00  1.427e+00  4.357e+00  
8.963e-01  3.650e+00  5.482e-01  
1.191e+00  2.207e+00  3.762e+00  
1.016e+00  3.274e+00  2.051e+00  
1.067e+00  7.170e-01  5.100e+00  
7.386e-01  3.795e+00  1.612e-01  
1.026e+00  2.663e+00  3.519e+00  
8.421e-01  3.554e+00  1.683e+00  
9.488e-01  1.163e+00  5.134e+00  
6.931e-01  3.781e+00  9.536e-01  
8.985e-01  2.037e+00  4.593e+00  
7.769e-01  3.335e+00  2.663e+00  
7.349e-01  3.665e-01  5.657e+00  
4.976e-01  3.939e+00  1.388e-01  
7.045e-01  3.032e+00  3.525e+00  
5.466e-01  3.787e+00  1.569e+00  
6.448e-01  1.469e+00  5.369e+00  
4.331e-01  3.938e+00  8.051e-01  
5.681e-01  2.386e+00  4.671e+00  
4.582e-01  3.588e+00  2.542e+00  
4.434e-01  5.744e-01  5.874e+00  
3.073e-01  4.000e+00  4.969e-01  
3.969e-01  2.832e+00  4.242e+00  
3.046e-01  3.782e+00  2.063e+00  
3.111e-01  1.054e+00  5.813e+00  
2.253e-01  3.960e+00  1.191e+00  
2.373e-01  2.010e+00  5.262e+00  
1.961e-01  3.464e+00  3.152e+00  
1.504e-01  1.201e-01  6.036e+00  
1.052e-01  4.044e+00  7.676e-02  
9.236e-02  3.262e+00  3.623e+00  
