2.117e+00  3.016e-01  3.697e-01  
3.392e-01  4.103e+00  4.863e-01  
2.315e-01  3.013e-01  6.099e+00  
2.108e+00  3.257e-01  3.901e-01  
2.101e+00  4.525e-01  3.857e-01  
2.101e+00  3.302e-01  5.105e-01  
2.096e+00  6.276e-01  3.815e-01  
2.094e+00  4.425e-01  6.179e-01  
2.086e+00  5.984e-01  5.079e-01  
2.091e+00  3.288e-01  8.856e-01  
2.074e+00  9.128e-01  3.642e-01  
2.081e+00  5.862e-01  7.328e-01  
2.068e+00  8.297e-01  5.807e-01  
2.079e+00  4.205e-01  1.054e+00  
2.053e+00  1.021e+00  5.062e-01  
2.072e+00  5.728e-01  1.038e+00  
2.056e+00  8.747e-01  7.827e-01  
2.072e+00  3.226e-01  1.399e+00  
2.010e+00  1.403e+00  3.458e-01  
2.046e+00  8.592e-01  1.004e+00  
2.023e+00  1.202e+00  6.644e-01  
2.047e+00  5.484e-01  1.412e+00  
1.989e+00  1.470e+00  5.432e-01  
2.034e+00  7.509e-01  1.340e+00  
2.011e+00  1.193e+00  9.324e-01  
2.024e+00  3.899e-01  1.835e+00  
1.937e+00  1.767e+00  4.554e-01  
2.009e+00  1.004e+00  1.419e+00  
1.970e+00  1.481e+00  9.593e-01  
2.000e+00  5.259e-01  1.946e+00  
1.924e+00  1.799e+00  7.444e-01  
1.988e+00  8.186e-01  1.855e+00  
1.953e+00  1.406e+00  1.337e+00  
1.958e+00  3.110e-01  2.416e+00  
1.810e+00  2.330e+00  3.572e-01  
1.938e+00  1.419e+00  1.537e+00  
1.859e+00  1.989e+00  9.574e-01  
1.931e+00  8.529e-01  2.287e+00  
1.773e+00  2.337e+00  6.206e-01  
1.913e+00  1.232e+00  2.081e+00  
1.845e+00  1.914e+00  1.345e+00  
1.874e+00  5.331e-01  2.883e+00  
1.666e+00  2.646e+00  4.772e-01  
1.858e+00  1.540e+00  2.087e+00  
1.758e+00  2.253e+00  1.272e+00  
1.830e+00  7.953e-01  2.978e+00  
1.652e+00  2.628e+00  9.205e-01  
1.813e+00  1.265e+00  2.704e+00  
1.743e+00  2.104e+00  1.853e+00  
1.730e+00  4.171e-01  3.634e+00  
1.466e+00  3.097e+00  4.605e-01  
1.725e+00  1.925e+00  2.357e+00  
1.582e+00  2.713e+00  1.331e+00  
1.706e+00  1.050e+00  3.457e+00  
1.449e+00  3.062e+00  8.886e-01  
1.674e+00  1.611e+00  3.101e+00  
1.568e+00  2.556e+00  1.991e+00  
1.577e+00  5.778e-01  4.150e+00  
1.300e+00  3.328e+00  6.611e-01  
1.577e+00  2.001e+00  3.053e+00  
1.430e+00  2.919e+00  1.800e+00  
1.506e+00  8.697e-01  4.268e+00  
1.284e+00  3.290e+00  1.250e+00  
1.486e+00  1.553e+00  3.912e+00  
1.397e+00  2.691e+00  2.618e+00  
1.330e+00  3.259e-01  4.899e+00  
1.036e+00  3.724e+00  3.553e-01  
1.321e+00  2.723e+00  2.876e+00  
1.117e+00  3.471e+00  1.439e+00  
1.309e+00  1.556e+00  4.422e+00  
9.773e-01  3.707e+00  8.343e-01  
1.241e+00  2.294e+00  3.841e+00  
1.086e+00  3.325e+00  2.222e+00  
1.133e+00  8.947e-01  5.152e+00  
8.190e-01  3.860e+00  5.748e-01  
1.087e+00  2.724e+00  3.608e+00  
9.175e-01  3.598e+00  1.895e+00  
1.019e+00  1.304e+00  5.169e+00  
7.778e-01  3.832e+00  1.194e+00  
9.657e-01  2.138e+00  4.626e+00  
8.534e-01  3.378e+00  2.827e+00  
8.182e-01  5.593e-01  5.704e+00  
5.845e-01  4.013e+00  4.727e-01  
7.787e-01  3.083e+00  3.635e+00  
6.350e-01  3.821e+00  1.772e+00  
7.253e-01  1.607e+00  5.384e+00  
5.262e-01  3.989e+00  1.053e+00  
6.555e-01  2.470e+00  4.710e+00  
5.580e-01  3.631e+00  2.709e+00  
5.442e-01  7.696e-01  5.892e+00  
4.086e-01  4.061e+00  7.280e-01  
4.969e-01  2.895e+00  4.304e+00  
4.121e-01  3.828e+00  2.256e+00  
4.081e-01  1.198e+00  5.833e+00  
3.261e-01  4.017e+00  1.427e+00  
3.456e-01  2.113e+00  5.291e+00  
2.979e-01  3.510e+00  3.293e+00  
2.620e-01  3.902e-01  6.087e+00  
3.290e-01  4.093e+00  7.571e-01  
1.975e-01  3.684e-01  6.101e+00  
