2.001e+00  1.738e-03  
2.637e-02  4.001e+00  
2.001e+00  1.108e-02  
2.001e+00  3.016e-02  
2.001e+00  5.161e-02  
2.001e+00  7.441e-02  
2.000e+00  9.498e-02  
2.000e+00  1.190e-01  
2.000e+00  1.419e-01  
1.999e+00  1.652e-01  
1.999e+00  1.890e-01  
1.998e+00  2.120e-01  
1.998e+00  2.372e-01  
1.997e+00  2.636e-01  
1.996e+00  2.890e-01  
1.995e+00  3.160e-01  
1.994e+00  3.427e-01  
1.993e+00  3.709e-01  
1.991e+00  3.993e-01  
1.990e+00  4.282e-01  
1.988e+00  4.565e-01  
1.986e+00  4.876e-01  
1.984e+00  5.191e-01  
1.982e+00  5.508e-01  
1.980e+00  5.827e-01  
1.977e+00  6.171e-01  
1.975e+00  6.511e-01  
1.972e+00  6.844e-01  
1.969e+00  7.214e-01  
1.965e+00  7.570e-01  
1.961e+00  7.942e-01  
1.958e+00  8.330e-01  
1.953e+00  8.724e-01  
1.949e+00  9.121e-01  
1.944e+00  9.532e-01  
1.939e+00  9.949e-01  
1.933e+00  1.036e+00  
1.927e+00  1.081e+00  
1.921e+00  1.126e+00  
1.914e+00  1.171e+00  
1.906e+00  1.218e+00  
1.899e+00  1.266e+00  
1.891e+00  1.315e+00  
1.882e+00  1.364e+00  
1.872e+00  1.415e+00  
1.862e+00  1.466e+00  
1.852e+00  1.520e+00  
1.840e+00  1.573e+00  
1.829e+00  1.629e+00  
1.815e+00  1.685e+00  
1.802e+00  1.742e+00  
1.788e+00  1.799e+00  
1.773e+00  1.858e+00  
1.757e+00  1.918e+00  
1.740e+00  1.979e+00  
1.722e+00  2.040e+00  
1.703e+00  2.102e+00  
1.683e+00  2.166e+00  
1.663e+00  2.229e+00  
1.640e+00  2.293e+00  
1.617e+00  2.358e+00  
1.593e+00  2.423e+00  
1.568e+00  2.489e+00  
1.541e+00  2.554e+00  
1.514e+00  2.619e+00  
1.484e+00  2.685e+00  
1.454e+00  2.751e+00  
1.423e+00  2.816e+00  
1.390e+00  2.880e+00  
1.356e+00  2.944e+00  
1.321e+00  3.008e+00  
1.284e+00  3.070e+00  
1.247e+00  3.131e+00  
1.208e+00  3.191e+00  
1.169e+00  3.249e+00  
1.128e+00  3.306e+00  
1.086e+00  3.362e+00  
1.044e+00  3.415e+00  
1.000e+00  3.467e+00  
9.560e-01  3.516e+00  
9.112e-01  3.563e+00  
8.653e-01  3.609e+00  
8.197e-01  3.651e+00  
7.733e-01  3.691e+00  
7.266e-01  3.729e+00  
6.796e-01  3.764e+00  
6.326e-01  3.797e+00  
5.855e-01  3.827e+00  
5.385e-01  3.854e+00  
4.916e-01  3.879e+00  
4.450e-01  3.902e+00  
3.983e-01  3.922e+00  
3.524e-01  3.939e+00  
3.069e-01  3.954e+00  
2.613e-01  3.968e+00  
2.176e-01  3.978e+00  
1.707e-01  3.987e+00  
1.303e-01  3.993e+00  
8.686e-02  3.998e+00  
4.574e-02  4.000e+00  
