2.002e+00  2.015e-03  2.015e-03  
2.673e-02  4.007e+00  7.332e-03  
2.288e-02  9.327e-03  6.008e+00  
2.002e+00  6.204e-02  6.952e-02  
1.999e+00  2.108e-01  2.167e-03  
1.999e+00  9.573e-02  2.763e-01  
1.992e+00  4.059e-01  2.059e-03  
1.997e+00  2.034e-01  3.322e-01  
1.992e+00  3.839e-01  2.290e-01  
1.992e+00  7.975e-02  5.981e-01  
1.971e+00  7.066e-01  2.020e-03  
1.988e+00  3.598e-01  4.617e-01  
1.976e+00  6.142e-01  2.752e-01  
1.983e+00  1.708e-01  7.846e-01  
1.958e+00  8.256e-01  1.637e-01  
1.979e+00  3.396e-01  7.561e-01  
1.968e+00  6.547e-01  5.040e-01  
1.965e+00  2.403e-03  1.153e+00  
1.907e+00  1.219e+00  2.340e-03  
1.962e+00  6.404e-01  7.164e-01  
1.933e+00  1.018e+00  3.479e-01  
1.958e+00  3.190e-01  1.173e+00  
1.895e+00  1.287e+00  2.366e-01  
1.950e+00  5.665e-01  1.078e+00  
1.924e+00  1.008e+00  6.895e-01  
1.929e+00  6.943e-02  1.611e+00  
1.839e+00  1.597e+00  1.510e-01  
1.928e+00  7.759e-01  1.140e+00  
1.884e+00  1.290e+00  6.579e-01  
1.911e+00  2.921e-01  1.744e+00  
1.828e+00  1.611e+00  4.522e-01  
1.906e+00  6.263e-01  1.600e+00  
1.876e+00  1.213e+00  1.071e+00  
1.854e+00  7.440e-02  2.267e+00  
1.685e+00  2.174e+00  3.248e-02  
1.859e+00  1.230e+00  1.276e+00  
1.770e+00  1.829e+00  6.530e-01  
1.853e+00  6.314e-01  2.078e+00  
1.677e+00  2.183e+00  2.380e-01  
1.838e+00  1.032e+00  1.849e+00  
1.768e+00  1.754e+00  1.101e+00  
1.788e+00  2.672e-01  2.686e+00  
1.561e+00  2.509e+00  1.619e-01  
1.785e+00  1.356e+00  1.865e+00  
1.672e+00  2.107e+00  1.014e+00  
1.751e+00  5.850e-01  2.813e+00  
1.558e+00  2.492e+00  6.355e-01  
1.738e+00  1.073e+00  2.538e+00  
1.665e+00  1.954e+00  1.626e+00  
1.635e+00  1.135e-01  3.473e+00  
1.349e+00  2.962e+00  1.472e-01  
1.652e+00  1.787e+00  2.158e+00  
1.487e+00  2.588e+00  1.092e+00  
1.622e+00  8.472e-01  3.322e+00  
1.342e+00  2.951e+00  5.866e-01  
1.597e+00  1.445e+00  2.951e+00  
1.476e+00  2.438e+00  1.782e+00  
1.479e+00  3.442e-01  4.041e+00  
1.185e+00  3.226e+00  3.965e-01  
1.494e+00  1.854e+00  2.901e+00  
1.330e+00  2.819e+00  1.556e+00  
1.411e+00  6.737e-01  4.157e+00  
1.169e+00  3.193e+00  9.734e-01  
1.392e+00  1.377e+00  3.814e+00  
1.302e+00  2.584e+00  2.423e+00  
1.212e+00  7.027e-02  4.800e+00  
8.703e-01  3.609e+00  3.964e-03  
1.221e+00  2.626e+00  2.710e+00  
1.005e+00  3.385e+00  1.156e+00  
1.208e+00  1.391e+00  4.343e+00  
8.466e-01  3.623e+00  5.509e-01  
1.140e+00  2.177e+00  3.756e+00  
9.693e-01  3.259e+00  1.988e+00  
1.014e+00  6.703e-01  5.104e+00  
6.828e-01  3.766e+00  2.167e-01  
9.720e-01  2.631e+00  3.492e+00  
7.845e-01  3.522e+00  1.653e+00  
8.976e-01  1.111e+00  5.130e+00  
6.347e-01  3.755e+00  9.103e-01  
8.439e-01  1.998e+00  4.571e+00  
7.259e-01  3.310e+00  2.647e+00  
6.823e-01  3.103e-01  5.648e+00  
4.418e-01  3.912e+00  7.918e-03  
6.523e-01  3.004e+00  3.496e+00  
4.906e-01  3.754e+00  1.507e+00  
5.843e-01  1.424e+00  5.354e+00  
3.795e-01  3.910e+00  7.671e-01  
5.129e-01  2.353e+00  4.643e+00  
3.986e-01  3.563e+00  2.518e+00  
3.916e-01  5.470e-01  5.855e+00  
2.478e-01  3.968e+00  3.816e-01  
3.427e-01  2.798e+00  4.224e+00  
2.483e-01  3.751e+00  2.013e+00  
2.515e-01  9.999e-01  5.789e+00  
1.552e-01  3.926e+00  1.141e+00  
1.818e-01  1.966e+00  5.231e+00  
2.785e-02  3.432e+00  3.117e+00  
8.018e-02  1.035e-01  6.002e+00  
4.314e-02  4.005e+00  5.885e-03  
3.192e-02  3.245e+00  3.556e+00  
