2.000e+00  1.132e-04  7.362e-05  
4.733e-05  4.000e+00  3.448e-04  
1.022e-03  1.007e-03  6.000e+00  
2.000e+00  7.675e-02  7.706e-02  
1.997e+00  2.127e-01  7.044e-02  
1.997e+00  9.536e-02  2.864e-01  
1.990e+00  4.080e-01  5.825e-02  
1.994e+00  2.035e-01  3.412e-01  
1.989e+00  3.885e-01  2.316e-01  
1.989e+00  8.485e-02  6.079e-01  
1.968e+00  7.107e-01  3.578e-02  
1.986e+00  3.635e-01  4.664e-01  
1.974e+00  6.180e-01  2.788e-01  
1.981e+00  1.817e-01  7.873e-01  
1.955e+00  8.326e-01  1.911e-01  
1.977e+00  3.398e-01  7.605e-01  
1.966e+00  6.563e-01  5.106e-01  
1.962e+00  7.206e-02  1.159e+00  
1.903e+00  1.228e+00  2.999e-02  
1.959e+00  6.440e-01  7.280e-01  
1.929e+00  1.024e+00  3.996e-01  
1.954e+00  3.287e-01  1.179e+00  
1.890e+00  1.296e+00  2.397e-01  
1.947e+00  5.686e-01  1.083e+00  
1.921e+00  1.013e+00  6.931e-01  
1.924e+00  1.671e-01  1.619e+00  
1.831e+00  1.608e+00  1.658e-01  
1.923e+00  7.850e-01  1.150e+00  
1.878e+00  1.297e+00  6.794e-01  
1.906e+00  3.228e-01  1.756e+00  
1.822e+00  1.620e+00  4.496e-01  
1.900e+00  6.320e-01  1.617e+00  
1.871e+00  1.219e+00  1.078e+00  
1.849e+00  7.121e-02  2.286e+00  
1.675e+00  2.184e+00  3.457e-02  
1.852e+00  1.232e+00  1.312e+00  
1.761e+00  1.842e+00  6.647e-01  
1.848e+00  6.388e-01  2.084e+00  
1.668e+00  2.195e+00  3.592e-01  
1.829e+00  1.043e+00  1.859e+00  
1.756e+00  1.759e+00  1.128e+00  
1.779e+00  3.231e-01  2.698e+00  
1.552e+00  2.520e+00  2.065e-01  
1.773e+00  1.366e+00  1.872e+00  
1.663e+00  2.113e+00  1.032e+00  
1.741e+00  5.859e-01  2.822e+00  
1.547e+00  2.499e+00  6.371e-01  
1.729e+00  1.075e+00  2.551e+00  
1.655e+00  1.965e+00  1.630e+00  
1.627e+00  4.735e-02  3.491e+00  
1.338e+00  2.972e+00  1.449e-01  
1.637e+00  1.790e+00  2.161e+00  
1.477e+00  2.597e+00  1.096e+00  
1.610e+00  8.477e-01  3.327e+00  
1.330e+00  2.959e+00  6.134e-01  
1.583e+00  1.445e+00  2.960e+00  
1.466e+00  2.446e+00  1.785e+00  
1.467e+00  3.426e-01  4.046e+00  
1.169e+00  3.234e+00  3.968e-01  
1.481e+00  1.864e+00  2.908e+00  
1.316e+00  2.821e+00  1.583e+00  
1.396e+00  6.786e-01  4.175e+00  
1.156e+00  3.198e+00  9.761e-01  
1.383e+00  1.377e+00  3.811e+00  
1.288e+00  2.594e+00  2.437e+00  
1.197e+00  1.728e-02  4.808e+00  
8.588e-01  3.613e+00  2.811e-02  
1.208e+00  2.627e+00  2.711e+00  
9.897e-01  3.386e+00  1.176e+00  
1.191e+00  1.389e+00  4.347e+00  
8.297e-01  3.621e+00  5.543e-01  
1.124e+00  2.172e+00  3.744e+00  
9.546e-01  3.248e+00  2.015e+00  
9.986e-01  6.768e-01  5.099e+00  
6.674e-01  3.766e+00  2.849e-01  
9.590e-01  2.629e+00  3.489e+00  
7.697e-01  3.523e+00  1.657e+00  
8.803e-01  1.119e+00  5.119e+00  
6.224e-01  3.753e+00  9.044e-01  
8.273e-01  2.000e+00  4.565e+00  
7.063e-01  3.299e+00  2.649e+00  
6.648e-01  3.189e-01  5.639e+00  
4.253e-01  3.907e+00  1.585e-01  
6.342e-01  2.992e+00  3.499e+00  
4.785e-01  3.749e+00  1.522e+00  
5.703e-01  1.424e+00  5.339e+00  
3.629e-01  3.900e+00  7.654e-01  
4.965e-01  2.342e+00  4.630e+00  
3.942e-01  3.548e+00  2.507e+00  
3.763e-01  5.481e-01  5.835e+00  
2.332e-01  3.962e+00  4.478e-01  
3.272e-01  2.781e+00  4.199e+00  
2.365e-01  3.735e+00  2.025e+00  
2.346e-01  1.005e+00  5.765e+00  
1.499e-01  3.915e+00  1.147e+00  
1.722e-01  1.959e+00  5.206e+00  
1.205e-01  3.413e+00  3.108e+00  
7.894e-02  1.433e-01  5.992e+00  
3.191e-02  3.999e+00  9.454e-02  
1.740e-02  3.227e+00  3.545e+00  
