2.002e+00  1.867e-03  1.948e-03  
2.351e-02  4.008e+00  8.585e-03  
2.365e-02  9.390e-03  6.006e+00  
2.001e+00  7.562e-02  6.670e-02  
1.999e+00  2.108e-01  7.021e-02  
1.999e+00  9.490e-02  2.751e-01  
1.991e+00  4.063e-01  5.955e-02  
1.996e+00  1.986e-01  3.408e-01  
1.991e+00  3.876e-01  2.234e-01  
1.991e+00  7.526e-02  6.028e-01  
1.970e+00  7.074e-01  4.221e-02  
1.988e+00  3.571e-01  4.668e-01  
1.976e+00  6.124e-01  2.726e-01  
1.983e+00  1.791e-01  7.857e-01  
1.958e+00  8.274e-01  1.862e-01  
1.979e+00  3.449e-01  7.499e-01  
1.968e+00  6.523e-01  4.986e-01  
1.965e+00  5.950e-02  1.150e+00  
1.907e+00  1.218e+00  1.998e-03  
1.962e+00  6.351e-01  7.269e-01  
1.932e+00  1.015e+00  3.926e-01  
1.957e+00  3.231e-01  1.175e+00  
1.897e+00  1.286e+00  2.294e-01  
1.953e+00  5.659e-01  1.075e+00  
1.929e+00  1.005e+00  6.758e-01  
1.932e+00  2.576e-02  1.613e+00  
1.839e+00  1.598e+00  2.545e-02  
1.930e+00  7.838e-01  1.144e+00  
1.888e+00  1.285e+00  6.226e-01  
1.912e+00  3.217e-01  1.752e+00  
1.831e+00  1.607e+00  4.330e-01  
1.909e+00  6.295e-01  1.598e+00  
1.880e+00  1.215e+00  1.066e+00  
1.855e+00  9.422e-03  2.274e+00  
1.686e+00  2.170e+00  4.895e-03  
1.864e+00  1.225e+00  1.289e+00  
1.773e+00  1.828e+00  6.334e-01  
1.860e+00  6.114e-01  2.062e+00  
1.677e+00  2.188e+00  3.473e-01  
1.841e+00  1.025e+00  1.849e+00  
1.766e+00  1.746e+00  1.119e+00  
1.785e+00  3.165e-01  2.684e+00  
1.562e+00  2.507e+00  6.721e-02  
1.787e+00  1.344e+00  1.846e+00  
1.673e+00  2.103e+00  1.019e+00  
1.754e+00  5.845e-01  2.807e+00  
1.560e+00  2.493e+00  5.869e-01  
1.742e+00  1.073e+00  2.533e+00  
1.669e+00  1.957e+00  1.616e+00  
1.639e+00  1.403e-01  3.483e+00  
1.349e+00  2.962e+00  3.963e-03  
1.653e+00  1.787e+00  2.122e+00  
1.492e+00  2.587e+00  1.086e+00  
1.624e+00  8.107e-01  3.326e+00  
1.343e+00  2.957e+00  5.906e-01  
1.596e+00  1.443e+00  2.957e+00  
1.480e+00  2.444e+00  1.782e+00  
1.481e+00  3.363e-01  4.031e+00  
1.185e+00  3.234e+00  3.843e-01  
1.496e+00  1.860e+00  2.899e+00  
1.329e+00  2.829e+00  1.579e+00  
1.414e+00  6.517e-01  4.165e+00  
1.172e+00  3.190e+00  9.631e-01  
1.399e+00  1.377e+00  3.799e+00  
1.305e+00  2.594e+00  2.439e+00  
1.210e+00  4.830e-02  4.799e+00  
8.740e-01  3.616e+00  9.490e-03  
1.220e+00  2.624e+00  2.714e+00  
1.000e+00  3.393e+00  1.145e+00  
1.208e+00  1.387e+00  4.346e+00  
8.407e-01  3.627e+00  4.193e-01  
1.142e+00  2.184e+00  3.766e+00  
9.643e-01  3.257e+00  2.005e+00  
1.012e+00  6.621e-01  5.114e+00  
6.735e-01  3.772e+00  2.687e-01  
9.726e-01  2.630e+00  3.495e+00  
7.888e-01  3.529e+00  1.655e+00  
8.972e-01  1.115e+00  5.126e+00  
6.380e-01  3.759e+00  9.046e-01  
8.445e-01  2.004e+00  4.566e+00  
7.250e-01  3.313e+00  2.645e+00  
6.764e-01  3.195e-01  5.643e+00  
4.412e-01  3.912e+00  7.974e-03  
6.441e-01  3.010e+00  3.520e+00  
4.947e-01  3.763e+00  1.532e+00  
5.780e-01  1.431e+00  5.356e+00  
3.771e-01  3.911e+00  7.306e-01  
5.023e-01  2.348e+00  4.649e+00  
4.031e-01  3.564e+00  2.519e+00  
3.916e-01  5.394e-01  5.846e+00  
2.454e-01  3.972e+00  4.072e-01  
3.341e-01  2.795e+00  4.220e+00  
2.504e-01  3.754e+00  2.035e+00  
2.527e-01  1.001e+00  5.782e+00  
1.639e-01  3.924e+00  1.148e+00  
1.585e-01  1.968e+00  5.231e+00  
1.311e-01  3.432e+00  3.119e+00  
9.148e-02  9.178e-02  6.001e+00  
3.086e-02  4.006e+00  7.054e-02  
2.869e-02  3.244e+00  3.564e+00  
