2.001e+00  2.244e-03  
2.053e-02  4.001e+00  
2.001e+00  8.995e-03  
2.001e+00  2.815e-02  
2.001e+00  4.889e-02  
2.001e+00  7.529e-02  
2.001e+00  9.679e-02  
2.001e+00  1.193e-01  
2.000e+00  1.404e-01  
2.000e+00  1.660e-01  
1.999e+00  1.896e-01  
1.999e+00  2.140e-01  
1.998e+00  2.389e-01  
1.997e+00  2.645e-01  
1.996e+00  2.903e-01  
1.995e+00  3.174e-01  
1.994e+00  3.446e-01  
1.993e+00  3.723e-01  
1.991e+00  4.000e-01  
1.990e+00  4.298e-01  
1.988e+00  4.599e-01  
1.986e+00  4.903e-01  
1.984e+00  5.215e-01  
1.982e+00  5.530e-01  
1.980e+00  5.859e-01  
1.978e+00  6.188e-01  
1.975e+00  6.532e-01  
1.972e+00  6.881e-01  
1.969e+00  7.237e-01  
1.965e+00  7.599e-01  
1.962e+00  7.979e-01  
1.958e+00  8.358e-01  
1.953e+00  8.754e-01  
1.949e+00  9.146e-01  
1.944e+00  9.560e-01  
1.939e+00  9.980e-01  
1.933e+00  1.041e+00  
1.927e+00  1.085e+00  
1.921e+00  1.129e+00  
1.914e+00  1.175e+00  
1.906e+00  1.222e+00  
1.898e+00  1.269e+00  
1.890e+00  1.317e+00  
1.881e+00  1.369e+00  
1.872e+00  1.418e+00  
1.862e+00  1.472e+00  
1.851e+00  1.524e+00  
1.840e+00  1.578e+00  
1.828e+00  1.633e+00  
1.815e+00  1.690e+00  
1.801e+00  1.746e+00  
1.787e+00  1.804e+00  
1.772e+00  1.864e+00  
1.756e+00  1.924e+00  
1.739e+00  1.984e+00  
1.721e+00  2.046e+00  
1.702e+00  2.108e+00  
1.682e+00  2.171e+00  
1.661e+00  2.235e+00  
1.639e+00  2.299e+00  
1.616e+00  2.364e+00  
1.591e+00  2.429e+00  
1.566e+00  2.495e+00  
1.539e+00  2.560e+00  
1.511e+00  2.626e+00  
1.482e+00  2.692e+00  
1.452e+00  2.757e+00  
1.420e+00  2.822e+00  
1.387e+00  2.887e+00  
1.353e+00  2.951e+00  
1.318e+00  3.014e+00  
1.281e+00  3.076e+00  
1.244e+00  3.137e+00  
1.205e+00  3.197e+00  
1.165e+00  3.255e+00  
1.124e+00  3.312e+00  
1.082e+00  3.367e+00  
1.039e+00  3.421e+00  
9.959e-01  3.472e+00  
9.514e-01  3.522e+00  
9.066e-01  3.569e+00  
8.609e-01  3.614e+00  
8.148e-01  3.656e+00  
7.683e-01  3.696e+00  
7.215e-01  3.733e+00  
6.746e-01  3.768e+00  
6.273e-01  3.801e+00  
5.802e-01  3.830e+00  
5.329e-01  3.858e+00  
4.861e-01  3.882e+00  
4.394e-01  3.904e+00  
3.929e-01  3.924e+00  
3.467e-01  3.941e+00  
3.013e-01  3.956e+00  
2.561e-01  3.969e+00  
2.119e-01  3.979e+00  
1.680e-01  3.988e+00  
1.249e-01  3.994e+00  
8.214e-02  3.998e+00  
3.801e-02  4.001e+00  
