2.043e+00  2.785e-01  
3.127e-01  4.020e+00  
2.040e+00  2.855e-01  
2.036e+00  3.044e-01  
2.033e+00  3.227e-01  
2.032e+00  3.409e-01  
2.031e+00  3.595e-01  
2.030e+00  3.775e-01  
2.029e+00  3.994e-01  
2.028e+00  4.166e-01  
2.026e+00  4.380e-01  
2.025e+00  4.613e-01  
2.023e+00  4.829e-01  
2.023e+00  5.022e-01  
2.021e+00  5.242e-01  
2.020e+00  5.497e-01  
2.018e+00  5.706e-01  
2.016e+00  5.964e-01  
2.015e+00  6.204e-01  
2.012e+00  6.469e-01  
2.010e+00  6.700e-01  
2.008e+00  6.975e-01  
2.006e+00  7.219e-01  
2.004e+00  7.528e-01  
2.001e+00  7.797e-01  
1.999e+00  8.081e-01  
1.995e+00  8.388e-01  
1.993e+00  8.660e-01  
1.990e+00  8.981e-01  
1.986e+00  9.280e-01  
1.982e+00  9.607e-01  
1.979e+00  9.930e-01  
1.975e+00  1.027e+00  
1.971e+00  1.058e+00  
1.967e+00  1.093e+00  
1.962e+00  1.131e+00  
1.956e+00  1.168e+00  
1.951e+00  1.207e+00  
1.945e+00  1.245e+00  
1.939e+00  1.282e+00  
1.932e+00  1.323e+00  
1.926e+00  1.367e+00  
1.919e+00  1.405e+00  
1.910e+00  1.450e+00  
1.901e+00  1.494e+00  
1.894e+00  1.539e+00  
1.885e+00  1.586e+00  
1.874e+00  1.628e+00  
1.865e+00  1.677e+00  
1.854e+00  1.724e+00  
1.842e+00  1.771e+00  
1.830e+00  1.824e+00  
1.816e+00  1.875e+00  
1.804e+00  1.926e+00  
1.790e+00  1.979e+00  
1.774e+00  2.035e+00  
1.759e+00  2.086e+00  
1.742e+00  2.144e+00  
1.725e+00  2.197e+00  
1.707e+00  2.257e+00  
1.687e+00  2.314e+00  
1.667e+00  2.371e+00  
1.646e+00  2.423e+00  
1.624e+00  2.487e+00  
1.601e+00  2.546e+00  
1.578e+00  2.605e+00  
1.552e+00  2.664e+00  
1.527e+00  2.722e+00  
1.499e+00  2.785e+00  
1.470e+00  2.844e+00  
1.442e+00  2.904e+00  
1.411e+00  2.962e+00  
1.380e+00  3.017e+00  
1.349e+00  3.075e+00  
1.316e+00  3.128e+00  
1.282e+00  3.184e+00  
1.246e+00  3.241e+00  
1.210e+00  3.296e+00  
1.175e+00  3.346e+00  
1.138e+00  3.398e+00  
1.097e+00  3.448e+00  
1.061e+00  3.493e+00  
1.020e+00  3.539e+00  
9.782e-01  3.585e+00  
9.412e-01  3.623e+00  
9.011e-01  3.664e+00  
8.601e-01  3.703e+00  
8.176e-01  3.736e+00  
7.768e-01  3.771e+00  
7.338e-01  3.802e+00  
6.926e-01  3.831e+00  
6.520e-01  3.857e+00  
6.105e-01  3.887e+00  
5.690e-01  3.909e+00  
5.279e-01  3.931e+00  
4.895e-01  3.954e+00  
4.485e-01  3.970e+00  
4.070e-01  3.988e+00  
3.699e-01  4.000e+00  
3.302e-01  4.013e+00  
