2.041e+00  2.497e-01  
3.313e-01  4.018e+00  
2.036e+00  2.574e-01  
2.033e+00  2.726e-01  
2.031e+00  2.918e-01  
2.030e+00  3.107e-01  
2.029e+00  3.299e-01  
2.028e+00  3.455e-01  
2.027e+00  3.671e-01  
2.026e+00  3.869e-01  
2.025e+00  4.021e-01  
2.024e+00  4.249e-01  
2.023e+00  4.491e-01  
2.021e+00  4.706e-01  
2.020e+00  4.947e-01  
2.018e+00  5.114e-01  
2.017e+00  5.381e-01  
2.016e+00  5.628e-01  
2.014e+00  5.850e-01  
2.012e+00  6.120e-01  
2.010e+00  6.327e-01  
2.008e+00  6.638e-01  
2.007e+00  6.898e-01  
2.005e+00  7.125e-01  
2.002e+00  7.441e-01  
2.000e+00  7.707e-01  
1.997e+00  7.981e-01  
1.994e+00  8.307e-01  
1.991e+00  8.602e-01  
1.988e+00  8.913e-01  
1.985e+00  9.120e-01  
1.981e+00  9.534e-01  
1.977e+00  9.796e-01  
1.973e+00  1.022e+00  
1.969e+00  1.053e+00  
1.964e+00  1.093e+00  
1.960e+00  1.129e+00  
1.955e+00  1.164e+00  
1.949e+00  1.201e+00  
1.942e+00  1.239e+00  
1.936e+00  1.279e+00  
1.931e+00  1.321e+00  
1.922e+00  1.360e+00  
1.917e+00  1.389e+00  
1.907e+00  1.450e+00  
1.900e+00  1.497e+00  
1.891e+00  1.537e+00  
1.879e+00  1.588e+00  
1.871e+00  1.637e+00  
1.859e+00  1.683e+00  
1.849e+00  1.734e+00  
1.839e+00  1.777e+00  
1.826e+00  1.823e+00  
1.812e+00  1.878e+00  
1.797e+00  1.938e+00  
1.784e+00  1.989e+00  
1.770e+00  2.038e+00  
1.754e+00  2.106e+00  
1.737e+00  2.149e+00  
1.718e+00  2.206e+00  
1.699e+00  2.268e+00  
1.679e+00  2.334e+00  
1.660e+00  2.384e+00  
1.638e+00  2.435e+00  
1.616e+00  2.505e+00  
1.592e+00  2.561e+00  
1.567e+00  2.629e+00  
1.542e+00  2.672e+00  
1.513e+00  2.748e+00  
1.488e+00  2.812e+00  
1.459e+00  2.868e+00  
1.429e+00  2.914e+00  
1.399e+00  2.973e+00  
1.366e+00  3.042e+00  
1.334e+00  3.095e+00  
1.299e+00  3.158e+00  
1.265e+00  3.204e+00  
1.226e+00  3.264e+00  
1.193e+00  3.315e+00  
1.155e+00  3.365e+00  
1.119e+00  3.409e+00  
1.080e+00  3.469e+00  
1.041e+00  3.516e+00  
1.000e+00  3.559e+00  
9.608e-01  3.607e+00  
9.204e-01  3.646e+00  
8.707e-01  3.689e+00  
8.354e-01  3.720e+00  
7.955e-01  3.760e+00  
7.543e-01  3.792e+00  
7.119e-01  3.820e+00  
6.698e-01  3.845e+00  
6.288e-01  3.877e+00  
5.859e-01  3.902e+00  
5.382e-01  3.927e+00  
5.044e-01  3.945e+00  
4.677e-01  3.963e+00  
4.251e-01  3.980e+00  
3.810e-01  3.996e+00  
3.471e-01  4.009e+00  
