2.118e+00  2.948e-01  3.229e-01  
4.161e-01  4.084e+00  4.418e-01  
2.757e-01  3.221e-01  6.095e+00  
2.107e+00  3.320e-01  3.436e-01  
2.099e+00  4.640e-01  3.594e-01  
2.098e+00  3.312e-01  5.578e-01  
2.090e+00  6.447e-01  3.438e-01  
2.090e+00  4.588e-01  5.815e-01  
2.084e+00  6.289e-01  4.984e-01  
2.089e+00  3.247e-01  8.397e-01  
2.069e+00  9.253e-01  3.257e-01  
2.078e+00  5.871e-01  7.204e-01  
2.068e+00  8.385e-01  5.487e-01  
2.074e+00  4.301e-01  1.025e+00  
2.051e+00  1.046e+00  3.672e-01  
2.067e+00  5.870e-01  9.859e-01  
2.056e+00  8.585e-01  7.681e-01  
2.063e+00  3.300e-01  1.375e+00  
2.011e+00  1.416e+00  3.191e-01  
2.050e+00  8.483e-01  9.618e-01  
2.022e+00  1.213e+00  6.451e-01  
2.048e+00  5.648e-01  1.379e+00  
1.989e+00  1.452e+00  5.064e-01  
2.034e+00  7.895e-01  1.295e+00  
2.012e+00  1.205e+00  8.818e-01  
2.027e+00  4.144e-01  1.795e+00  
1.929e+00  1.752e+00  4.288e-01  
2.011e+00  9.931e-01  1.355e+00  
1.973e+00  1.455e+00  8.965e-01  
2.003e+00  5.293e-01  1.929e+00  
1.922e+00  1.767e+00  6.985e-01  
1.992e+00  8.339e-01  1.792e+00  
1.960e+00  1.387e+00  1.241e+00  
1.964e+00  3.225e-01  2.427e+00  
1.811e+00  2.353e+00  3.174e-01  
1.943e+00  1.401e+00  1.497e+00  
1.857e+00  1.978e+00  9.057e-01  
1.941e+00  8.560e-01  2.229e+00  
1.778e+00  2.298e+00  5.880e-01  
1.924e+00  1.236e+00  2.013e+00  
1.853e+00  1.892e+00  1.307e+00  
1.886e+00  5.669e-01  2.818e+00  
1.676e+00  2.619e+00  4.853e-01  
1.875e+00  1.527e+00  1.993e+00  
1.763e+00  2.226e+00  1.227e+00  
1.848e+00  7.806e-01  2.911e+00  
1.659e+00  2.583e+00  8.844e-01  
1.833e+00  1.271e+00  2.660e+00  
1.759e+00  2.093e+00  1.803e+00  
1.751e+00  4.244e-01  3.572e+00  
1.475e+00  3.062e+00  3.846e-01  
1.747e+00  1.933e+00  2.287e+00  
1.591e+00  2.680e+00  1.266e+00  
1.723e+00  1.046e+00  3.387e+00  
1.464e+00  3.023e+00  8.459e-01  
1.694e+00  1.583e+00  3.047e+00  
1.584e+00  2.528e+00  1.930e+00  
1.602e+00  5.738e-01  4.082e+00  
1.317e+00  3.293e+00  6.336e-01  
1.599e+00  1.994e+00  3.003e+00  
1.444e+00  2.894e+00  1.768e+00  
1.530e+00  8.957e-01  4.184e+00  
1.301e+00  3.254e+00  1.136e+00  
1.512e+00  1.542e+00  3.849e+00  
1.419e+00  2.670e+00  2.562e+00  
1.359e+00  3.359e-01  4.850e+00  
1.055e+00  3.707e+00  3.170e-01  
1.345e+00  2.720e+00  2.792e+00  
1.148e+00  3.438e+00  1.381e+00  
1.335e+00  1.564e+00  4.354e+00  
1.000e+00  3.679e+00  8.104e-01  
1.264e+00  2.294e+00  3.792e+00  
1.115e+00  3.306e+00  2.170e+00  
1.161e+00  8.928e-01  5.112e+00  
8.475e-01  3.839e+00  5.618e-01  
1.108e+00  2.720e+00  3.558e+00  
9.464e-01  3.578e+00  1.844e+00  
1.050e+00  1.321e+00  5.121e+00  
8.069e-01  3.816e+00  1.066e+00  
9.974e-01  2.146e+00  4.589e+00  
8.671e-01  3.369e+00  2.782e+00  
8.545e-01  5.689e-01  5.676e+00  
6.275e-01  4.008e+00  4.440e-01  
8.184e-01  3.080e+00  3.590e+00  
6.746e-01  3.815e+00  1.738e+00  
7.624e-01  1.615e+00  5.353e+00  
5.646e-01  3.980e+00  9.394e-01  
6.906e-01  2.472e+00  4.667e+00  
5.819e-01  3.622e+00  2.665e+00  
5.776e-01  7.873e-01  5.876e+00  
4.444e-01  4.058e+00  6.208e-01  
5.296e-01  2.901e+00  4.268e+00  
4.434e-01  3.833e+00  2.229e+00  
4.496e-01  1.219e+00  5.807e+00  
3.756e-01  4.018e+00  1.367e+00  
3.745e-01  2.136e+00  5.261e+00  
3.413e-01  3.524e+00  3.241e+00  
2.868e-01  3.923e-01  6.083e+00  
3.761e-01  4.084e+00  5.670e-01  
2.453e-01  1.930e+00  5.479e+00  
