2.001e+00  1.818e-03  
1.496e-02  4.001e+00  
2.001e+00  2.322e-03  
2.001e+00  3.251e-02  
2.001e+00  5.339e-02  
2.001e+00  7.472e-02  
2.001e+00  9.720e-02  
2.000e+00  1.197e-01  
2.000e+00  1.425e-01  
2.000e+00  1.656e-01  
1.999e+00  1.900e-01  
1.998e+00  2.143e-01  
1.998e+00  2.396e-01  
1.997e+00  2.652e-01  
1.996e+00  2.912e-01  
1.995e+00  3.176e-01  
1.994e+00  3.452e-01  
1.993e+00  3.728e-01  
1.991e+00  4.015e-01  
1.990e+00  4.308e-01  
1.988e+00  4.608e-01  
1.986e+00  4.909e-01  
1.984e+00  5.221e-01  
1.982e+00  5.533e-01  
1.980e+00  5.869e-01  
1.977e+00  6.200e-01  
1.975e+00  6.528e-01  
1.971e+00  6.896e-01  
1.968e+00  7.252e-01  
1.965e+00  7.621e-01  
1.961e+00  7.996e-01  
1.957e+00  8.376e-01  
1.953e+00  8.770e-01  
1.948e+00  9.172e-01  
1.943e+00  9.585e-01  
1.938e+00  1.000e+00  
1.932e+00  1.043e+00  
1.926e+00  1.087e+00  
1.920e+00  1.132e+00  
1.913e+00  1.178e+00  
1.906e+00  1.225e+00  
1.898e+00  1.273e+00  
1.889e+00  1.322e+00  
1.880e+00  1.371e+00  
1.871e+00  1.423e+00  
1.861e+00  1.475e+00  
1.850e+00  1.528e+00  
1.839e+00  1.581e+00  
1.827e+00  1.637e+00  
1.814e+00  1.693e+00  
1.800e+00  1.750e+00  
1.786e+00  1.809e+00  
1.770e+00  1.868e+00  
1.754e+00  1.928e+00  
1.737e+00  1.989e+00  
1.719e+00  2.051e+00  
1.700e+00  2.113e+00  
1.680e+00  2.176e+00  
1.659e+00  2.240e+00  
1.637e+00  2.304e+00  
1.613e+00  2.369e+00  
1.589e+00  2.434e+00  
1.563e+00  2.500e+00  
1.536e+00  2.565e+00  
1.508e+00  2.631e+00  
1.479e+00  2.697e+00  
1.449e+00  2.762e+00  
1.417e+00  2.827e+00  
1.384e+00  2.892e+00  
1.350e+00  2.956e+00  
1.314e+00  3.019e+00  
1.278e+00  3.081e+00  
1.240e+00  3.142e+00  
1.201e+00  3.202e+00  
1.161e+00  3.260e+00  
1.120e+00  3.317e+00  
1.078e+00  3.372e+00  
1.035e+00  3.425e+00  
9.915e-01  3.477e+00  
9.471e-01  3.526e+00  
9.020e-01  3.573e+00  
8.562e-01  3.617e+00  
8.101e-01  3.660e+00  
7.635e-01  3.699e+00  
7.166e-01  3.737e+00  
6.695e-01  3.771e+00  
6.224e-01  3.804e+00  
5.750e-01  3.833e+00  
5.278e-01  3.860e+00  
4.809e-01  3.885e+00  
4.341e-01  3.906e+00  
3.876e-01  3.926e+00  
3.416e-01  3.943e+00  
2.960e-01  3.958e+00  
2.509e-01  3.970e+00  
2.064e-01  3.980e+00  
1.626e-01  3.988e+00  
1.190e-01  3.994e+00  
7.697e-02  3.998e+00  
3.529e-02  4.001e+00  
