2.045e+00  3.732e-01  
3.838e-01  4.030e+00  
2.042e+00  3.815e-01  
2.038e+00  3.951e-01  
2.037e+00  4.103e-01  
2.035e+00  4.302e-01  
2.033e+00  4.473e-01  
2.032e+00  4.695e-01  
2.031e+00  4.876e-01  
2.030e+00  5.078e-01  
2.028e+00  5.240e-01  
2.027e+00  5.477e-01  
2.025e+00  5.699e-01  
2.024e+00  5.877e-01  
2.023e+00  6.052e-01  
2.021e+00  6.288e-01  
2.019e+00  6.506e-01  
2.017e+00  6.789e-01  
2.015e+00  7.011e-01  
2.014e+00  7.233e-01  
2.012e+00  7.489e-01  
2.010e+00  7.743e-01  
2.008e+00  7.981e-01  
2.005e+00  8.232e-01  
2.002e+00  8.549e-01  
2.001e+00  8.807e-01  
1.996e+00  9.100e-01  
1.994e+00  9.291e-01  
1.991e+00  9.603e-01  
1.987e+00  9.948e-01  
1.984e+00  1.028e+00  
1.980e+00  1.058e+00  
1.976e+00  1.084e+00  
1.970e+00  1.124e+00  
1.966e+00  1.154e+00  
1.961e+00  1.183e+00  
1.957e+00  1.220e+00  
1.951e+00  1.262e+00  
1.944e+00  1.300e+00  
1.938e+00  1.334e+00  
1.931e+00  1.374e+00  
1.925e+00  1.415e+00  
1.918e+00  1.448e+00  
1.909e+00  1.492e+00  
1.901e+00  1.529e+00  
1.894e+00  1.573e+00  
1.885e+00  1.621e+00  
1.876e+00  1.666e+00  
1.865e+00  1.709e+00  
1.855e+00  1.756e+00  
1.845e+00  1.799e+00  
1.832e+00  1.850e+00  
1.822e+00  1.902e+00  
1.807e+00  1.944e+00  
1.794e+00  1.994e+00  
1.778e+00  2.046e+00  
1.762e+00  2.100e+00  
1.746e+00  2.152e+00  
1.732e+00  2.205e+00  
1.713e+00  2.260e+00  
1.695e+00  2.310e+00  
1.678e+00  2.373e+00  
1.656e+00  2.424e+00  
1.635e+00  2.481e+00  
1.615e+00  2.532e+00  
1.592e+00  2.598e+00  
1.568e+00  2.654e+00  
1.545e+00  2.713e+00  
1.518e+00  2.771e+00  
1.493e+00  2.827e+00  
1.466e+00  2.879e+00  
1.438e+00  2.940e+00  
1.408e+00  2.988e+00  
1.378e+00  3.057e+00  
1.345e+00  3.109e+00  
1.312e+00  3.164e+00  
1.278e+00  3.213e+00  
1.247e+00  3.267e+00  
1.209e+00  3.318e+00  
1.173e+00  3.369e+00  
1.139e+00  3.423e+00  
1.101e+00  3.467e+00  
1.062e+00  3.509e+00  
1.024e+00  3.558e+00  
9.891e-01  3.599e+00  
9.491e-01  3.637e+00  
9.121e-01  3.674e+00  
8.724e-01  3.713e+00  
8.301e-01  3.752e+00  
7.883e-01  3.781e+00  
7.497e-01  3.816e+00  
7.125e-01  3.844e+00  
6.720e-01  3.870e+00  
6.330e-01  3.898e+00  
5.936e-01  3.919e+00  
5.547e-01  3.941e+00  
5.149e-01  3.965e+00  
4.762e-01  3.985e+00  
4.368e-01  4.005e+00  
3.956e-01  4.030e+00  
