2.000e+00  4.992e-04  
4.327e-03  4.000e+00  
2.000e+00  9.764e-03  
2.000e+00  3.059e-02  
2.000e+00  5.218e-02  
2.000e+00  7.420e-02  
1.999e+00  9.614e-02  
1.999e+00  1.188e-01  
1.999e+00  1.417e-01  
1.998e+00  1.655e-01  
1.998e+00  1.896e-01  
1.997e+00  2.142e-01  
1.996e+00  2.393e-01  
1.996e+00  2.650e-01  
1.995e+00  2.912e-01  
1.994e+00  3.181e-01  
1.993e+00  3.456e-01  
1.991e+00  3.736e-01  
1.990e+00  4.022e-01  
1.988e+00  4.315e-01  
1.987e+00  4.616e-01  
1.985e+00  4.921e-01  
1.983e+00  5.236e-01  
1.981e+00  5.557e-01  
1.978e+00  5.885e-01  
1.976e+00  6.219e-01  
1.973e+00  6.565e-01  
1.970e+00  6.916e-01  
1.967e+00  7.276e-01  
1.963e+00  7.643e-01  
1.959e+00  8.020e-01  
1.955e+00  8.405e-01  
1.951e+00  8.798e-01  
1.946e+00  9.202e-01  
1.941e+00  9.615e-01  
1.936e+00  1.003e+00  
1.930e+00  1.047e+00  
1.924e+00  1.091e+00  
1.918e+00  1.136e+00  
1.911e+00  1.182e+00  
1.903e+00  1.229e+00  
1.895e+00  1.277e+00  
1.887e+00  1.326e+00  
1.878e+00  1.376e+00  
1.868e+00  1.428e+00  
1.858e+00  1.480e+00  
1.847e+00  1.533e+00  
1.836e+00  1.588e+00  
1.824e+00  1.643e+00  
1.811e+00  1.699e+00  
1.797e+00  1.757e+00  
1.782e+00  1.815e+00  
1.767e+00  1.874e+00  
1.751e+00  1.934e+00  
1.733e+00  1.996e+00  
1.715e+00  2.057e+00  
1.696e+00  2.120e+00  
1.676e+00  2.183e+00  
1.655e+00  2.247e+00  
1.632e+00  2.312e+00  
1.609e+00  2.377e+00  
1.584e+00  2.442e+00  
1.558e+00  2.507e+00  
1.531e+00  2.573e+00  
1.503e+00  2.639e+00  
1.474e+00  2.705e+00  
1.443e+00  2.770e+00  
1.411e+00  2.835e+00  
1.378e+00  2.900e+00  
1.343e+00  2.964e+00  
1.308e+00  3.027e+00  
1.271e+00  3.089e+00  
1.233e+00  3.150e+00  
1.194e+00  3.210e+00  
1.154e+00  3.268e+00  
1.112e+00  3.324e+00  
1.070e+00  3.379e+00  
1.027e+00  3.432e+00  
9.832e-01  3.483e+00  
9.383e-01  3.533e+00  
8.933e-01  3.579e+00  
8.474e-01  3.623e+00  
8.010e-01  3.665e+00  
7.541e-01  3.705e+00  
7.072e-01  3.742e+00  
6.600e-01  3.776e+00  
6.122e-01  3.808e+00  
5.649e-01  3.837e+00  
5.178e-01  3.864e+00  
4.707e-01  3.888e+00  
4.238e-01  3.909e+00  
3.761e-01  3.929e+00  
3.311e-01  3.945e+00  
2.854e-01  3.959e+00  
2.399e-01  3.971e+00  
1.954e-01  3.981e+00  
1.489e-01  3.989e+00  
1.082e-01  3.994e+00  
6.634e-02  3.998e+00  
2.463e-02  4.000e+00  
