2.046e+00  3.141e-01  
3.196e-01  4.022e+00  
2.040e+00  3.222e-01  
2.038e+00  3.396e-01  
2.037e+00  3.571e-01  
2.036e+00  3.725e-01  
2.035e+00  3.853e-01  
2.033e+00  4.157e-01  
2.031e+00  4.331e-01  
2.031e+00  4.408e-01  
2.029e+00  4.682e-01  
2.028e+00  4.937e-01  
2.026e+00  5.161e-01  
2.025e+00  5.378e-01  
2.023e+00  5.606e-01  
2.023e+00  5.804e-01  
2.020e+00  6.091e-01  
2.019e+00  6.318e-01  
2.017e+00  6.557e-01  
2.015e+00  6.825e-01  
2.013e+00  7.074e-01  
2.011e+00  7.338e-01  
2.008e+00  7.605e-01  
2.007e+00  7.870e-01  
2.004e+00  8.099e-01  
2.001e+00  8.444e-01  
1.999e+00  8.722e-01  
1.995e+00  9.036e-01  
1.992e+00  9.325e-01  
1.989e+00  9.590e-01  
1.985e+00  9.934e-01  
1.981e+00  1.029e+00  
1.977e+00  1.062e+00  
1.973e+00  1.091e+00  
1.968e+00  1.130e+00  
1.963e+00  1.161e+00  
1.958e+00  1.197e+00  
1.953e+00  1.237e+00  
1.946e+00  1.276e+00  
1.940e+00  1.313e+00  
1.933e+00  1.357e+00  
1.927e+00  1.397e+00  
1.917e+00  1.441e+00  
1.911e+00  1.480e+00  
1.903e+00  1.526e+00  
1.895e+00  1.572e+00  
1.886e+00  1.613e+00  
1.876e+00  1.663e+00  
1.865e+00  1.709e+00  
1.855e+00  1.757e+00  
1.844e+00  1.803e+00  
1.830e+00  1.851e+00  
1.819e+00  1.905e+00  
1.801e+00  1.960e+00  
1.790e+00  2.011e+00  
1.775e+00  2.063e+00  
1.759e+00  2.114e+00  
1.742e+00  2.173e+00  
1.722e+00  2.229e+00  
1.705e+00  2.279e+00  
1.684e+00  2.337e+00  
1.667e+00  2.396e+00  
1.646e+00  2.454e+00  
1.620e+00  2.513e+00  
1.600e+00  2.565e+00  
1.576e+00  2.629e+00  
1.552e+00  2.688e+00  
1.521e+00  2.747e+00  
1.498e+00  2.803e+00  
1.471e+00  2.862e+00  
1.438e+00  2.923e+00  
1.409e+00  2.976e+00  
1.378e+00  3.033e+00  
1.349e+00  3.089e+00  
1.313e+00  3.144e+00  
1.279e+00  3.199e+00  
1.244e+00  3.252e+00  
1.209e+00  3.307e+00  
1.171e+00  3.358e+00  
1.134e+00  3.402e+00  
1.096e+00  3.452e+00  
1.059e+00  3.498e+00  
1.019e+00  3.545e+00  
9.818e-01  3.590e+00  
9.407e-01  3.630e+00  
8.985e-01  3.667e+00  
8.581e-01  3.705e+00  
8.189e-01  3.741e+00  
7.776e-01  3.773e+00  
7.368e-01  3.807e+00  
6.953e-01  3.835e+00  
6.556e-01  3.862e+00  
6.134e-01  3.885e+00  
5.709e-01  3.912e+00  
5.333e-01  3.933e+00  
4.935e-01  3.953e+00  
4.515e-01  3.972e+00  
4.129e-01  3.990e+00  
3.747e-01  4.005e+00  
3.355e-01  4.016e+00  
