2.124e+00  3.078e-01  3.982e-01  
3.761e-01  4.091e+00  5.342e-01  
2.712e-01  3.225e-01  6.096e+00  
2.112e+00  3.203e-01  4.162e-01  
2.104e+00  4.468e-01  4.038e-01  
2.108e+00  3.447e-01  5.815e-01  
2.092e+00  5.950e-01  3.971e-01  
2.095e+00  4.390e-01  6.012e-01  
2.086e+00  5.686e-01  5.032e-01  
2.092e+00  3.315e-01  9.140e-01  
2.069e+00  9.084e-01  3.766e-01  
2.079e+00  5.777e-01  7.536e-01  
2.066e+00  8.345e-01  5.775e-01  
2.075e+00  4.072e-01  1.083e+00  
2.044e+00  1.028e+00  5.168e-01  
2.069e+00  5.708e-01  1.058e+00  
2.055e+00  8.641e-01  8.138e-01  
2.068e+00  3.180e-01  1.443e+00  
2.014e+00  1.402e+00  3.801e-01  
2.049e+00  8.376e-01  1.019e+00  
2.019e+00  1.213e+00  7.087e-01  
2.047e+00  5.520e-01  1.451e+00  
1.987e+00  1.465e+00  5.268e-01  
2.036e+00  7.804e-01  1.320e+00  
2.007e+00  1.206e+00  8.768e-01  
2.024e+00  3.947e-01  1.871e+00  
1.935e+00  1.768e+00  4.951e-01  
2.008e+00  9.752e-01  1.415e+00  
1.968e+00  1.465e+00  9.750e-01  
2.000e+00  5.581e-01  1.997e+00  
1.920e+00  1.771e+00  6.905e-01  
1.991e+00  8.108e-01  1.828e+00  
1.958e+00  1.397e+00  1.289e+00  
1.956e+00  3.081e-01  2.491e+00  
1.803e+00  2.309e+00  3.631e-01  
1.942e+00  1.409e+00  1.566e+00  
1.858e+00  1.986e+00  9.032e-01  
1.939e+00  8.187e-01  2.280e+00  
1.777e+00  2.321e+00  6.551e-01  
1.921e+00  1.221e+00  2.070e+00  
1.850e+00  1.902e+00  1.393e+00  
1.880e+00  5.591e-01  2.861e+00  
1.675e+00  2.640e+00  5.348e-01  
1.862e+00  1.524e+00  2.083e+00  
1.768e+00  2.238e+00  1.293e+00  
1.834e+00  8.050e-01  2.970e+00  
1.663e+00  2.607e+00  8.410e-01  
1.821e+00  1.259e+00  2.702e+00  
1.755e+00  2.092e+00  1.837e+00  
1.735e+00  3.797e-01  3.634e+00  
1.478e+00  3.080e+00  4.695e-01  
1.736e+00  1.922e+00  2.347e+00  
1.592e+00  2.692e+00  1.358e+00  
1.714e+00  1.022e+00  3.450e+00  
1.461e+00  3.039e+00  9.043e-01  
1.685e+00  1.581e+00  3.106e+00  
1.581e+00  2.547e+00  2.008e+00  
1.587e+00  5.555e-01  4.155e+00  
1.312e+00  3.314e+00  6.941e-01  
1.591e+00  1.996e+00  3.038e+00  
1.436e+00  2.906e+00  1.815e+00  
1.512e+00  8.929e-01  4.260e+00  
1.295e+00  3.273e+00  1.248e+00  
1.496e+00  1.535e+00  3.909e+00  
1.413e+00  2.680e+00  2.597e+00  
1.342e+00  3.213e-01  4.922e+00  
1.033e+00  3.726e+00  3.693e-01  
1.330e+00  2.719e+00  2.883e+00  
1.141e+00  3.443e+00  1.448e+00  
1.322e+00  1.550e+00  4.399e+00  
9.950e-01  3.696e+00  8.490e-01  
1.255e+00  2.280e+00  3.830e+00  
1.105e+00  3.312e+00  2.213e+00  
1.146e+00  8.945e-01  5.144e+00  
8.441e-01  3.852e+00  5.882e-01  
1.103e+00  2.724e+00  3.610e+00  
9.350e-01  3.580e+00  1.903e+00  
1.029e+00  1.305e+00  5.153e+00  
7.965e-01  3.820e+00  1.192e+00  
9.754e-01  2.127e+00  4.629e+00  
8.681e-01  3.367e+00  2.843e+00  
8.359e-01  5.621e-01  5.698e+00  
6.038e-01  4.031e+00  4.917e-01  
8.012e-01  3.086e+00  3.622e+00  
6.617e-01  3.827e+00  1.785e+00  
7.445e-01  1.573e+00  5.394e+00  
5.450e-01  3.987e+00  1.032e+00  
6.748e-01  2.454e+00  4.718e+00  
5.678e-01  3.627e+00  2.721e+00  
5.552e-01  7.703e-01  5.893e+00  
4.291e-01  4.057e+00  7.554e-01  
5.096e-01  2.886e+00  4.322e+00  
4.073e-01  3.826e+00  2.279e+00  
4.295e-01  1.201e+00  5.833e+00  
3.493e-01  4.011e+00  1.432e+00  
3.693e-01  2.109e+00  5.297e+00  
3.070e-01  3.498e+00  3.319e+00  
2.677e-01  3.887e-01  6.090e+00  
3.347e-01  4.090e+00  7.447e-01  
2.344e-01  1.341e+00  5.849e+00  
