2.001e+00  1.269e-03  1.111e-03  
2.182e-02  4.006e+00  7.869e-03  
1.695e-02  4.345e-03  6.001e+00  
2.001e+00  6.627e-02  7.432e-02  
1.998e+00  2.110e-01  6.516e-02  
1.998e+00  9.453e-02  2.788e-01  
1.991e+00  4.069e-01  5.510e-02  
1.995e+00  2.044e-01  3.410e-01  
1.990e+00  3.871e-01  2.258e-01  
1.990e+00  8.702e-02  6.050e-01  
1.970e+00  7.073e-01  3.892e-02  
1.987e+00  3.619e-01  4.616e-01  
1.975e+00  6.149e-01  2.788e-01  
1.982e+00  1.790e-01  7.829e-01  
1.957e+00  8.305e-01  1.835e-01  
1.978e+00  3.413e-01  7.528e-01  
1.967e+00  6.548e-01  5.096e-01  
1.964e+00  5.390e-02  1.151e+00  
1.906e+00  1.222e+00  1.221e-03  
1.961e+00  6.419e-01  7.174e-01  
1.932e+00  1.016e+00  3.829e-01  
1.957e+00  3.303e-01  1.175e+00  
1.895e+00  1.281e+00  2.376e-01  
1.952e+00  5.648e-01  1.073e+00  
1.923e+00  1.009e+00  6.854e-01  
1.926e+00  1.670e-01  1.609e+00  
1.836e+00  1.594e+00  1.620e-01  
1.925e+00  7.848e-01  1.146e+00  
1.882e+00  1.289e+00  6.719e-01  
1.908e+00  3.200e-01  1.749e+00  
1.828e+00  1.612e+00  4.321e-01  
1.903e+00  6.277e-01  1.605e+00  
1.875e+00  1.213e+00  1.067e+00  
1.853e+00  6.509e-02  2.271e+00  
1.686e+00  2.174e+00  1.752e-02  
1.856e+00  1.226e+00  1.304e+00  
1.769e+00  1.833e+00  6.043e-01  
1.852e+00  6.347e-01  2.074e+00  
1.677e+00  2.181e+00  3.260e-01  
1.833e+00  1.037e+00  1.846e+00  
1.763e+00  1.752e+00  1.122e+00  
1.784e+00  3.264e-01  2.684e+00  
1.559e+00  2.513e+00  1.627e-01  
1.780e+00  1.359e+00  1.859e+00  
1.670e+00  2.104e+00  1.024e+00  
1.747e+00  5.763e-01  2.806e+00  
1.556e+00  2.493e+00  6.254e-01  
1.734e+00  1.072e+00  2.536e+00  
1.663e+00  1.956e+00  1.621e+00  
1.631e+00  1.388e-01  3.474e+00  
1.345e+00  2.967e+00  1.228e-01  
1.646e+00  1.786e+00  2.156e+00  
1.486e+00  2.588e+00  1.092e+00  
1.619e+00  8.322e-01  3.309e+00  
1.341e+00  2.956e+00  5.515e-01  
1.594e+00  1.430e+00  2.950e+00  
1.479e+00  2.439e+00  1.747e+00  
1.476e+00  3.265e-01  4.029e+00  
1.178e+00  3.231e+00  3.680e-01  
1.489e+00  1.851e+00  2.899e+00  
1.325e+00  2.815e+00  1.573e+00  
1.407e+00  6.806e-01  4.153e+00  
1.168e+00  3.197e+00  9.744e-01  
1.391e+00  1.378e+00  3.804e+00  
1.296e+00  2.593e+00  2.417e+00  
1.209e+00  5.346e-02  4.794e+00  
8.689e-01  3.610e+00  5.136e-03  
1.220e+00  2.626e+00  2.709e+00  
1.004e+00  3.391e+00  1.146e+00  
1.203e+00  1.382e+00  4.338e+00  
8.412e-01  3.616e+00  5.493e-01  
1.135e+00  2.175e+00  3.729e+00  
9.633e-01  3.248e+00  2.014e+00  
1.010e+00  6.598e-01  5.097e+00  
6.782e-01  3.767e+00  2.712e-01  
9.683e-01  2.634e+00  3.498e+00  
7.835e-01  3.528e+00  1.649e+00  
8.931e-01  1.114e+00  5.122e+00  
6.348e-01  3.757e+00  9.026e-01  
8.415e-01  2.001e+00  4.569e+00  
7.114e-01  3.303e+00  2.636e+00  
6.766e-01  3.258e-01  5.632e+00  
4.360e-01  3.908e+00  1.517e-01  
6.333e-01  3.005e+00  3.510e+00  
4.931e-01  3.756e+00  1.507e+00  
5.803e-01  1.426e+00  5.340e+00  
3.701e-01  3.906e+00  7.274e-01  
5.105e-01  2.347e+00  4.637e+00  
4.075e-01  3.557e+00  2.499e+00  
3.890e-01  5.454e-01  5.839e+00  
2.458e-01  3.968e+00  4.258e-01  
3.343e-01  2.787e+00  4.204e+00  
2.461e-01  3.747e+00  2.028e+00  
2.441e-01  9.902e-01  5.774e+00  
1.604e-01  3.923e+00  1.140e+00  
1.814e-01  1.962e+00  5.217e+00  
1.201e-01  3.423e+00  3.114e+00  
8.016e-02  1.358e-01  5.994e+00  
2.065e-02  4.002e+00  5.803e-02  
2.808e-02  3.237e+00  3.553e+00  
