2.070e+00  1.270e-01  1.281e-01  
3.110e-01  4.077e+00  2.039e-01  
2.692e-01  1.650e-01  6.058e+00  
2.065e+00  1.824e-01  1.777e-01  
2.063e+00  2.953e-01  1.645e-01  
2.061e+00  1.978e-01  3.447e-01  
2.055e+00  4.833e-01  1.629e-01  
2.057e+00  3.006e-01  4.187e-01  
2.052e+00  4.696e-01  3.013e-01  
2.054e+00  1.850e-01  6.659e-01  
2.035e+00  7.644e-01  1.525e-01  
2.048e+00  4.376e-01  5.369e-01  
2.037e+00  6.744e-01  3.633e-01  
2.045e+00  2.711e-01  8.371e-01  
2.021e+00  8.780e-01  2.805e-01  
2.040e+00  4.269e-01  8.104e-01  
2.029e+00  7.174e-01  5.761e-01  
2.030e+00  1.827e-01  1.179e+00  
1.982e+00  1.217e+00  1.388e-01  
2.023e+00  7.044e-01  7.773e-01  
1.996e+00  1.053e+00  4.513e-01  
2.020e+00  4.151e-01  1.199e+00  
1.964e+00  1.309e+00  3.203e-01  
2.012e+00  6.364e-01  1.106e+00  
1.989e+00  1.047e+00  7.404e-01  
1.997e+00  2.505e-01  1.598e+00  
1.913e+00  1.600e+00  2.169e-01  
1.991e+00  8.357e-01  1.172e+00  
1.952e+00  1.309e+00  7.167e-01  
1.978e+00  4.053e-01  1.730e+00  
1.904e+00  1.612e+00  5.258e-01  
1.971e+00  6.925e-01  1.591e+00  
1.945e+00  1.239e+00  1.099e+00  
1.931e+00  1.563e-01  2.228e+00  
1.778e+00  2.150e+00  1.413e-01  
1.927e+00  1.249e+00  1.321e+00  
1.849e+00  1.818e+00  6.981e-01  
1.925e+00  6.983e-01  2.039e+00  
1.769e+00  2.148e+00  4.212e-01  
1.909e+00  1.074e+00  1.822e+00  
1.846e+00  1.735e+00  1.137e+00  
1.867e+00  4.157e-01  2.612e+00  
1.662e+00  2.469e+00  2.929e-01  
1.860e+00  1.373e+00  1.844e+00  
1.760e+00  2.076e+00  1.064e+00  
1.833e+00  6.398e-01  2.727e+00  
1.658e+00  2.446e+00  6.984e-01  
1.821e+00  1.105e+00  2.474e+00  
1.753e+00  1.942e+00  1.624e+00  
1.736e+00  2.568e-01  3.366e+00  
1.476e+00  2.909e+00  2.184e-01  
1.740e+00  1.775e+00  2.108e+00  
1.598e+00  2.538e+00  1.113e+00  
1.718e+00  9.002e-01  3.207e+00  
1.466e+00  2.893e+00  6.533e-01  
1.692e+00  1.460e+00  2.869e+00  
1.588e+00  2.395e+00  1.769e+00  
1.597e+00  4.090e-01  3.915e+00  
1.323e+00  3.174e+00  4.820e-01  
1.601e+00  1.853e+00  2.828e+00  
1.452e+00  2.763e+00  1.594e+00  
1.531e+00  7.432e-01  4.034e+00  
1.308e+00  3.136e+00  1.028e+00  
1.516e+00  1.406e+00  3.685e+00  
1.427e+00  2.551e+00  2.388e+00  
1.366e+00  1.890e-01  4.655e+00  
1.097e+00  3.535e+00  1.354e-01  
1.355e+00  2.582e+00  2.658e+00  
1.159e+00  3.332e+00  1.227e+00  
1.341e+00  1.425e+00  4.215e+00  
1.010e+00  3.577e+00  6.345e-01  
1.281e+00  2.160e+00  3.648e+00  
1.125e+00  3.210e+00  2.007e+00  
1.170e+00  7.167e-01  4.981e+00  
8.583e-01  3.740e+00  3.394e-01  
1.130e+00  2.606e+00  3.424e+00  
9.540e-01  3.488e+00  1.695e+00  
1.061e+00  1.180e+00  5.019e+00  
8.140e-01  3.732e+00  9.823e-01  
1.010e+00  2.033e+00  4.482e+00  
8.929e-01  3.288e+00  2.651e+00  
8.602e-01  4.263e-01  5.568e+00  
6.285e-01  3.930e+00  2.245e-01  
8.261e-01  2.996e+00  3.475e+00  
6.758e-01  3.750e+00  1.570e+00  
7.694e-01  1.491e+00  5.282e+00  
5.682e-01  3.917e+00  8.415e-01  
6.969e-01  2.386e+00  4.616e+00  
5.983e-01  3.565e+00  2.544e+00  
5.786e-01  6.410e-01  5.814e+00  
4.434e-01  3.997e+00  5.417e-01  
5.357e-01  2.836e+00  4.218e+00  
4.479e-01  3.770e+00  2.087e+00  
4.506e-01  1.094e+00  5.778e+00  
3.527e-01  3.967e+00  1.233e+00  
3.873e-01  2.056e+00  5.255e+00  
3.332e-01  3.486e+00  3.181e+00  
2.935e-01  2.515e-01  6.035e+00  
2.915e-01  4.067e+00  3.210e-01  
2.405e-01  2.372e+00  5.014e+00  
