2.051e+00  1.228e-01  
2.155e-01  4.040e+00  
2.050e+00  1.267e-01  
2.050e+00  1.446e-01  
2.050e+00  1.663e-01  
2.049e+00  1.865e-01  
2.049e+00  2.064e-01  
2.049e+00  2.278e-01  
2.048e+00  2.490e-01  
2.047e+00  2.697e-01  
2.047e+00  2.928e-01  
2.046e+00  3.149e-01  
2.045e+00  3.386e-01  
2.044e+00  3.615e-01  
2.043e+00  3.857e-01  
2.042e+00  4.109e-01  
2.041e+00  4.358e-01  
2.040e+00  4.615e-01  
2.038e+00  4.879e-01  
2.037e+00  5.149e-01  
2.035e+00  5.423e-01  
2.033e+00  5.705e-01  
2.032e+00  5.989e-01  
2.029e+00  6.285e-01  
2.027e+00  6.589e-01  
2.025e+00  6.896e-01  
2.022e+00  7.208e-01  
2.019e+00  7.534e-01  
2.016e+00  7.863e-01  
2.013e+00  8.201e-01  
2.010e+00  8.547e-01  
2.006e+00  8.899e-01  
2.002e+00  9.261e-01  
1.998e+00  9.632e-01  
1.993e+00  1.001e+00  
1.988e+00  1.039e+00  
1.983e+00  1.079e+00  
1.978e+00  1.120e+00  
1.972e+00  1.161e+00  
1.966e+00  1.204e+00  
1.959e+00  1.247e+00  
1.952e+00  1.291e+00  
1.944e+00  1.337e+00  
1.936e+00  1.383e+00  
1.928e+00  1.430e+00  
1.919e+00  1.478e+00  
1.909e+00  1.528e+00  
1.899e+00  1.578e+00  
1.888e+00  1.629e+00  
1.877e+00  1.681e+00  
1.865e+00  1.735e+00  
1.852e+00  1.789e+00  
1.838e+00  1.844e+00  
1.824e+00  1.900e+00  
1.809e+00  1.957e+00  
1.793e+00  2.015e+00  
1.776e+00  2.074e+00  
1.758e+00  2.133e+00  
1.739e+00  2.193e+00  
1.720e+00  2.254e+00  
1.699e+00  2.316e+00  
1.677e+00  2.378e+00  
1.654e+00  2.440e+00  
1.630e+00  2.503e+00  
1.606e+00  2.566e+00  
1.579e+00  2.629e+00  
1.553e+00  2.692e+00  
1.524e+00  2.756e+00  
1.495e+00  2.819e+00  
1.464e+00  2.883e+00  
1.432e+00  2.945e+00  
1.399e+00  3.006e+00  
1.365e+00  3.067e+00  
1.330e+00  3.127e+00  
1.294e+00  3.186e+00  
1.257e+00  3.243e+00  
1.219e+00  3.299e+00  
1.180e+00  3.355e+00  
1.140e+00  3.408e+00  
1.099e+00  3.459e+00  
1.057e+00  3.509e+00  
1.016e+00  3.557e+00  
9.727e-01  3.603e+00  
9.296e-01  3.646e+00  
8.857e-01  3.688e+00  
8.418e-01  3.727e+00  
7.977e-01  3.764e+00  
7.534e-01  3.798e+00  
7.085e-01  3.831e+00  
6.642e-01  3.861e+00  
6.197e-01  3.888e+00  
5.758e-01  3.913e+00  
5.317e-01  3.936e+00  
4.881e-01  3.957e+00  
4.447e-01  3.975e+00  
4.017e-01  3.991e+00  
3.593e-01  4.005e+00  
3.173e-01  4.018e+00  
2.759e-01  4.028e+00  
2.351e-01  4.036e+00  
