2.053e+00  1.985e-01  
2.545e-01  4.060e+00  
2.053e+00  2.055e-01  
2.052e+00  2.255e-01  
2.051e+00  2.449e-01  
2.051e+00  2.641e-01  
2.050e+00  2.814e-01  
2.049e+00  3.028e-01  
2.048e+00  3.254e-01  
2.048e+00  3.454e-01  
2.047e+00  3.685e-01  
2.046e+00  3.880e-01  
2.045e+00  4.130e-01  
2.044e+00  4.352e-01  
2.042e+00  4.589e-01  
2.041e+00  4.836e-01  
2.040e+00  5.078e-01  
2.038e+00  5.334e-01  
2.037e+00  5.584e-01  
2.035e+00  5.852e-01  
2.033e+00  6.115e-01  
2.031e+00  6.392e-01  
2.029e+00  6.676e-01  
2.026e+00  6.961e-01  
2.024e+00  7.255e-01  
2.021e+00  7.548e-01  
2.018e+00  7.862e-01  
2.015e+00  8.177e-01  
2.012e+00  8.494e-01  
2.009e+00  8.826e-01  
2.005e+00  9.164e-01  
2.001e+00  9.506e-01  
1.997e+00  9.856e-01  
1.993e+00  1.022e+00  
1.988e+00  1.058e+00  
1.983e+00  1.095e+00  
1.978e+00  1.134e+00  
1.972e+00  1.174e+00  
1.966e+00  1.214e+00  
1.960e+00  1.255e+00  
1.953e+00  1.297e+00  
1.946e+00  1.340e+00  
1.938e+00  1.384e+00  
1.930e+00  1.429e+00  
1.922e+00  1.475e+00  
1.913e+00  1.522e+00  
1.903e+00  1.569e+00  
1.893e+00  1.618e+00  
1.882e+00  1.667e+00  
1.871e+00  1.718e+00  
1.859e+00  1.770e+00  
1.846e+00  1.822e+00  
1.833e+00  1.876e+00  
1.819e+00  1.930e+00  
1.804e+00  1.986e+00  
1.788e+00  2.041e+00  
1.771e+00  2.098e+00  
1.754e+00  2.155e+00  
1.736e+00  2.214e+00  
1.717e+00  2.274e+00  
1.697e+00  2.333e+00  
1.675e+00  2.394e+00  
1.653e+00  2.453e+00  
1.630e+00  2.515e+00  
1.606e+00  2.576e+00  
1.581e+00  2.636e+00  
1.554e+00  2.698e+00  
1.526e+00  2.760e+00  
1.497e+00  2.823e+00  
1.468e+00  2.883e+00  
1.438e+00  2.944e+00  
1.406e+00  3.005e+00  
1.372e+00  3.065e+00  
1.339e+00  3.124e+00  
1.304e+00  3.183e+00  
1.267e+00  3.237e+00  
1.230e+00  3.294e+00  
1.194e+00  3.347e+00  
1.154e+00  3.400e+00  
1.117e+00  3.450e+00  
1.074e+00  3.501e+00  
1.033e+00  3.550e+00  
9.935e-01  3.596e+00  
9.506e-01  3.640e+00  
9.085e-01  3.682e+00  
8.658e-01  3.721e+00  
8.228e-01  3.758e+00  
7.805e-01  3.794e+00  
7.367e-01  3.826e+00  
6.934e-01  3.856e+00  
6.504e-01  3.885e+00  
6.076e-01  3.916e+00  
5.643e-01  3.935e+00  
5.215e-01  3.958e+00  
4.775e-01  3.977e+00  
4.339e-01  4.000e+00  
3.945e-01  4.012e+00  
3.539e-01  4.026e+00  
3.138e-01  4.037e+00  
2.732e-01  4.050e+00  
