2.050e+00  5.468e-02  
1.912e-01  4.040e+00  
2.050e+00  6.336e-02  
2.050e+00  8.271e-02  
2.050e+00  1.025e-01  
2.050e+00  1.227e-01  
2.049e+00  1.433e-01  
2.049e+00  1.643e-01  
2.049e+00  1.858e-01  
2.048e+00  2.078e-01  
2.048e+00  2.302e-01  
2.047e+00  2.531e-01  
2.047e+00  2.765e-01  
2.046e+00  3.005e-01  
2.045e+00  3.250e-01  
2.044e+00  3.500e-01  
2.043e+00  3.755e-01  
2.042e+00  4.017e-01  
2.041e+00  4.284e-01  
2.040e+00  4.558e-01  
2.038e+00  4.837e-01  
2.037e+00  5.123e-01  
2.035e+00  5.416e-01  
2.033e+00  5.716e-01  
2.031e+00  6.022e-01  
2.029e+00  6.335e-01  
2.026e+00  6.656e-01  
2.024e+00  6.985e-01  
2.021e+00  7.321e-01  
2.018e+00  7.664e-01  
2.014e+00  8.016e-01  
2.011e+00  8.377e-01  
2.007e+00  8.745e-01  
2.003e+00  9.122e-01  
1.999e+00  9.509e-01  
1.994e+00  9.904e-01  
1.989e+00  1.031e+00  
1.984e+00  1.072e+00  
1.978e+00  1.114e+00  
1.972e+00  1.158e+00  
1.965e+00  1.202e+00  
1.958e+00  1.247e+00  
1.951e+00  1.294e+00  
1.943e+00  1.341e+00  
1.935e+00  1.389e+00  
1.926e+00  1.439e+00  
1.916e+00  1.489e+00  
1.906e+00  1.540e+00  
1.895e+00  1.593e+00  
1.884e+00  1.646e+00  
1.872e+00  1.701e+00  
1.859e+00  1.756e+00  
1.845e+00  1.813e+00  
1.831e+00  1.870e+00  
1.816e+00  1.929e+00  
1.800e+00  1.988e+00  
1.783e+00  2.048e+00  
1.765e+00  2.109e+00  
1.746e+00  2.171e+00  
1.726e+00  2.233e+00  
1.705e+00  2.296e+00  
1.683e+00  2.360e+00  
1.660e+00  2.424e+00  
1.636e+00  2.488e+00  
1.610e+00  2.553e+00  
1.584e+00  2.617e+00  
1.556e+00  2.682e+00  
1.527e+00  2.747e+00  
1.497e+00  2.811e+00  
1.466e+00  2.875e+00  
1.433e+00  2.939e+00  
1.400e+00  3.002e+00  
1.365e+00  3.064e+00  
1.329e+00  3.125e+00  
1.292e+00  3.185e+00  
1.254e+00  3.244e+00  
1.215e+00  3.301e+00  
1.175e+00  3.357e+00  
1.134e+00  3.411e+00  
1.093e+00  3.463e+00  
1.050e+00  3.514e+00  
1.007e+00  3.562e+00  
9.635e-01  3.608e+00  
9.193e-01  3.652e+00  
8.747e-01  3.694e+00  
8.297e-01  3.733e+00  
7.845e-01  3.770e+00  
7.392e-01  3.805e+00  
6.937e-01  3.837e+00  
6.483e-01  3.867e+00  
6.030e-01  3.894e+00  
5.578e-01  3.919e+00  
5.129e-01  3.941e+00  
4.684e-01  3.962e+00  
4.242e-01  3.979e+00  
3.804e-01  3.995e+00  
3.372e-01  4.009e+00  
2.946e-01  4.020e+00  
2.526e-01  4.029e+00  
2.112e-01  4.037e+00  
