2.050e+00  5.025e-02  5.021e-02  
5.360e-02  4.050e+00  5.360e-02  
5.134e-02  5.083e-02  6.050e+00  
2.049e+00  1.262e-01  1.270e-01  
2.047e+00  2.624e-01  1.209e-01  
2.047e+00  1.448e-01  3.359e-01  
2.039e+00  4.581e-01  1.073e-01  
2.044e+00  2.547e-01  3.916e-01  
2.039e+00  4.379e-01  2.824e-01  
2.039e+00  1.344e-01  6.578e-01  
2.018e+00  7.604e-01  7.751e-02  
2.036e+00  4.149e-01  5.187e-01  
2.024e+00  6.670e-01  3.305e-01  
2.031e+00  2.317e-01  8.375e-01  
2.005e+00  8.827e-01  2.422e-01  
2.026e+00  3.944e-01  8.091e-01  
2.016e+00  7.066e-01  5.601e-01  
2.012e+00  1.260e-01  1.207e+00  
1.954e+00  1.277e+00  8.954e-02  
2.009e+00  6.934e-01  7.796e-01  
1.979e+00  1.073e+00  4.471e-01  
2.004e+00  3.812e-01  1.232e+00  
1.941e+00  1.344e+00  2.897e-01  
1.996e+00  6.181e-01  1.136e+00  
1.971e+00  1.064e+00  7.424e-01  
1.974e+00  2.170e-01  1.666e+00  
1.881e+00  1.656e+00  2.152e-01  
1.973e+00  8.376e-01  1.202e+00  
1.929e+00  1.346e+00  7.239e-01  
1.955e+00  3.752e-01  1.807e+00  
1.873e+00  1.670e+00  4.939e-01  
1.950e+00  6.801e-01  1.666e+00  
1.921e+00  1.268e+00  1.125e+00  
1.899e+00  1.229e-01  2.332e+00  
1.726e+00  2.233e+00  7.850e-02  
1.902e+00  1.281e+00  1.361e+00  
1.811e+00  1.892e+00  7.148e-01  
1.898e+00  6.881e-01  2.136e+00  
1.719e+00  2.242e+00  4.047e-01  
1.879e+00  1.091e+00  1.906e+00  
1.807e+00  1.809e+00  1.170e+00  
1.829e+00  3.808e-01  2.744e+00  
1.601e+00  2.571e+00  2.607e-01  
1.824e+00  1.414e+00  1.919e+00  
1.714e+00  2.163e+00  1.069e+00  
1.792e+00  6.337e-01  2.867e+00  
1.598e+00  2.549e+00  6.765e-01  
1.779e+00  1.125e+00  2.597e+00  
1.705e+00  2.016e+00  1.678e+00  
1.675e+00  2.179e-01  3.537e+00  
1.388e+00  3.021e+00  1.888e-01  
1.688e+00  1.839e+00  2.207e+00  
1.528e+00  2.644e+00  1.144e+00  
1.661e+00  8.942e-01  3.373e+00  
1.381e+00  3.009e+00  6.527e-01  
1.634e+00  1.492e+00  3.005e+00  
1.517e+00  2.496e+00  1.834e+00  
1.517e+00  3.868e-01  4.096e+00  
1.220e+00  3.284e+00  4.454e-01  
1.532e+00  1.912e+00  2.954e+00  
1.366e+00  2.871e+00  1.632e+00  
1.447e+00  7.321e-01  4.221e+00  
1.207e+00  3.247e+00  1.029e+00  
1.432e+00  1.428e+00  3.862e+00  
1.338e+00  2.643e+00  2.487e+00  
1.250e+00  1.192e-01  4.849e+00  
9.095e-01  3.662e+00  5.360e-02  
1.258e+00  2.677e+00  2.759e+00  
1.040e+00  3.436e+00  1.226e+00  
1.242e+00  1.438e+00  4.396e+00  
8.799e-01  3.671e+00  6.045e-01  
1.174e+00  2.223e+00  3.793e+00  
1.006e+00  3.299e+00  2.056e+00  
1.049e+00  7.255e-01  5.148e+00  
7.178e-01  3.816e+00  3.349e-01  
1.009e+00  2.679e+00  3.539e+00  
8.213e-01  3.571e+00  1.709e+00  
9.304e-01  1.171e+00  5.168e+00  
6.728e-01  3.802e+00  9.605e-01  
8.783e-01  2.049e+00  4.614e+00  
7.569e-01  3.349e+00  2.699e+00  
7.155e-01  3.741e-01  5.687e+00  
4.757e-01  3.957e+00  2.089e-01  
6.846e-01  3.042e+00  3.548e+00  
5.301e-01  3.798e+00  1.573e+00  
6.195e-01  1.477e+00  5.389e+00  
4.136e-01  3.950e+00  8.147e-01  
5.481e-01  2.392e+00  4.679e+00  
4.448e-01  3.597e+00  2.557e+00  
4.269e-01  5.953e-01  5.885e+00  
2.838e-01  4.011e+00  4.979e-01  
3.778e-01  2.831e+00  4.249e+00  
2.869e-01  3.785e+00  2.075e+00  
2.894e-01  1.053e+00  5.814e+00  
1.998e-01  3.965e+00  1.197e+00  
2.160e-01  2.009e+00  5.257e+00  
1.715e-01  3.463e+00  3.158e+00  
1.282e-01  1.934e-01  6.042e+00  
8.238e-02  4.049e+00  1.460e-01  
5.282e-02  3.276e+00  3.597e+00  
