2.050e+00  5.023e-02  5.057e-02  
1.372e-01  4.046e+00  1.347e-01  
6.015e-02  5.736e-02  6.050e+00  
2.049e+00  1.270e-01  1.270e-01  
2.047e+00  2.620e-01  1.206e-01  
2.047e+00  1.452e-01  3.358e-01  
2.040e+00  4.569e-01  1.082e-01  
2.044e+00  2.548e-01  3.906e-01  
2.039e+00  4.379e-01  2.824e-01  
2.039e+00  1.365e-01  6.568e-01  
2.018e+00  7.591e-01  9.640e-02  
2.036e+00  4.140e-01  5.184e-01  
2.024e+00  6.673e-01  3.301e-01  
2.031e+00  2.312e-01  8.369e-01  
2.005e+00  8.823e-01  2.404e-01  
2.026e+00  3.951e-01  8.088e-01  
2.016e+00  7.058e-01  5.602e-01  
2.012e+00  1.220e-01  1.207e+00  
1.954e+00  1.276e+00  8.963e-02  
2.009e+00  6.935e-01  7.794e-01  
1.979e+00  1.072e+00  4.495e-01  
2.004e+00  3.798e-01  1.230e+00  
1.941e+00  1.344e+00  2.855e-01  
1.997e+00  6.172e-01  1.134e+00  
1.971e+00  1.061e+00  7.425e-01  
1.974e+00  2.164e-01  1.665e+00  
1.881e+00  1.656e+00  2.074e-01  
1.973e+00  8.367e-01  1.201e+00  
1.929e+00  1.343e+00  7.277e-01  
1.956e+00  3.738e-01  1.805e+00  
1.873e+00  1.669e+00  5.029e-01  
1.950e+00  6.817e-01  1.665e+00  
1.921e+00  1.269e+00  1.125e+00  
1.899e+00  1.098e-01  2.333e+00  
1.727e+00  2.231e+00  8.475e-02  
1.903e+00  1.280e+00  1.357e+00  
1.812e+00  1.891e+00  7.147e-01  
1.898e+00  6.874e-01  2.138e+00  
1.719e+00  2.242e+00  3.966e-01  
1.879e+00  1.091e+00  1.907e+00  
1.808e+00  1.804e+00  1.175e+00  
1.829e+00  3.802e-01  2.745e+00  
1.602e+00  2.569e+00  2.573e-01  
1.824e+00  1.414e+00  1.917e+00  
1.714e+00  2.160e+00  1.078e+00  
1.791e+00  6.350e-01  2.869e+00  
1.599e+00  2.546e+00  6.818e-01  
1.780e+00  1.126e+00  2.593e+00  
1.707e+00  2.011e+00  1.675e+00  
1.676e+00  2.114e-01  3.534e+00  
1.389e+00  3.020e+00  1.950e-01  
1.688e+00  1.837e+00  2.207e+00  
1.528e+00  2.644e+00  1.144e+00  
1.661e+00  8.958e-01  3.370e+00  
1.382e+00  3.006e+00  6.634e-01  
1.635e+00  1.491e+00  3.004e+00  
1.519e+00  2.492e+00  1.831e+00  
1.518e+00  3.927e-01  4.091e+00  
1.221e+00  3.282e+00  4.428e-01  
1.533e+00  1.912e+00  2.950e+00  
1.368e+00  2.869e+00  1.631e+00  
1.448e+00  7.275e-01  4.218e+00  
1.209e+00  3.246e+00  1.018e+00  
1.433e+00  1.428e+00  3.858e+00  
1.340e+00  2.642e+00  2.483e+00  
1.252e+00  1.169e-01  4.845e+00  
9.113e-01  3.660e+00  7.846e-02  
1.259e+00  2.676e+00  2.757e+00  
1.042e+00  3.434e+00  1.225e+00  
1.244e+00  1.437e+00  4.391e+00  
8.823e-01  3.669e+00  5.993e-01  
1.176e+00  2.218e+00  3.793e+00  
1.007e+00  3.296e+00  2.064e+00  
1.051e+00  7.235e-01  5.146e+00  
7.195e-01  3.814e+00  3.351e-01  
1.011e+00  2.678e+00  3.538e+00  
8.233e-01  3.569e+00  1.708e+00  
9.320e-01  1.170e+00  5.167e+00  
6.749e-01  3.801e+00  9.607e-01  
8.799e-01  2.049e+00  4.612e+00  
7.587e-01  3.348e+00  2.697e+00  
7.180e-01  3.656e-01  5.686e+00  
4.768e-01  3.956e+00  2.091e-01  
6.871e-01  3.042e+00  3.544e+00  
5.311e-01  3.797e+00  1.573e+00  
6.226e-01  1.474e+00  5.388e+00  
4.153e-01  3.949e+00  8.155e-01  
5.504e-01  2.391e+00  4.678e+00  
4.460e-01  3.597e+00  2.557e+00  
4.279e-01  5.984e-01  5.884e+00  
2.858e-01  4.011e+00  4.981e-01  
3.795e-01  2.830e+00  4.249e+00  
2.891e-01  3.785e+00  2.075e+00  
2.894e-01  1.053e+00  5.814e+00  
2.027e-01  3.964e+00  1.197e+00  
2.240e-01  2.009e+00  5.255e+00  
1.735e-01  3.463e+00  3.158e+00  
1.334e-01  1.919e-01  6.041e+00  
1.371e-01  4.043e+00  3.026e-01  
8.062e-02  1.454e+00  5.668e+00  
