2.051e+00  5.552e-02  5.522e-02  
1.876e-01  4.040e+00  1.475e-01  
1.493e-01  1.100e-01  6.043e+00  
2.050e+00  1.282e-01  1.198e-01  
2.048e+00  2.579e-01  6.818e-02  
2.048e+00  1.375e-01  3.342e-01  
2.041e+00  4.525e-01  8.950e-02  
2.045e+00  2.539e-01  3.872e-01  
2.040e+00  4.339e-01  2.805e-01  
2.040e+00  1.366e-01  6.498e-01  
2.020e+00  7.493e-01  8.816e-02  
2.037e+00  4.072e-01  5.083e-01  
2.025e+00  6.598e-01  3.282e-01  
2.032e+00  2.262e-01  8.267e-01  
2.008e+00  8.702e-01  2.218e-01  
2.028e+00  3.919e-01  7.970e-01  
2.017e+00  6.983e-01  5.552e-01  
2.014e+00  1.122e-01  1.190e+00  
1.958e+00  1.257e+00  5.534e-02  
2.011e+00  6.817e-01  7.673e-01  
1.983e+00  1.056e+00  4.369e-01  
2.007e+00  3.770e-01  1.210e+00  
1.945e+00  1.327e+00  2.711e-01  
1.999e+00  6.107e-01  1.119e+00  
1.975e+00  1.045e+00  7.304e-01  
1.978e+00  1.975e-01  1.643e+00  
1.887e+00  1.633e+00  1.665e-01  
1.977e+00  8.268e-01  1.175e+00  
1.935e+00  1.326e+00  7.055e-01  
1.960e+00  3.736e-01  1.780e+00  
1.880e+00  1.642e+00  4.862e-01  
1.955e+00  6.665e-01  1.639e+00  
1.926e+00  1.253e+00  1.104e+00  
1.905e+00  9.520e-02  2.296e+00  
1.738e+00  2.198e+00  8.192e-02  
1.909e+00  1.262e+00  1.335e+00  
1.821e+00  1.865e+00  6.777e-01  
1.904e+00  6.817e-01  2.105e+00  
1.730e+00  2.210e+00  3.841e-01  
1.886e+00  1.076e+00  1.872e+00  
1.817e+00  1.782e+00  1.147e+00  
1.838e+00  3.697e-01  2.704e+00  
1.617e+00  2.537e+00  2.531e-01  
1.833e+00  1.394e+00  1.880e+00  
1.725e+00  2.130e+00  1.067e+00  
1.801e+00  6.157e-01  2.829e+00  
1.613e+00  2.513e+00  6.705e-01  
1.790e+00  1.110e+00  2.558e+00  
1.718e+00  1.987e+00  1.657e+00  
1.689e+00  2.207e-01  3.484e+00  
1.409e+00  2.985e+00  1.978e-01  
1.701e+00  1.815e+00  2.176e+00  
1.545e+00  2.611e+00  1.129e+00  
1.674e+00  8.876e-01  3.326e+00  
1.402e+00  2.971e+00  6.592e-01  
1.647e+00  1.475e+00  2.965e+00  
1.535e+00  2.463e+00  1.810e+00  
1.536e+00  3.916e-01  4.041e+00  
1.245e+00  3.248e+00  4.391e-01  
1.548e+00  1.888e+00  2.919e+00  
1.388e+00  2.836e+00  1.612e+00  
1.467e+00  7.167e-01  4.170e+00  
1.232e+00  3.212e+00  1.020e+00  
1.453e+00  1.412e+00  3.811e+00  
1.360e+00  2.615e+00  2.457e+00  
1.279e+00  1.136e-01  4.789e+00  
9.404e-01  3.633e+00  7.586e-02  
1.282e+00  2.648e+00  2.730e+00  
1.069e+00  3.405e+00  1.218e+00  
1.266e+00  1.425e+00  4.349e+00  
9.112e-01  3.642e+00  5.980e-01  
1.200e+00  2.200e+00  3.757e+00  
1.035e+00  3.269e+00  2.041e+00  
1.078e+00  7.158e-01  5.103e+00  
7.517e-01  3.792e+00  3.224e-01  
1.038e+00  2.656e+00  3.509e+00  
8.521e-01  3.546e+00  1.698e+00  
9.610e-01  1.165e+00  5.126e+00  
7.069e-01  3.780e+00  9.558e-01  
9.093e-01  2.035e+00  4.580e+00  
7.894e-01  3.328e+00  2.682e+00  
7.503e-01  3.733e-01  5.652e+00  
5.125e-01  3.940e+00  2.113e-01  
7.190e-01  3.025e+00  3.527e+00  
5.661e-01  3.780e+00  1.569e+00  
6.554e-01  1.468e+00  5.360e+00  
4.499e-01  3.936e+00  8.153e-01  
5.830e-01  2.382e+00  4.658e+00  
4.789e-01  3.585e+00  2.548e+00  
4.643e-01  5.994e-01  5.864e+00  
3.214e-01  4.002e+00  4.985e-01  
4.153e-01  2.824e+00  4.235e+00  
3.250e-01  3.777e+00  2.072e+00  
3.266e-01  1.055e+00  5.800e+00  
2.387e-01  3.959e+00  1.197e+00  
2.604e-01  2.008e+00  5.245e+00  
2.088e-01  3.460e+00  3.153e+00  
1.685e-01  1.962e-01  6.036e+00  
1.875e-01  4.036e+00  3.346e-01  
1.155e-01  1.924e+00  5.349e+00  
