2.050e+00  5.031e-02  5.048e-02  
7.289e-02  4.050e+00  7.247e-02  
5.108e-02  5.089e-02  6.050e+00  
2.049e+00  1.274e-01  1.274e-01  
2.047e+00  2.627e-01  1.212e-01  
2.047e+00  1.455e-01  3.365e-01  
2.039e+00  4.581e-01  1.086e-01  
2.044e+00  2.552e-01  3.919e-01  
2.039e+00  4.384e-01  2.833e-01  
2.039e+00  1.368e-01  6.581e-01  
2.018e+00  7.604e-01  9.757e-02  
2.035e+00  4.152e-01  5.197e-01  
2.024e+00  6.681e-01  3.309e-01  
2.031e+00  2.320e-01  8.385e-01  
2.005e+00  8.840e-01  2.427e-01  
2.026e+00  3.958e-01  8.110e-01  
2.015e+00  7.074e-01  5.616e-01  
2.012e+00  1.272e-01  1.209e+00  
1.953e+00  1.278e+00  8.974e-02  
2.009e+00  6.944e-01  7.801e-01  
1.979e+00  1.073e+00  4.506e-01  
2.004e+00  3.813e-01  1.233e+00  
1.940e+00  1.346e+00  2.901e-01  
1.996e+00  6.187e-01  1.137e+00  
1.971e+00  1.064e+00  7.444e-01  
1.974e+00  2.176e-01  1.670e+00  
1.881e+00  1.658e+00  2.165e-01  
1.973e+00  8.386e-01  1.203e+00  
1.929e+00  1.346e+00  7.285e-01  
1.955e+00  3.758e-01  1.810e+00  
1.872e+00  1.671e+00  5.041e-01  
1.950e+00  6.823e-01  1.666e+00  
1.920e+00  1.271e+00  1.128e+00  
1.899e+00  1.226e-01  2.336e+00  
1.725e+00  2.234e+00  8.487e-02  
1.902e+00  1.282e+00  1.362e+00  
1.811e+00  1.893e+00  7.144e-01  
1.897e+00  6.896e-01  2.140e+00  
1.718e+00  2.244e+00  4.094e-01  
1.879e+00  1.092e+00  1.909e+00  
1.807e+00  1.808e+00  1.177e+00  
1.829e+00  3.806e-01  2.748e+00  
1.601e+00  2.571e+00  2.638e-01  
1.823e+00  1.415e+00  1.922e+00  
1.713e+00  2.163e+00  1.082e+00  
1.791e+00  6.354e-01  2.871e+00  
1.597e+00  2.549e+00  6.872e-01  
1.779e+00  1.126e+00  2.599e+00  
1.705e+00  2.017e+00  1.679e+00  
1.675e+00  2.215e-01  3.537e+00  
1.388e+00  3.022e+00  1.963e-01  
1.687e+00  1.840e+00  2.211e+00  
1.527e+00  2.646e+00  1.146e+00  
1.660e+00  8.975e-01  3.373e+00  
1.381e+00  3.008e+00  6.641e-01  
1.633e+00  1.495e+00  3.010e+00  
1.516e+00  2.496e+00  1.834e+00  
1.517e+00  3.927e-01  4.097e+00  
1.219e+00  3.284e+00  4.475e-01  
1.531e+00  1.913e+00  2.958e+00  
1.366e+00  2.871e+00  1.633e+00  
1.447e+00  7.326e-01  4.221e+00  
1.207e+00  3.248e+00  1.029e+00  
1.432e+00  1.428e+00  3.862e+00  
1.338e+00  2.644e+00  2.487e+00  
1.249e+00  1.236e-01  4.851e+00  
9.092e-01  3.662e+00  7.759e-02  
1.258e+00  2.677e+00  2.760e+00  
1.040e+00  3.436e+00  1.226e+00  
1.242e+00  1.438e+00  4.396e+00  
8.802e-01  3.670e+00  6.047e-01  
1.174e+00  2.222e+00  3.793e+00  
1.005e+00  3.298e+00  2.065e+00  
1.049e+00  7.236e-01  5.148e+00  
7.176e-01  3.816e+00  3.351e-01  
1.009e+00  2.679e+00  3.539e+00  
8.207e-01  3.571e+00  1.710e+00  
9.306e-01  1.171e+00  5.168e+00  
6.727e-01  3.802e+00  9.601e-01  
8.778e-01  2.051e+00  4.614e+00  
7.566e-01  3.349e+00  2.698e+00  
7.156e-01  3.737e-01  5.687e+00  
4.755e-01  3.957e+00  2.091e-01  
6.842e-01  3.042e+00  3.549e+00  
5.297e-01  3.798e+00  1.574e+00  
6.202e-01  1.475e+00  5.389e+00  
4.125e-01  3.950e+00  8.154e-01  
5.481e-01  2.392e+00  4.679e+00  
4.445e-01  3.597e+00  2.557e+00  
4.267e-01  5.982e-01  5.885e+00  
2.832e-01  4.011e+00  4.980e-01  
3.769e-01  2.831e+00  4.249e+00  
2.861e-01  3.785e+00  2.075e+00  
2.878e-01  1.055e+00  5.814e+00  
1.995e-01  3.965e+00  1.197e+00  
2.218e-01  2.009e+00  5.256e+00  
1.712e-01  3.463e+00  3.158e+00  
1.307e-01  1.937e-01  6.041e+00  
8.133e-02  4.049e+00  1.456e-01  
6.824e-02  3.237e+00  3.675e+00  
