2.050e+00  7.155e-02  
2.075e-01  4.038e+00  
2.050e+00  8.002e-02  
2.050e+00  9.926e-02  
2.050e+00  1.184e-01  
2.050e+00  1.393e-01  
2.049e+00  1.596e-01  
2.049e+00  1.806e-01  
2.049e+00  2.020e-01  
2.048e+00  2.238e-01  
2.048e+00  2.461e-01  
2.047e+00  2.689e-01  
2.046e+00  2.920e-01  
2.046e+00  3.160e-01  
2.045e+00  3.403e-01  
2.044e+00  3.652e-01  
2.043e+00  3.906e-01  
2.042e+00  4.165e-01  
2.040e+00  4.431e-01  
2.039e+00  4.703e-01  
2.037e+00  4.980e-01  
2.036e+00  5.263e-01  
2.034e+00  5.544e-01  
2.032e+00  5.854e-01  
2.030e+00  6.153e-01  
2.028e+00  6.463e-01  
2.025e+00  6.787e-01  
2.023e+00  7.114e-01  
2.020e+00  7.446e-01  
2.017e+00  7.788e-01  
2.013e+00  8.137e-01  
2.010e+00  8.495e-01  
2.006e+00  8.859e-01  
2.002e+00  9.236e-01  
1.997e+00  9.620e-01  
1.993e+00  1.001e+00  
1.988e+00  1.041e+00  
1.982e+00  1.082e+00  
1.977e+00  1.124e+00  
1.970e+00  1.167e+00  
1.964e+00  1.211e+00  
1.957e+00  1.256e+00  
1.950e+00  1.302e+00  
1.942e+00  1.349e+00  
1.933e+00  1.397e+00  
1.924e+00  1.446e+00  
1.915e+00  1.496e+00  
1.905e+00  1.547e+00  
1.894e+00  1.599e+00  
1.883e+00  1.652e+00  
1.871e+00  1.706e+00  
1.858e+00  1.761e+00  
1.844e+00  1.817e+00  
1.830e+00  1.874e+00  
1.815e+00  1.932e+00  
1.799e+00  1.991e+00  
1.782e+00  2.051e+00  
1.764e+00  2.111e+00  
1.745e+00  2.173e+00  
1.725e+00  2.235e+00  
1.705e+00  2.297e+00  
1.683e+00  2.360e+00  
1.660e+00  2.424e+00  
1.636e+00  2.488e+00  
1.611e+00  2.552e+00  
1.584e+00  2.616e+00  
1.557e+00  2.680e+00  
1.528e+00  2.745e+00  
1.498e+00  2.809e+00  
1.467e+00  2.872e+00  
1.435e+00  2.936e+00  
1.402e+00  2.998e+00  
1.367e+00  3.060e+00  
1.332e+00  3.121e+00  
1.295e+00  3.180e+00  
1.257e+00  3.239e+00  
1.219e+00  3.296e+00  
1.179e+00  3.352e+00  
1.139e+00  3.406e+00  
1.097e+00  3.458e+00  
1.055e+00  3.508e+00  
1.013e+00  3.556e+00  
9.692e-01  3.603e+00  
9.253e-01  3.647e+00  
8.811e-01  3.688e+00  
8.365e-01  3.728e+00  
7.916e-01  3.765e+00  
7.466e-01  3.800e+00  
7.014e-01  3.832e+00  
6.563e-01  3.862e+00  
6.113e-01  3.889e+00  
5.664e-01  3.914e+00  
5.218e-01  3.937e+00  
4.775e-01  3.958e+00  
4.336e-01  3.976e+00  
3.901e-01  3.992e+00  
3.471e-01  4.006e+00  
3.047e-01  4.018e+00  
2.629e-01  4.027e+00  
2.217e-01  4.035e+00  
