2.051e+00  5.611e-02  5.402e-02  
1.886e-01  4.040e+00  1.442e-01  
1.726e-01  1.325e-01  6.038e+00  
2.050e+00  1.306e-01  1.247e-01  
2.048e+00  2.628e-01  1.189e-01  
2.048e+00  1.445e-01  3.328e-01  
2.040e+00  4.524e-01  1.072e-01  
2.045e+00  2.552e-01  3.862e-01  
2.040e+00  4.335e-01  2.793e-01  
2.040e+00  1.396e-01  6.431e-01  
2.020e+00  7.498e-01  7.902e-02  
2.037e+00  4.115e-01  5.092e-01  
2.025e+00  6.597e-01  3.193e-01  
2.032e+00  2.257e-01  8.233e-01  
2.007e+00  8.706e-01  2.376e-01  
2.028e+00  3.928e-01  7.943e-01  
2.018e+00  6.949e-01  5.524e-01  
2.014e+00  1.174e-01  1.186e+00  
1.958e+00  1.256e+00  7.597e-02  
2.011e+00  6.854e-01  7.655e-01  
1.982e+00  1.056e+00  4.246e-01  
2.006e+00  3.788e-01  1.209e+00  
1.945e+00  1.323e+00  2.873e-01  
1.999e+00  6.079e-01  1.115e+00  
1.975e+00  1.047e+00  7.296e-01  
1.978e+00  2.171e-01  1.635e+00  
1.888e+00  1.628e+00  2.102e-01  
1.977e+00  8.224e-01  1.179e+00  
1.934e+00  1.323e+00  7.107e-01  
1.961e+00  3.496e-01  1.776e+00  
1.880e+00  1.641e+00  4.946e-01  
1.956e+00  6.644e-01  1.631e+00  
1.926e+00  1.251e+00  1.098e+00  
1.907e+00  1.218e-01  2.288e+00  
1.738e+00  2.198e+00  8.620e-02  
1.908e+00  1.261e+00  1.333e+00  
1.821e+00  1.859e+00  6.999e-01  
1.905e+00  6.781e-01  2.097e+00  
1.731e+00  2.208e+00  3.990e-01  
1.887e+00  1.070e+00  1.872e+00  
1.818e+00  1.777e+00  1.144e+00  
1.840e+00  3.747e-01  2.688e+00  
1.618e+00  2.531e+00  2.194e-01  
1.834e+00  1.394e+00  1.874e+00  
1.727e+00  2.126e+00  1.054e+00  
1.803e+00  6.284e-01  2.818e+00  
1.614e+00  2.509e+00  6.717e-01  
1.790e+00  1.111e+00  2.554e+00  
1.719e+00  1.984e+00  1.648e+00  
1.692e+00  2.162e-01  3.470e+00  
1.412e+00  2.980e+00  1.617e-01  
1.703e+00  1.813e+00  2.173e+00  
1.547e+00  2.605e+00  1.130e+00  
1.677e+00  8.761e-01  3.318e+00  
1.404e+00  2.967e+00  6.558e-01  
1.650e+00  1.474e+00  2.960e+00  
1.537e+00  2.458e+00  1.807e+00  
1.539e+00  3.852e-01  4.032e+00  
1.248e+00  3.243e+00  4.439e-01  
1.551e+00  1.888e+00  2.906e+00  
1.391e+00  2.833e+00  1.607e+00  
1.470e+00  7.208e-01  4.159e+00  
1.235e+00  3.208e+00  1.018e+00  
1.455e+00  1.411e+00  3.806e+00  
1.363e+00  2.610e+00  2.451e+00  
1.278e+00  1.286e-01  4.789e+00  
9.437e-01  3.629e+00  7.531e-02  
1.286e+00  2.646e+00  2.722e+00  
1.073e+00  3.401e+00  1.210e+00  
1.270e+00  1.423e+00  4.339e+00  
9.163e-01  3.637e+00  6.013e-01  
1.205e+00  2.198e+00  3.749e+00  
1.038e+00  3.267e+00  2.041e+00  
1.082e+00  7.206e-01  5.093e+00  
7.562e-01  3.788e+00  3.349e-01  
1.043e+00  2.653e+00  3.504e+00  
8.582e-01  3.541e+00  1.695e+00  
9.664e-01  1.164e+00  5.121e+00  
7.121e-01  3.776e+00  9.555e-01  
9.149e-01  2.035e+00  4.573e+00  
7.948e-01  3.324e+00  2.677e+00  
7.550e-01  3.685e-01  5.647e+00  
5.176e-01  3.938e+00  2.078e-01  
7.235e-01  3.023e+00  3.523e+00  
5.711e-01  3.778e+00  1.566e+00  
6.605e-01  1.471e+00  5.354e+00  
4.557e-01  3.934e+00  8.130e-01  
5.896e-01  2.382e+00  4.652e+00  
4.849e-01  3.583e+00  2.545e+00  
4.690e-01  5.977e-01  5.861e+00  
3.271e-01  4.000e+00  4.973e-01  
4.212e-01  2.823e+00  4.232e+00  
3.292e-01  3.776e+00  2.069e+00  
3.325e-01  1.056e+00  5.796e+00  
2.439e-01  3.957e+00  1.195e+00  
2.660e-01  2.008e+00  5.244e+00  
2.156e-01  3.460e+00  3.152e+00  
1.753e-01  1.960e-01  6.036e+00  
1.885e-01  4.036e+00  3.299e-01  
1.208e-01  2.019e+00  5.270e+00  
