2.054e+00  1.890e-01  
2.950e-01  4.051e+00  
2.053e+00  1.964e-01  
2.053e+00  2.152e-01  
2.052e+00  2.337e-01  
2.052e+00  2.524e-01  
2.051e+00  2.725e-01  
2.050e+00  2.895e-01  
2.050e+00  3.132e-01  
2.049e+00  3.343e-01  
2.048e+00  3.548e-01  
2.047e+00  3.763e-01  
2.046e+00  3.978e-01  
2.045e+00  4.213e-01  
2.044e+00  4.441e-01  
2.043e+00  4.677e-01  
2.041e+00  4.917e-01  
2.040e+00  5.164e-01  
2.038e+00  5.418e-01  
2.037e+00  5.674e-01  
2.035e+00  5.937e-01  
2.033e+00  6.206e-01  
2.031e+00  6.477e-01  
2.029e+00  6.759e-01  
2.026e+00  7.048e-01  
2.024e+00  7.339e-01  
2.021e+00  7.643e-01  
2.018e+00  7.940e-01  
2.015e+00  8.265e-01  
2.012e+00  8.587e-01  
2.009e+00  8.914e-01  
2.005e+00  9.251e-01  
2.001e+00  9.598e-01  
1.997e+00  9.946e-01  
1.993e+00  1.031e+00  
1.988e+00  1.068e+00  
1.983e+00  1.106e+00  
1.977e+00  1.144e+00  
1.972e+00  1.184e+00  
1.966e+00  1.223e+00  
1.959e+00  1.265e+00  
1.952e+00  1.308e+00  
1.945e+00  1.351e+00  
1.938e+00  1.395e+00  
1.929e+00  1.440e+00  
1.921e+00  1.486e+00  
1.912e+00  1.533e+00  
1.902e+00  1.582e+00  
1.892e+00  1.630e+00  
1.880e+00  1.680e+00  
1.869e+00  1.731e+00  
1.857e+00  1.783e+00  
1.844e+00  1.836e+00  
1.831e+00  1.890e+00  
1.816e+00  1.943e+00  
1.801e+00  1.999e+00  
1.785e+00  2.056e+00  
1.768e+00  2.113e+00  
1.751e+00  2.171e+00  
1.732e+00  2.229e+00  
1.713e+00  2.288e+00  
1.692e+00  2.348e+00  
1.671e+00  2.408e+00  
1.648e+00  2.469e+00  
1.625e+00  2.528e+00  
1.600e+00  2.591e+00  
1.573e+00  2.653e+00  
1.547e+00  2.714e+00  
1.520e+00  2.775e+00  
1.491e+00  2.836e+00  
1.460e+00  2.897e+00  
1.430e+00  2.957e+00  
1.397e+00  3.017e+00  
1.365e+00  3.076e+00  
1.330e+00  3.134e+00  
1.294e+00  3.191e+00  
1.258e+00  3.247e+00  
1.222e+00  3.301e+00  
1.184e+00  3.355e+00  
1.145e+00  3.407e+00  
1.106e+00  3.459e+00  
1.066e+00  3.506e+00  
1.025e+00  3.555e+00  
9.837e-01  3.601e+00  
9.434e-01  3.644e+00  
8.983e-01  3.687e+00  
8.560e-01  3.727e+00  
8.162e-01  3.760e+00  
7.717e-01  3.797e+00  
7.285e-01  3.828e+00  
6.855e-01  3.860e+00  
6.440e-01  3.888e+00  
6.009e-01  3.913e+00  
5.601e-01  3.936e+00  
5.175e-01  3.959e+00  
4.770e-01  3.980e+00  
4.356e-01  3.995e+00  
3.940e-01  4.013e+00  
3.510e-01  4.028e+00  
3.119e-01  4.042e+00  
