2.054e+00  2.033e-01  
2.336e-01  4.045e+00  
2.054e+00  2.072e-01  
2.053e+00  2.242e-01  
2.052e+00  2.497e-01  
2.051e+00  2.670e-01  
2.050e+00  2.891e-01  
2.050e+00  3.098e-01  
2.049e+00  3.304e-01  
2.048e+00  3.511e-01  
2.047e+00  3.730e-01  
2.046e+00  3.969e-01  
2.045e+00  4.181e-01  
2.044e+00  4.426e-01  
2.043e+00  4.666e-01  
2.041e+00  4.874e-01  
2.040e+00  5.146e-01  
2.038e+00  5.410e-01  
2.036e+00  5.661e-01  
2.035e+00  5.939e-01  
2.033e+00  6.210e-01  
2.031e+00  6.483e-01  
2.029e+00  6.767e-01  
2.026e+00  7.061e-01  
2.024e+00  7.357e-01  
2.021e+00  7.654e-01  
2.018e+00  7.967e-01  
2.015e+00  8.283e-01  
2.012e+00  8.610e-01  
2.008e+00  8.942e-01  
2.005e+00  9.286e-01  
2.001e+00  9.630e-01  
1.996e+00  9.987e-01  
1.992e+00  1.035e+00  
1.987e+00  1.071e+00  
1.982e+00  1.110e+00  
1.977e+00  1.149e+00  
1.971e+00  1.189e+00  
1.965e+00  1.229e+00  
1.958e+00  1.271e+00  
1.951e+00  1.314e+00  
1.944e+00  1.357e+00  
1.936e+00  1.402e+00  
1.928e+00  1.447e+00  
1.919e+00  1.493e+00  
1.910e+00  1.540e+00  
1.900e+00  1.588e+00  
1.890e+00  1.638e+00  
1.879e+00  1.687e+00  
1.867e+00  1.739e+00  
1.855e+00  1.791e+00  
1.842e+00  1.843e+00  
1.828e+00  1.897e+00  
1.814e+00  1.952e+00  
1.798e+00  2.008e+00  
1.782e+00  2.064e+00  
1.765e+00  2.121e+00  
1.747e+00  2.179e+00  
1.729e+00  2.238e+00  
1.709e+00  2.297e+00  
1.688e+00  2.357e+00  
1.667e+00  2.417e+00  
1.644e+00  2.478e+00  
1.620e+00  2.539e+00  
1.596e+00  2.600e+00  
1.569e+00  2.661e+00  
1.543e+00  2.723e+00  
1.515e+00  2.784e+00  
1.486e+00  2.845e+00  
1.455e+00  2.907e+00  
1.424e+00  2.967e+00  
1.392e+00  3.027e+00  
1.358e+00  3.085e+00  
1.324e+00  3.145e+00  
1.287e+00  3.204e+00  
1.253e+00  3.259e+00  
1.215e+00  3.314e+00  
1.177e+00  3.368e+00  
1.137e+00  3.419e+00  
1.097e+00  3.470e+00  
1.055e+00  3.517e+00  
1.013e+00  3.565e+00  
9.716e-01  3.609e+00  
9.282e-01  3.653e+00  
8.876e-01  3.692e+00  
8.451e-01  3.731e+00  
8.010e-01  3.767e+00  
7.597e-01  3.801e+00  
7.146e-01  3.832e+00  
6.709e-01  3.862e+00  
6.289e-01  3.889e+00  
5.842e-01  3.913e+00  
5.414e-01  3.937e+00  
4.993e-01  3.957e+00  
4.564e-01  3.975e+00  
4.154e-01  3.992e+00  
3.740e-01  4.006e+00  
3.317e-01  4.019e+00  
2.926e-01  4.030e+00  
2.531e-01  4.039e+00  
