2.054e+00  1.193e-01  
2.185e-01  4.041e+00  
2.053e+00  1.234e-01  
2.051e+00  1.432e-01  
2.050e+00  1.531e-01  
2.049e+00  1.841e-01  
2.049e+00  2.035e-01  
2.049e+00  2.252e-01  
2.048e+00  2.464e-01  
2.047e+00  2.682e-01  
2.047e+00  2.902e-01  
2.046e+00  3.128e-01  
2.045e+00  3.357e-01  
2.044e+00  3.594e-01  
2.043e+00  3.834e-01  
2.042e+00  4.081e-01  
2.041e+00  4.331e-01  
2.040e+00  4.588e-01  
2.039e+00  4.852e-01  
2.037e+00  5.120e-01  
2.035e+00  5.394e-01  
2.034e+00  5.675e-01  
2.032e+00  5.963e-01  
2.030e+00  6.256e-01  
2.027e+00  6.557e-01  
2.025e+00  6.865e-01  
2.022e+00  7.180e-01  
2.020e+00  7.502e-01  
2.017e+00  7.831e-01  
2.013e+00  8.169e-01  
2.010e+00  8.514e-01  
2.006e+00  8.866e-01  
2.002e+00  9.226e-01  
1.998e+00  9.597e-01  
1.994e+00  9.975e-01  
1.989e+00  1.036e+00  
1.984e+00  1.076e+00  
1.978e+00  1.116e+00  
1.972e+00  1.158e+00  
1.966e+00  1.200e+00  
1.959e+00  1.243e+00  
1.952e+00  1.288e+00  
1.945e+00  1.333e+00  
1.937e+00  1.379e+00  
1.928e+00  1.426e+00  
1.919e+00  1.475e+00  
1.910e+00  1.524e+00  
1.900e+00  1.574e+00  
1.889e+00  1.625e+00  
1.878e+00  1.677e+00  
1.866e+00  1.731e+00  
1.853e+00  1.784e+00  
1.839e+00  1.840e+00  
1.825e+00  1.896e+00  
1.810e+00  1.953e+00  
1.794e+00  2.011e+00  
1.777e+00  2.070e+00  
1.759e+00  2.129e+00  
1.741e+00  2.189e+00  
1.721e+00  2.250e+00  
1.700e+00  2.312e+00  
1.679e+00  2.374e+00  
1.656e+00  2.436e+00  
1.632e+00  2.500e+00  
1.607e+00  2.563e+00  
1.581e+00  2.626e+00  
1.554e+00  2.689e+00  
1.526e+00  2.752e+00  
1.497e+00  2.816e+00  
1.466e+00  2.878e+00  
1.435e+00  2.940e+00  
1.401e+00  3.003e+00  
1.367e+00  3.064e+00  
1.333e+00  3.123e+00  
1.297e+00  3.183e+00  
1.259e+00  3.241e+00  
1.221e+00  3.297e+00  
1.182e+00  3.352e+00  
1.142e+00  3.405e+00  
1.102e+00  3.457e+00  
1.060e+00  3.507e+00  
1.018e+00  3.556e+00  
9.753e-01  3.601e+00  
9.318e-01  3.645e+00  
8.874e-01  3.687e+00  
8.442e-01  3.726e+00  
8.008e-01  3.763e+00  
7.552e-01  3.798e+00  
7.107e-01  3.830e+00  
6.673e-01  3.859e+00  
6.228e-01  3.887e+00  
5.786e-01  3.913e+00  
5.329e-01  3.936e+00  
4.903e-01  3.957e+00  
4.473e-01  3.975e+00  
4.039e-01  3.992e+00  
3.619e-01  4.006e+00  
3.202e-01  4.018e+00  
2.782e-01  4.029e+00  
2.377e-01  4.037e+00  
