2.050e+00  5.024e-02  5.035e-02  
1.286e-01  4.047e+00  1.239e-01  
5.957e-02  5.488e-02  6.050e+00  
2.049e+00  1.272e-01  1.267e-01  
2.047e+00  2.614e-01  1.189e-01  
2.047e+00  1.453e-01  3.359e-01  
2.040e+00  4.573e-01  1.082e-01  
2.044e+00  2.548e-01  3.910e-01  
2.039e+00  4.377e-01  2.825e-01  
2.039e+00  1.361e-01  6.564e-01  
2.018e+00  7.590e-01  9.735e-02  
2.036e+00  4.144e-01  5.171e-01  
2.024e+00  6.668e-01  3.303e-01  
2.031e+00  2.315e-01  8.371e-01  
2.005e+00  8.816e-01  2.418e-01  
2.026e+00  3.942e-01  8.090e-01  
2.016e+00  7.062e-01  5.606e-01  
2.012e+00  1.258e-01  1.206e+00  
1.954e+00  1.275e+00  8.961e-02  
2.009e+00  6.929e-01  7.786e-01  
1.979e+00  1.071e+00  4.493e-01  
2.004e+00  3.806e-01  1.230e+00  
1.941e+00  1.344e+00  2.889e-01  
1.997e+00  6.165e-01  1.134e+00  
1.971e+00  1.062e+00  7.424e-01  
1.974e+00  2.151e-01  1.666e+00  
1.881e+00  1.654e+00  2.146e-01  
1.973e+00  8.374e-01  1.201e+00  
1.929e+00  1.344e+00  7.274e-01  
1.956e+00  3.752e-01  1.805e+00  
1.873e+00  1.668e+00  5.011e-01  
1.950e+00  6.809e-01  1.663e+00  
1.921e+00  1.268e+00  1.125e+00  
1.899e+00  1.215e-01  2.331e+00  
1.727e+00  2.231e+00  8.471e-02  
1.902e+00  1.280e+00  1.359e+00  
1.812e+00  1.889e+00  7.154e-01  
1.898e+00  6.874e-01  2.134e+00  
1.719e+00  2.241e+00  4.056e-01  
1.880e+00  1.090e+00  1.905e+00  
1.808e+00  1.805e+00  1.175e+00  
1.830e+00  3.782e-01  2.742e+00  
1.603e+00  2.567e+00  2.633e-01  
1.824e+00  1.413e+00  1.918e+00  
1.714e+00  2.159e+00  1.080e+00  
1.792e+00  6.340e-01  2.866e+00  
1.599e+00  2.545e+00  6.853e-01  
1.780e+00  1.125e+00  2.595e+00  
1.706e+00  2.013e+00  1.677e+00  
1.677e+00  2.195e-01  3.530e+00  
1.390e+00  3.017e+00  1.958e-01  
1.689e+00  1.837e+00  2.207e+00  
1.529e+00  2.642e+00  1.143e+00  
1.662e+00  8.958e-01  3.368e+00  
1.383e+00  3.004e+00  6.632e-01  
1.634e+00  1.492e+00  3.004e+00  
1.518e+00  2.492e+00  1.832e+00  
1.519e+00  3.916e-01  4.089e+00  
1.222e+00  3.280e+00  4.466e-01  
1.533e+00  1.911e+00  2.953e+00  
1.368e+00  2.867e+00  1.630e+00  
1.449e+00  7.311e-01  4.215e+00  
1.209e+00  3.244e+00  1.027e+00  
1.434e+00  1.427e+00  3.856e+00  
1.340e+00  2.641e+00  2.482e+00  
1.252e+00  1.223e-01  4.845e+00  
9.128e-01  3.659e+00  7.855e-02  
1.261e+00  2.673e+00  2.756e+00  
1.043e+00  3.433e+00  1.225e+00  
1.244e+00  1.436e+00  4.390e+00  
8.837e-01  3.667e+00  6.041e-01  
1.178e+00  2.220e+00  3.787e+00  
1.008e+00  3.295e+00  2.063e+00  
1.052e+00  7.232e-01  5.143e+00  
7.215e-01  3.813e+00  3.346e-01  
1.012e+00  2.676e+00  3.535e+00  
8.247e-01  3.568e+00  1.708e+00  
9.336e-01  1.170e+00  5.164e+00  
6.767e-01  3.800e+00  9.603e-01  
8.814e-01  2.048e+00  4.611e+00  
7.603e-01  3.347e+00  2.697e+00  
7.194e-01  3.744e-01  5.683e+00  
4.798e-01  3.955e+00  2.089e-01  
6.884e-01  3.039e+00  3.546e+00  
5.338e-01  3.796e+00  1.573e+00  
6.248e-01  1.475e+00  5.384e+00  
4.176e-01  3.949e+00  8.153e-01  
5.515e-01  2.391e+00  4.677e+00  
4.487e-01  3.596e+00  2.556e+00  
4.307e-01  5.980e-01  5.883e+00  
2.879e-01  4.010e+00  4.978e-01  
3.813e-01  2.830e+00  4.248e+00  
2.912e-01  3.784e+00  2.075e+00  
2.935e-01  1.054e+00  5.812e+00  
2.044e-01  3.964e+00  1.197e+00  
2.263e-01  2.009e+00  5.255e+00  
1.750e-01  3.463e+00  3.157e+00  
1.352e-01  1.932e-01  6.041e+00  
1.285e-01  4.044e+00  2.710e-01  
8.193e-02  1.645e+00  5.552e+00  
