2.013e+00  1.360e-02  1.363e-02  
1.968e-02  4.013e+00  1.916e-02  
4.508e-02  4.475e-02  6.013e+00  
2.013e+00  9.073e-02  9.069e-02  
2.010e+00  2.261e-01  8.432e-02  
2.011e+00  1.089e-01  2.998e-01  
2.003e+00  4.215e-01  7.111e-02  
2.008e+00  2.187e-01  3.555e-01  
2.002e+00  4.019e-01  2.457e-01  
2.003e+00  1.001e-01  6.213e-01  
1.982e+00  7.240e-01  6.058e-02  
1.999e+00  3.786e-01  4.830e-01  
1.987e+00  6.314e-01  2.943e-01  
1.994e+00  1.954e-01  8.022e-01  
1.968e+00  8.474e-01  2.058e-01  
1.990e+00  3.592e-01  7.741e-01  
1.979e+00  6.711e-01  5.250e-01  
1.975e+00  8.962e-02  1.173e+00  
1.917e+00  1.241e+00  5.306e-02  
1.972e+00  6.578e-01  7.436e-01  
1.942e+00  1.037e+00  4.139e-01  
1.967e+00  3.446e-01  1.197e+00  
1.904e+00  1.310e+00  2.533e-01  
1.960e+00  5.824e-01  1.100e+00  
1.934e+00  1.028e+00  7.069e-01  
1.937e+00  1.809e-01  1.633e+00  
1.844e+00  1.621e+00  1.798e-01  
1.936e+00  8.025e-01  1.166e+00  
1.892e+00  1.310e+00  6.926e-01  
1.919e+00  3.392e-01  1.773e+00  
1.836e+00  1.634e+00  4.670e-01  
1.913e+00  6.452e-01  1.629e+00  
1.884e+00  1.234e+00  1.091e+00  
1.862e+00  8.591e-02  2.299e+00  
1.689e+00  2.198e+00  4.799e-02  
1.865e+00  1.246e+00  1.325e+00  
1.775e+00  1.856e+00  6.800e-01  
1.861e+00  6.528e-01  2.102e+00  
1.681e+00  2.208e+00  3.725e-01  
1.842e+00  1.056e+00  1.872e+00  
1.770e+00  1.772e+00  1.141e+00  
1.792e+00  3.446e-01  2.710e+00  
1.565e+00  2.535e+00  2.271e-01  
1.787e+00  1.379e+00  1.885e+00  
1.677e+00  2.126e+00  1.045e+00  
1.754e+00  5.990e-01  2.835e+00  
1.561e+00  2.512e+00  6.503e-01  
1.742e+00  1.090e+00  2.563e+00  
1.668e+00  1.980e+00  1.643e+00  
1.639e+00  1.845e-01  3.499e+00  
1.351e+00  2.985e+00  1.596e-01  
1.650e+00  1.804e+00  2.174e+00  
1.490e+00  2.610e+00  1.110e+00  
1.624e+00  8.608e-01  3.337e+00  
1.344e+00  2.972e+00  6.272e-01  
1.596e+00  1.459e+00  2.972e+00  
1.480e+00  2.459e+00  1.798e+00  
1.480e+00  3.564e-01  4.059e+00  
1.183e+00  3.247e+00  4.105e-01  
1.494e+00  1.877e+00  2.921e+00  
1.330e+00  2.834e+00  1.596e+00  
1.410e+00  6.955e-01  4.184e+00  
1.170e+00  3.211e+00  9.923e-01  
1.396e+00  1.392e+00  3.825e+00  
1.301e+00  2.607e+00  2.450e+00  
1.212e+00  8.935e-02  4.814e+00  
8.727e-01  3.625e+00  4.186e-02  
1.221e+00  2.640e+00  2.723e+00  
1.003e+00  3.400e+00  1.190e+00  
1.205e+00  1.402e+00  4.359e+00  
8.436e-01  3.634e+00  5.678e-01  
1.138e+00  2.186e+00  3.756e+00  
9.682e-01  3.261e+00  2.028e+00  
1.013e+00  6.898e-01  5.111e+00  
6.811e-01  3.779e+00  2.978e-01  
9.725e-01  2.642e+00  3.503e+00  
7.845e-01  3.535e+00  1.673e+00  
8.939e-01  1.134e+00  5.132e+00  
6.362e-01  3.766e+00  9.240e-01  
8.413e-01  2.012e+00  4.579e+00  
7.200e-01  3.313e+00  2.662e+00  
6.791e-01  3.394e-01  5.650e+00  
4.390e-01  3.920e+00  1.722e-01  
6.477e-01  3.005e+00  3.512e+00  
4.933e-01  3.761e+00  1.537e+00  
5.841e-01  1.440e+00  5.351e+00  
3.768e-01  3.914e+00  7.789e-01  
5.115e-01  2.355e+00  4.643e+00  
4.081e-01  3.561e+00  2.520e+00  
3.897e-01  5.615e-01  5.849e+00  
2.469e-01  3.975e+00  4.612e-01  
3.409e-01  2.795e+00  4.212e+00  
2.503e-01  3.749e+00  2.039e+00  
2.526e-01  1.018e+00  5.777e+00  
1.637e-01  3.928e+00  1.160e+00  
1.859e-01  1.972e+00  5.219e+00  
1.347e-01  3.427e+00  3.121e+00  
9.429e-02  1.572e-01  6.005e+00  
4.581e-02  4.012e+00  1.093e-01  
2.371e-02  3.241e+00  3.558e+00  
