2.007e+00  7.684e-03  
1.227e-01  4.000e+00  
2.007e+00  1.682e-02  
2.007e+00  3.671e-02  
2.007e+00  5.625e-02  
2.006e+00  7.716e-02  
2.006e+00  9.795e-02  
2.006e+00  1.195e-01  
2.006e+00  1.413e-01  
2.005e+00  1.636e-01  
2.005e+00  1.862e-01  
2.004e+00  2.095e-01  
2.004e+00  2.331e-01  
2.003e+00  2.575e-01  
2.002e+00  2.824e-01  
2.001e+00  3.076e-01  
2.000e+00  3.335e-01  
1.999e+00  3.600e-01  
1.998e+00  3.872e-01  
1.996e+00  4.149e-01  
1.995e+00  4.433e-01  
1.993e+00  4.721e-01  
1.991e+00  5.019e-01  
1.989e+00  5.321e-01  
1.987e+00  5.631e-01  
1.985e+00  5.948e-01  
1.983e+00  6.273e-01  
1.980e+00  6.608e-01  
1.977e+00  6.948e-01  
1.974e+00  7.297e-01  
1.970e+00  7.653e-01  
1.967e+00  8.018e-01  
1.963e+00  8.389e-01  
1.959e+00  8.773e-01  
1.954e+00  9.163e-01  
1.950e+00  9.564e-01  
1.945e+00  9.973e-01  
1.939e+00  1.039e+00  
1.933e+00  1.082e+00  
1.927e+00  1.126e+00  
1.920e+00  1.171e+00  
1.913e+00  1.216e+00  
1.906e+00  1.263e+00  
1.897e+00  1.311e+00  
1.889e+00  1.360e+00  
1.880e+00  1.410e+00  
1.870e+00  1.461e+00  
1.860e+00  1.513e+00  
1.849e+00  1.566e+00  
1.837e+00  1.620e+00  
1.825e+00  1.675e+00  
1.811e+00  1.731e+00  
1.798e+00  1.788e+00  
1.783e+00  1.846e+00  
1.767e+00  1.905e+00  
1.751e+00  1.965e+00  
1.733e+00  2.025e+00  
1.715e+00  2.087e+00  
1.696e+00  2.149e+00  
1.675e+00  2.212e+00  
1.654e+00  2.275e+00  
1.632e+00  2.339e+00  
1.608e+00  2.404e+00  
1.583e+00  2.469e+00  
1.557e+00  2.533e+00  
1.530e+00  2.598e+00  
1.502e+00  2.663e+00  
1.473e+00  2.728e+00  
1.442e+00  2.793e+00  
1.410e+00  2.857e+00  
1.377e+00  2.920e+00  
1.343e+00  2.983e+00  
1.308e+00  3.045e+00  
1.271e+00  3.106e+00  
1.234e+00  3.166e+00  
1.195e+00  3.224e+00  
1.155e+00  3.282e+00  
1.115e+00  3.337e+00  
1.073e+00  3.390e+00  
1.031e+00  3.442e+00  
9.883e-01  3.492e+00  
9.447e-01  3.540e+00  
9.004e-01  3.585e+00  
8.557e-01  3.629e+00  
8.107e-01  3.669e+00  
7.653e-01  3.708e+00  
7.197e-01  3.744e+00  
6.739e-01  3.778e+00  
6.281e-01  3.809e+00  
5.823e-01  3.838e+00  
5.366e-01  3.864e+00  
4.912e-01  3.888e+00  
4.460e-01  3.909e+00  
4.012e-01  3.928e+00  
3.568e-01  3.945e+00  
3.129e-01  3.960e+00  
2.695e-01  3.972e+00  
2.267e-01  3.983e+00  
1.845e-01  3.991e+00  
1.377e-01  3.998e+00  
