2.009e+00  9.401e-03  
1.642e-01  3.997e+00  
2.009e+00  1.632e-02  
2.009e+00  3.659e-02  
2.008e+00  5.672e-02  
2.008e+00  7.746e-02  
2.008e+00  9.793e-02  
2.008e+00  1.184e-01  
2.008e+00  1.394e-01  
2.007e+00  1.619e-01  
2.007e+00  1.841e-01  
2.006e+00  2.067e-01  
2.006e+00  2.301e-01  
2.005e+00  2.537e-01  
2.004e+00  2.779e-01  
2.003e+00  3.026e-01  
2.002e+00  3.284e-01  
2.001e+00  3.542e-01  
2.000e+00  3.807e-01  
1.999e+00  4.078e-01  
1.997e+00  4.357e-01  
1.996e+00  4.641e-01  
1.994e+00  4.930e-01  
1.992e+00  5.229e-01  
1.990e+00  5.533e-01  
1.988e+00  5.842e-01  
1.985e+00  6.162e-01  
1.983e+00  6.487e-01  
1.980e+00  6.822e-01  
1.977e+00  7.163e-01  
1.974e+00  7.513e-01  
1.970e+00  7.869e-01  
1.967e+00  8.236e-01  
1.963e+00  8.609e-01  
1.958e+00  8.994e-01  
1.954e+00  9.387e-01  
1.949e+00  9.788e-01  
1.944e+00  1.020e+00  
1.938e+00  1.062e+00  
1.932e+00  1.105e+00  
1.926e+00  1.149e+00  
1.919e+00  1.194e+00  
1.912e+00  1.240e+00  
1.904e+00  1.287e+00  
1.896e+00  1.335e+00  
1.887e+00  1.384e+00  
1.877e+00  1.434e+00  
1.867e+00  1.485e+00  
1.857e+00  1.537e+00  
1.846e+00  1.591e+00  
1.834e+00  1.645e+00  
1.821e+00  1.700e+00  
1.808e+00  1.756e+00  
1.793e+00  1.814e+00  
1.779e+00  1.872e+00  
1.763e+00  1.931e+00  
1.746e+00  1.991e+00  
1.728e+00  2.052e+00  
1.710e+00  2.113e+00  
1.690e+00  2.175e+00  
1.669e+00  2.238e+00  
1.648e+00  2.302e+00  
1.625e+00  2.365e+00  
1.601e+00  2.430e+00  
1.576e+00  2.494e+00  
1.550e+00  2.559e+00  
1.522e+00  2.624e+00  
1.494e+00  2.688e+00  
1.464e+00  2.753e+00  
1.433e+00  2.817e+00  
1.401e+00  2.881e+00  
1.368e+00  2.944e+00  
1.333e+00  3.006e+00  
1.298e+00  3.067e+00  
1.261e+00  3.128e+00  
1.223e+00  3.187e+00  
1.185e+00  3.244e+00  
1.145e+00  3.300e+00  
1.104e+00  3.355e+00  
1.063e+00  3.408e+00  
1.021e+00  3.458e+00  
9.782e-01  3.507e+00  
9.348e-01  3.554e+00  
8.908e-01  3.599e+00  
8.465e-01  3.641e+00  
8.018e-01  3.681e+00  
7.568e-01  3.718e+00  
7.116e-01  3.753e+00  
6.663e-01  3.786e+00  
6.210e-01  3.817e+00  
5.759e-01  3.844e+00  
5.308e-01  3.870e+00  
4.860e-01  3.893e+00  
4.415e-01  3.914e+00  
3.974e-01  3.932e+00  
3.537e-01  3.949e+00  
3.106e-01  3.963e+00  
2.679e-01  3.975e+00  
2.259e-01  3.985e+00  
1.843e-01  3.993e+00  
