2.017e+00  1.748e-02  1.754e-02  
2.539e-02  4.017e+00  2.474e-02  
2.115e-02  2.077e-02  6.017e+00  
2.017e+00  9.462e-02  9.467e-02  
2.014e+00  2.300e-01  8.821e-02  
2.014e+00  1.127e-01  3.037e-01  
2.007e+00  4.254e-01  7.561e-02  
2.011e+00  2.225e-01  3.594e-01  
2.006e+00  4.056e-01  2.504e-01  
2.007e+00  1.040e-01  6.252e-01  
1.985e+00  7.278e-01  6.472e-02  
2.003e+00  3.825e-01  4.869e-01  
1.991e+00  6.353e-01  2.982e-01  
1.998e+00  1.993e-01  8.062e-01  
1.972e+00  8.513e-01  2.098e-01  
1.994e+00  3.630e-01  7.781e-01  
1.983e+00  6.750e-01  5.289e-01  
1.979e+00  9.447e-02  1.177e+00  
1.921e+00  1.245e+00  5.690e-02  
1.976e+00  6.616e-01  7.477e-01  
1.946e+00  1.041e+00  4.178e-01  
1.971e+00  3.486e-01  1.201e+00  
1.908e+00  1.313e+00  2.573e-01  
1.964e+00  5.863e-01  1.104e+00  
1.938e+00  1.032e+00  7.114e-01  
1.941e+00  1.847e-01  1.637e+00  
1.848e+00  1.625e+00  1.836e-01  
1.940e+00  8.063e-01  1.170e+00  
1.896e+00  1.314e+00  6.964e-01  
1.922e+00  3.416e-01  1.777e+00  
1.839e+00  1.638e+00  4.712e-01  
1.917e+00  6.496e-01  1.633e+00  
1.888e+00  1.239e+00  1.095e+00  
1.866e+00  9.099e-02  2.303e+00  
1.693e+00  2.202e+00  5.191e-02  
1.869e+00  1.250e+00  1.329e+00  
1.778e+00  1.860e+00  6.839e-01  
1.865e+00  6.551e-01  2.107e+00  
1.685e+00  2.212e+00  3.762e-01  
1.846e+00  1.059e+00  1.876e+00  
1.774e+00  1.776e+00  1.145e+00  
1.796e+00  3.484e-01  2.714e+00  
1.568e+00  2.538e+00  2.305e-01  
1.791e+00  1.383e+00  1.889e+00  
1.680e+00  2.130e+00  1.048e+00  
1.758e+00  6.028e-01  2.838e+00  
1.565e+00  2.516e+00  6.544e-01  
1.746e+00  1.094e+00  2.567e+00  
1.672e+00  1.984e+00  1.646e+00  
1.643e+00  1.884e-01  3.504e+00  
1.355e+00  2.989e+00  1.635e-01  
1.654e+00  1.808e+00  2.178e+00  
1.494e+00  2.614e+00  1.113e+00  
1.628e+00  8.644e-01  3.341e+00  
1.348e+00  2.975e+00  6.312e-01  
1.600e+00  1.462e+00  2.976e+00  
1.484e+00  2.463e+00  1.802e+00  
1.484e+00  3.601e-01  4.064e+00  
1.187e+00  3.251e+00  4.145e-01  
1.498e+00  1.881e+00  2.925e+00  
1.334e+00  2.838e+00  1.600e+00  
1.414e+00  6.991e-01  4.189e+00  
1.174e+00  3.215e+00  9.959e-01  
1.399e+00  1.396e+00  3.829e+00  
1.305e+00  2.611e+00  2.454e+00  
1.216e+00  9.026e-02  4.818e+00  
8.766e-01  3.629e+00  4.574e-02  
1.225e+00  2.644e+00  2.727e+00  
1.007e+00  3.403e+00  1.193e+00  
1.209e+00  1.406e+00  4.363e+00  
8.475e-01  3.638e+00  5.718e-01  
1.142e+00  2.189e+00  3.760e+00  
9.721e-01  3.265e+00  2.032e+00  
1.016e+00  6.934e-01  5.115e+00  
6.850e-01  3.783e+00  3.020e-01  
9.763e-01  2.646e+00  3.506e+00  
7.885e-01  3.538e+00  1.676e+00  
8.978e-01  1.138e+00  5.136e+00  
6.401e-01  3.770e+00  9.281e-01  
8.451e-01  2.017e+00  4.582e+00  
7.240e-01  3.316e+00  2.666e+00  
6.831e-01  3.433e-01  5.654e+00  
4.429e-01  3.924e+00  1.761e-01  
6.515e-01  3.009e+00  3.516e+00  
4.970e-01  3.765e+00  1.541e+00  
5.879e-01  1.444e+00  5.355e+00  
3.807e-01  3.918e+00  7.821e-01  
5.155e-01  2.359e+00  4.646e+00  
4.119e-01  3.565e+00  2.524e+00  
3.940e-01  5.658e-01  5.852e+00  
2.509e-01  3.979e+00  4.651e-01  
3.451e-01  2.798e+00  4.216e+00  
2.541e-01  3.753e+00  2.043e+00  
2.563e-01  1.022e+00  5.781e+00  
1.676e-01  3.932e+00  1.164e+00  
1.880e-01  1.976e+00  5.223e+00  
1.386e-01  3.430e+00  3.125e+00  
9.812e-02  1.611e-01  6.009e+00  
4.972e-02  4.016e+00  1.133e-01  
3.520e-02  3.244e+00  3.562e+00  
