2.010e+00  1.395e-02  
2.370e-02  4.010e+00  
2.009e+00  2.317e-02  
2.009e+00  4.372e-02  
2.009e+00  6.310e-02  
2.008e+00  8.573e-02  
2.008e+00  1.087e-01  
2.008e+00  1.315e-01  
2.008e+00  1.546e-01  
2.007e+00  1.780e-01  
2.007e+00  2.018e-01  
2.006e+00  2.264e-01  
2.005e+00  2.512e-01  
2.004e+00  2.769e-01  
2.003e+00  3.030e-01  
2.002e+00  3.296e-01  
2.001e+00  3.569e-01  
2.000e+00  3.841e-01  
1.999e+00  4.135e-01  
1.997e+00  4.425e-01  
1.995e+00  4.722e-01  
1.994e+00  5.028e-01  
1.992e+00  5.339e-01  
1.989e+00  5.659e-01  
1.987e+00  5.983e-01  
1.985e+00  6.321e-01  
1.982e+00  6.660e-01  
1.979e+00  7.012e-01  
1.976e+00  7.367e-01  
1.972e+00  7.735e-01  
1.968e+00  8.111e-01  
1.965e+00  8.493e-01  
1.960e+00  8.873e-01  
1.956e+00  9.287e-01  
1.951e+00  9.692e-01  
1.945e+00  1.012e+00  
1.940e+00  1.054e+00  
1.934e+00  1.098e+00  
1.927e+00  1.143e+00  
1.920e+00  1.189e+00  
1.913e+00  1.236e+00  
1.905e+00  1.283e+00  
1.897e+00  1.333e+00  
1.888e+00  1.383e+00  
1.878e+00  1.434e+00  
1.868e+00  1.485e+00  
1.857e+00  1.538e+00  
1.846e+00  1.593e+00  
1.834e+00  1.647e+00  
1.821e+00  1.703e+00  
1.807e+00  1.761e+00  
1.793e+00  1.819e+00  
1.778e+00  1.877e+00  
1.761e+00  1.938e+00  
1.744e+00  1.998e+00  
1.726e+00  2.060e+00  
1.707e+00  2.123e+00  
1.687e+00  2.186e+00  
1.666e+00  2.250e+00  
1.644e+00  2.314e+00  
1.621e+00  2.379e+00  
1.596e+00  2.444e+00  
1.571e+00  2.509e+00  
1.544e+00  2.574e+00  
1.516e+00  2.640e+00  
1.487e+00  2.706e+00  
1.456e+00  2.771e+00  
1.425e+00  2.836e+00  
1.392e+00  2.901e+00  
1.357e+00  2.965e+00  
1.322e+00  3.028e+00  
1.285e+00  3.090e+00  
1.248e+00  3.151e+00  
1.209e+00  3.211e+00  
1.169e+00  3.270e+00  
1.128e+00  3.325e+00  
1.086e+00  3.382e+00  
1.043e+00  3.434e+00  
9.993e-01  3.485e+00  
9.551e-01  3.535e+00  
9.087e-01  3.583e+00  
8.639e-01  3.627e+00  
8.181e-01  3.668e+00  
7.717e-01  3.708e+00  
7.247e-01  3.745e+00  
6.777e-01  3.780e+00  
6.305e-01  3.812e+00  
5.831e-01  3.842e+00  
5.355e-01  3.869e+00  
4.892e-01  3.893e+00  
4.423e-01  3.915e+00  
3.960e-01  3.934e+00  
3.499e-01  3.951e+00  
3.044e-01  3.966e+00  
2.590e-01  3.978e+00  
2.149e-01  3.988e+00  
1.703e-01  3.996e+00  
1.277e-01  4.002e+00  
8.490e-02  4.007e+00  
4.333e-02  4.009e+00  
