2.011e+00  1.134e-02  
1.707e-01  3.998e+00  
2.011e+00  2.015e-02  
2.011e+00  3.966e-02  
2.010e+00  5.897e-02  
2.010e+00  7.801e-02  
2.010e+00  9.965e-02  
2.010e+00  1.202e-01  
2.009e+00  1.416e-01  
2.009e+00  1.630e-01  
2.009e+00  1.855e-01  
2.008e+00  2.083e-01  
2.008e+00  2.315e-01  
2.007e+00  2.552e-01  
2.006e+00  2.795e-01  
2.005e+00  3.042e-01  
2.004e+00  3.296e-01  
2.003e+00  3.555e-01  
2.002e+00  3.819e-01  
2.001e+00  4.090e-01  
1.999e+00  4.367e-01  
1.998e+00  4.650e-01  
1.996e+00  4.940e-01  
1.994e+00  5.237e-01  
1.992e+00  5.540e-01  
1.990e+00  5.851e-01  
1.987e+00  6.169e-01  
1.985e+00  6.494e-01  
1.982e+00  6.826e-01  
1.979e+00  7.167e-01  
1.976e+00  7.516e-01  
1.973e+00  7.872e-01  
1.969e+00  8.238e-01  
1.965e+00  8.611e-01  
1.961e+00  8.994e-01  
1.956e+00  9.386e-01  
1.951e+00  9.785e-01  
1.946e+00  1.020e+00  
1.940e+00  1.062e+00  
1.934e+00  1.104e+00  
1.928e+00  1.148e+00  
1.921e+00  1.193e+00  
1.914e+00  1.239e+00  
1.906e+00  1.286e+00  
1.898e+00  1.334e+00  
1.889e+00  1.383e+00  
1.880e+00  1.433e+00  
1.870e+00  1.484e+00  
1.859e+00  1.536e+00  
1.848e+00  1.589e+00  
1.836e+00  1.643e+00  
1.824e+00  1.699e+00  
1.810e+00  1.755e+00  
1.796e+00  1.812e+00  
1.781e+00  1.870e+00  
1.766e+00  1.929e+00  
1.749e+00  1.989e+00  
1.731e+00  2.049e+00  
1.713e+00  2.111e+00  
1.693e+00  2.173e+00  
1.673e+00  2.236e+00  
1.651e+00  2.299e+00  
1.628e+00  2.363e+00  
1.604e+00  2.427e+00  
1.579e+00  2.492e+00  
1.553e+00  2.556e+00  
1.526e+00  2.621e+00  
1.498e+00  2.686e+00  
1.468e+00  2.750e+00  
1.437e+00  2.814e+00  
1.405e+00  2.878e+00  
1.372e+00  2.941e+00  
1.338e+00  3.003e+00  
1.302e+00  3.065e+00  
1.266e+00  3.125e+00  
1.228e+00  3.184e+00  
1.189e+00  3.242e+00  
1.150e+00  3.298e+00  
1.110e+00  3.353e+00  
1.068e+00  3.406e+00  
1.026e+00  3.456e+00  
9.836e-01  3.505e+00  
9.402e-01  3.552e+00  
8.964e-01  3.597e+00  
8.521e-01  3.639e+00  
8.074e-01  3.679e+00  
7.625e-01  3.717e+00  
7.174e-01  3.752e+00  
6.722e-01  3.785e+00  
6.270e-01  3.816e+00  
5.819e-01  3.844e+00  
5.369e-01  3.870e+00  
4.921e-01  3.893e+00  
4.476e-01  3.914e+00  
4.036e-01  3.933e+00  
3.599e-01  3.949e+00  
3.168e-01  3.963e+00  
2.742e-01  3.976e+00  
2.322e-01  3.986e+00  
1.907e-01  3.994e+00  
