2.021e+00  4.178e-02  
4.474e-01  3.921e+00  
2.018e+00  4.751e-02  
2.016e+00  6.519e-02  
2.015e+00  7.731e-02  
2.015e+00  9.704e-02  
2.014e+00  1.144e-01  
2.013e+00  1.307e-01  
2.013e+00  1.504e-01  
2.013e+00  1.697e-01  
2.012e+00  1.874e-01  
2.012e+00  2.068e-01  
2.011e+00  2.258e-01  
2.011e+00  2.458e-01  
2.010e+00  2.649e-01  
2.009e+00  2.838e-01  
2.009e+00  3.041e-01  
2.008e+00  3.330e-01  
2.007e+00  3.532e-01  
2.006e+00  3.731e-01  
2.004e+00  4.013e-01  
2.003e+00  4.275e-01  
2.001e+00  4.517e-01  
2.000e+00  4.757e-01  
1.998e+00  5.008e-01  
1.997e+00  5.318e-01  
1.995e+00  5.528e-01  
1.993e+00  5.793e-01  
1.991e+00  6.088e-01  
1.989e+00  6.417e-01  
1.985e+00  6.669e-01  
1.983e+00  7.031e-01  
1.980e+00  7.311e-01  
1.977e+00  7.634e-01  
1.974e+00  7.940e-01  
1.970e+00  8.339e-01  
1.966e+00  8.694e-01  
1.963e+00  9.016e-01  
1.958e+00  9.404e-01  
1.954e+00  9.773e-01  
1.949e+00  1.016e+00  
1.944e+00  1.055e+00  
1.938e+00  1.095e+00  
1.933e+00  1.136e+00  
1.927e+00  1.172e+00  
1.920e+00  1.219e+00  
1.913e+00  1.257e+00  
1.905e+00  1.303e+00  
1.895e+00  1.353e+00  
1.887e+00  1.400e+00  
1.878e+00  1.448e+00  
1.867e+00  1.496e+00  
1.858e+00  1.543e+00  
1.846e+00  1.596e+00  
1.835e+00  1.649e+00  
1.823e+00  1.702e+00  
1.809e+00  1.754e+00  
1.796e+00  1.807e+00  
1.782e+00  1.864e+00  
1.767e+00  1.921e+00  
1.751e+00  1.978e+00  
1.733e+00  2.036e+00  
1.716e+00  2.096e+00  
1.697e+00  2.156e+00  
1.678e+00  2.216e+00  
1.657e+00  2.277e+00  
1.635e+00  2.339e+00  
1.613e+00  2.400e+00  
1.589e+00  2.462e+00  
1.564e+00  2.524e+00  
1.538e+00  2.587e+00  
1.511e+00  2.650e+00  
1.484e+00  2.712e+00  
1.455e+00  2.774e+00  
1.425e+00  2.835e+00  
1.393e+00  2.896e+00  
1.362e+00  2.956e+00  
1.329e+00  3.016e+00  
1.294e+00  3.074e+00  
1.260e+00  3.131e+00  
1.224e+00  3.188e+00  
1.187e+00  3.243e+00  
1.149e+00  3.295e+00  
1.111e+00  3.347e+00  
1.073e+00  3.397e+00  
1.033e+00  3.446e+00  
9.924e-01  3.492e+00  
9.531e-01  3.536e+00  
9.123e-01  3.579e+00  
8.712e-01  3.619e+00  
8.302e-01  3.658e+00  
7.891e-01  3.694e+00  
7.476e-01  3.728e+00  
7.061e-01  3.760e+00  
6.642e-01  3.790e+00  
6.237e-01  3.817e+00  
5.827e-01  3.844e+00  
5.422e-01  3.867e+00  
5.021e-01  3.891e+00  
4.619e-01  3.911e+00  
