2.012e+00  2.158e-02  
3.373e-01  3.960e+00  
2.011e+00  2.819e-02  
2.011e+00  4.586e-02  
2.011e+00  6.464e-02  
2.010e+00  8.141e-02  
2.010e+00  9.375e-02  
2.010e+00  1.155e-01  
2.010e+00  1.396e-01  
2.009e+00  1.575e-01  
2.009e+00  1.801e-01  
2.009e+00  1.951e-01  
2.008e+00  2.216e-01  
2.008e+00  2.360e-01  
2.007e+00  2.653e-01  
2.006e+00  2.822e-01  
2.005e+00  3.054e-01  
2.005e+00  3.338e-01  
2.004e+00  3.582e-01  
2.003e+00  3.824e-01  
2.001e+00  4.042e-01  
2.000e+00  4.319e-01  
1.999e+00  4.608e-01  
1.997e+00  4.854e-01  
1.996e+00  5.147e-01  
1.994e+00  5.400e-01  
1.991e+00  5.726e-01  
1.989e+00  5.976e-01  
1.987e+00  6.316e-01  
1.984e+00  6.635e-01  
1.982e+00  6.929e-01  
1.979e+00  7.210e-01  
1.976e+00  7.615e-01  
1.972e+00  7.949e-01  
1.969e+00  8.294e-01  
1.965e+00  8.615e-01  
1.961e+00  9.026e-01  
1.956e+00  9.386e-01  
1.952e+00  9.778e-01  
1.947e+00  1.017e+00  
1.941e+00  1.059e+00  
1.936e+00  1.100e+00  
1.930e+00  1.143e+00  
1.923e+00  1.184e+00  
1.916e+00  1.229e+00  
1.909e+00  1.273e+00  
1.901e+00  1.321e+00  
1.893e+00  1.369e+00  
1.884e+00  1.414e+00  
1.874e+00  1.464e+00  
1.864e+00  1.517e+00  
1.853e+00  1.569e+00  
1.842e+00  1.621e+00  
1.830e+00  1.673e+00  
1.817e+00  1.729e+00  
1.804e+00  1.784e+00  
1.789e+00  1.841e+00  
1.775e+00  1.897e+00  
1.758e+00  1.956e+00  
1.742e+00  2.015e+00  
1.724e+00  2.075e+00  
1.706e+00  2.136e+00  
1.686e+00  2.197e+00  
1.665e+00  2.258e+00  
1.643e+00  2.321e+00  
1.621e+00  2.384e+00  
1.597e+00  2.446e+00  
1.572e+00  2.510e+00  
1.546e+00  2.573e+00  
1.519e+00  2.637e+00  
1.491e+00  2.700e+00  
1.462e+00  2.762e+00  
1.431e+00  2.826e+00  
1.400e+00  2.887e+00  
1.367e+00  2.949e+00  
1.333e+00  3.010e+00  
1.299e+00  3.069e+00  
1.263e+00  3.128e+00  
1.227e+00  3.185e+00  
1.189e+00  3.241e+00  
1.151e+00  3.297e+00  
1.112e+00  3.349e+00  
1.072e+00  3.400e+00  
1.031e+00  3.450e+00  
9.904e-01  3.497e+00  
9.489e-01  3.543e+00  
9.070e-01  3.587e+00  
8.647e-01  3.628e+00  
8.220e-01  3.667e+00  
7.793e-01  3.704e+00  
7.364e-01  3.739e+00  
6.934e-01  3.772e+00  
6.506e-01  3.802e+00  
6.075e-01  3.829e+00  
5.651e-01  3.855e+00  
5.227e-01  3.879e+00  
4.805e-01  3.900e+00  
4.383e-01  3.920e+00  
3.979e-01  3.937e+00  
3.564e-01  3.952e+00  
