2.013e+00  1.361e-02  1.369e-02  
3.304e-02  4.013e+00  3.288e-02  
1.465e-02  1.461e-02  6.013e+00  
2.013e+00  9.079e-02  9.083e-02  
2.010e+00  2.262e-01  8.441e-02  
2.011e+00  1.090e-01  3.000e-01  
2.003e+00  4.217e-01  7.182e-02  
2.008e+00  2.187e-01  3.556e-01  
2.002e+00  4.020e-01  2.466e-01  
2.003e+00  1.003e-01  6.214e-01  
1.982e+00  7.241e-01  6.086e-02  
1.999e+00  3.787e-01  4.831e-01  
1.987e+00  6.315e-01  2.944e-01  
1.994e+00  1.956e-01  8.025e-01  
1.968e+00  8.476e-01  2.060e-01  
1.990e+00  3.593e-01  7.743e-01  
1.979e+00  6.713e-01  5.251e-01  
1.975e+00  9.073e-02  1.173e+00  
1.917e+00  1.241e+00  5.300e-02  
1.972e+00  6.579e-01  7.439e-01  
1.942e+00  1.037e+00  4.139e-01  
1.967e+00  3.447e-01  1.197e+00  
1.904e+00  1.310e+00  2.536e-01  
1.960e+00  5.827e-01  1.100e+00  
1.934e+00  1.028e+00  7.075e-01  
1.937e+00  1.810e-01  1.633e+00  
1.844e+00  1.621e+00  1.798e-01  
1.936e+00  8.026e-01  1.167e+00  
1.892e+00  1.310e+00  6.929e-01  
1.919e+00  3.392e-01  1.773e+00  
1.836e+00  1.635e+00  4.674e-01  
1.913e+00  6.459e-01  1.630e+00  
1.884e+00  1.235e+00  1.091e+00  
1.862e+00  8.720e-02  2.300e+00  
1.689e+00  2.198e+00  4.816e-02  
1.865e+00  1.246e+00  1.326e+00  
1.775e+00  1.856e+00  6.798e-01  
1.861e+00  6.531e-01  2.103e+00  
1.681e+00  2.208e+00  3.723e-01  
1.842e+00  1.056e+00  1.872e+00  
1.770e+00  1.773e+00  1.141e+00  
1.792e+00  3.447e-01  2.711e+00  
1.564e+00  2.535e+00  2.272e-01  
1.787e+00  1.379e+00  1.885e+00  
1.677e+00  2.126e+00  1.045e+00  
1.754e+00  5.991e-01  2.835e+00  
1.561e+00  2.513e+00  6.504e-01  
1.742e+00  1.090e+00  2.564e+00  
1.668e+00  1.980e+00  1.643e+00  
1.639e+00  1.849e-01  3.500e+00  
1.351e+00  2.985e+00  1.594e-01  
1.650e+00  1.804e+00  2.174e+00  
1.490e+00  2.610e+00  1.110e+00  
1.624e+00  8.607e-01  3.338e+00  
1.344e+00  2.972e+00  6.275e-01  
1.596e+00  1.459e+00  2.973e+00  
1.480e+00  2.460e+00  1.799e+00  
1.480e+00  3.564e-01  4.060e+00  
1.183e+00  3.248e+00  4.101e-01  
1.494e+00  1.877e+00  2.921e+00  
1.330e+00  2.835e+00  1.596e+00  
1.410e+00  6.961e-01  4.185e+00  
1.170e+00  3.211e+00  9.924e-01  
1.395e+00  1.392e+00  3.826e+00  
1.301e+00  2.608e+00  2.451e+00  
1.212e+00  8.703e-02  4.815e+00  
8.724e-01  3.626e+00  4.185e-02  
1.221e+00  2.640e+00  2.724e+00  
1.003e+00  3.400e+00  1.190e+00  
1.205e+00  1.402e+00  4.359e+00  
8.434e-01  3.634e+00  5.680e-01  
1.137e+00  2.186e+00  3.757e+00  
9.680e-01  3.262e+00  2.028e+00  
1.012e+00  6.902e-01  5.111e+00  
6.809e-01  3.779e+00  2.983e-01  
9.722e-01  2.643e+00  3.503e+00  
7.843e-01  3.535e+00  1.673e+00  
8.937e-01  1.135e+00  5.132e+00  
6.359e-01  3.766e+00  9.242e-01  
8.410e-01  2.014e+00  4.578e+00  
7.198e-01  3.313e+00  2.662e+00  
6.790e-01  3.394e-01  5.650e+00  
4.388e-01  3.921e+00  1.722e-01  
6.477e-01  3.005e+00  3.512e+00  
4.930e-01  3.762e+00  1.537e+00  
5.839e-01  1.440e+00  5.351e+00  
3.762e-01  3.914e+00  7.789e-01  
5.113e-01  2.355e+00  4.643e+00  
4.076e-01  3.561e+00  2.520e+00  
3.897e-01  5.621e-01  5.849e+00  
2.467e-01  3.975e+00  4.613e-01  
3.409e-01  2.795e+00  4.213e+00  
2.500e-01  3.749e+00  2.039e+00  
2.521e-01  1.018e+00  5.777e+00  
1.633e-01  3.928e+00  1.160e+00  
1.857e-01  1.973e+00  5.219e+00  
1.333e-01  3.427e+00  3.121e+00  
9.400e-02  1.569e-01  6.005e+00  
4.552e-02  4.012e+00  1.090e-01  
3.101e-02  3.241e+00  3.558e+00  
