2.011e+00  1.099e-02  1.090e-02  
4.807e-02  4.010e+00  4.784e-02  
1.472e-02  1.453e-02  6.011e+00  
2.010e+00  8.818e-02  8.818e-02  
2.008e+00  2.235e-01  8.175e-02  
2.008e+00  1.063e-01  2.971e-01  
2.000e+00  4.190e-01  6.916e-02  
2.005e+00  2.161e-01  3.530e-01  
2.000e+00  3.993e-01  2.440e-01  
2.000e+00  9.770e-02  6.188e-01  
1.979e+00  7.214e-01  5.824e-02  
1.996e+00  3.761e-01  4.804e-01  
1.985e+00  6.288e-01  2.918e-01  
1.991e+00  1.929e-01  7.998e-01  
1.966e+00  8.449e-01  2.033e-01  
1.987e+00  3.566e-01  7.717e-01  
1.976e+00  6.686e-01  5.225e-01  
1.973e+00  8.810e-02  1.170e+00  
1.914e+00  1.239e+00  5.041e-02  
1.970e+00  6.553e-01  7.412e-01  
1.940e+00  1.034e+00  4.112e-01  
1.965e+00  3.421e-01  1.194e+00  
1.901e+00  1.307e+00  2.509e-01  
1.957e+00  5.800e-01  1.097e+00  
1.932e+00  1.025e+00  7.048e-01  
1.935e+00  1.781e-01  1.630e+00  
1.841e+00  1.619e+00  1.769e-01  
1.934e+00  7.999e-01  1.164e+00  
1.889e+00  1.308e+00  6.900e-01  
1.916e+00  3.367e-01  1.771e+00  
1.833e+00  1.632e+00  4.646e-01  
1.911e+00  6.432e-01  1.627e+00  
1.881e+00  1.232e+00  1.088e+00  
1.860e+00  8.440e-02  2.297e+00  
1.686e+00  2.195e+00  4.545e-02  
1.863e+00  1.243e+00  1.323e+00  
1.772e+00  1.854e+00  6.772e-01  
1.858e+00  6.504e-01  2.100e+00  
1.679e+00  2.205e+00  3.699e-01  
1.840e+00  1.053e+00  1.870e+00  
1.767e+00  1.770e+00  1.138e+00  
1.790e+00  3.420e-01  2.708e+00  
1.562e+00  2.532e+00  2.245e-01  
1.784e+00  1.377e+00  1.882e+00  
1.674e+00  2.123e+00  1.043e+00  
1.751e+00  5.961e-01  2.833e+00  
1.558e+00  2.510e+00  6.477e-01  
1.739e+00  1.088e+00  2.561e+00  
1.666e+00  1.977e+00  1.640e+00  
1.636e+00  1.823e-01  3.497e+00  
1.349e+00  2.983e+00  1.569e-01  
1.648e+00  1.801e+00  2.171e+00  
1.488e+00  2.607e+00  1.107e+00  
1.621e+00  8.580e-01  3.335e+00  
1.341e+00  2.969e+00  6.248e-01  
1.594e+00  1.456e+00  2.970e+00  
1.477e+00  2.457e+00  1.795e+00  
1.478e+00  3.537e-01  4.057e+00  
1.180e+00  3.245e+00  4.067e-01  
1.492e+00  1.875e+00  2.918e+00  
1.327e+00  2.832e+00  1.593e+00  
1.407e+00  6.933e-01  4.182e+00  
1.167e+00  3.209e+00  9.897e-01  
1.393e+00  1.390e+00  3.823e+00  
1.298e+00  2.605e+00  2.448e+00  
1.210e+00  8.696e-02  4.812e+00  
8.700e-01  3.623e+00  3.836e-02  
1.219e+00  2.637e+00  2.720e+00  
1.001e+00  3.397e+00  1.187e+00  
1.202e+00  1.399e+00  4.356e+00  
8.408e-01  3.631e+00  5.649e-01  
1.135e+00  2.183e+00  3.754e+00  
9.656e-01  3.259e+00  2.025e+00  
1.010e+00  6.863e-01  5.109e+00  
6.783e-01  3.777e+00  2.949e-01  
9.698e-01  2.640e+00  3.500e+00  
7.819e-01  3.532e+00  1.670e+00  
8.912e-01  1.130e+00  5.130e+00  
6.332e-01  3.763e+00  9.215e-01  
8.383e-01  2.011e+00  4.576e+00  
7.174e-01  3.310e+00  2.660e+00  
6.765e-01  3.367e-01  5.648e+00  
4.362e-01  3.918e+00  1.696e-01  
6.453e-01  3.002e+00  3.510e+00  
4.904e-01  3.759e+00  1.535e+00  
5.811e-01  1.438e+00  5.349e+00  
3.739e-01  3.911e+00  7.763e-01  
5.088e-01  2.353e+00  4.640e+00  
4.053e-01  3.558e+00  2.518e+00  
3.874e-01  5.592e-01  5.846e+00  
2.440e-01  3.972e+00  4.586e-01  
3.385e-01  2.792e+00  4.210e+00  
2.475e-01  3.746e+00  2.036e+00  
2.496e-01  1.015e+00  5.774e+00  
1.606e-01  3.926e+00  1.158e+00  
1.831e-01  1.970e+00  5.216e+00  
1.317e-01  3.424e+00  3.118e+00  
9.139e-02  1.539e-01  6.002e+00  
4.806e-02  4.009e+00  1.215e-01  
2.853e-02  3.238e+00  3.555e+00  
