2.016e+00  1.634e-02  
1.075e-01  4.012e+00  
2.016e+00  2.600e-02  
2.016e+00  4.583e-02  
2.016e+00  6.595e-02  
2.016e+00  8.687e-02  
2.015e+00  1.081e-01  
2.015e+00  1.296e-01  
2.015e+00  1.516e-01  
2.014e+00  1.743e-01  
2.014e+00  1.973e-01  
2.013e+00  2.208e-01  
2.013e+00  2.448e-01  
2.012e+00  2.694e-01  
2.011e+00  2.945e-01  
2.010e+00  3.202e-01  
2.009e+00  3.465e-01  
2.008e+00  3.733e-01  
2.007e+00  4.008e-01  
2.005e+00  4.288e-01  
2.004e+00  4.575e-01  
2.002e+00  4.869e-01  
2.000e+00  5.169e-01  
1.998e+00  5.476e-01  
1.996e+00  5.791e-01  
1.994e+00  6.112e-01  
1.991e+00  6.441e-01  
1.988e+00  6.779e-01  
1.985e+00  7.123e-01  
1.982e+00  7.476e-01  
1.979e+00  7.837e-01  
1.975e+00  8.206e-01  
1.971e+00  8.584e-01  
1.967e+00  8.970e-01  
1.962e+00  9.366e-01  
1.957e+00  9.771e-01  
1.952e+00  1.019e+00  
1.947e+00  1.061e+00  
1.941e+00  1.104e+00  
1.934e+00  1.149e+00  
1.927e+00  1.194e+00  
1.920e+00  1.240e+00  
1.912e+00  1.288e+00  
1.904e+00  1.336e+00  
1.895e+00  1.385e+00  
1.886e+00  1.436e+00  
1.876e+00  1.487e+00  
1.865e+00  1.540e+00  
1.854e+00  1.593e+00  
1.842e+00  1.648e+00  
1.829e+00  1.703e+00  
1.816e+00  1.760e+00  
1.802e+00  1.818e+00  
1.787e+00  1.876e+00  
1.771e+00  1.936e+00  
1.754e+00  1.996e+00  
1.736e+00  2.057e+00  
1.717e+00  2.119e+00  
1.698e+00  2.181e+00  
1.677e+00  2.245e+00  
1.655e+00  2.308e+00  
1.632e+00  2.373e+00  
1.608e+00  2.437e+00  
1.583e+00  2.502e+00  
1.556e+00  2.567e+00  
1.529e+00  2.633e+00  
1.500e+00  2.698e+00  
1.470e+00  2.763e+00  
1.439e+00  2.827e+00  
1.406e+00  2.891e+00  
1.373e+00  2.955e+00  
1.338e+00  3.018e+00  
1.302e+00  3.079e+00  
1.265e+00  3.140e+00  
1.227e+00  3.200e+00  
1.188e+00  3.258e+00  
1.148e+00  3.314e+00  
1.106e+00  3.369e+00  
1.064e+00  3.422e+00  
1.022e+00  3.473e+00  
9.782e-01  3.523e+00  
9.341e-01  3.570e+00  
8.894e-01  3.614e+00  
8.443e-01  3.657e+00  
7.987e-01  3.697e+00  
7.529e-01  3.735e+00  
7.069e-01  3.770e+00  
6.608e-01  3.802e+00  
6.146e-01  3.833e+00  
5.685e-01  3.860e+00  
5.226e-01  3.886e+00  
4.769e-01  3.908e+00  
4.315e-01  3.929e+00  
3.864e-01  3.947e+00  
3.419e-01  3.963e+00  
2.978e-01  3.976e+00  
2.543e-01  3.987e+00  
2.114e-01  3.997e+00  
1.692e-01  4.004e+00  
1.276e-01  4.010e+00  
