2.008e+00  1.390e-02  
1.923e-01  3.990e+00  
2.007e+00  2.283e-02  
2.007e+00  4.174e-02  
2.007e+00  5.898e-02  
2.006e+00  8.008e-02  
2.006e+00  9.918e-02  
2.006e+00  1.219e-01  
2.005e+00  1.418e-01  
2.005e+00  1.633e-01  
2.004e+00  1.849e-01  
2.004e+00  2.087e-01  
2.003e+00  2.304e-01  
2.003e+00  2.538e-01  
2.002e+00  2.766e-01  
2.001e+00  3.018e-01  
2.000e+00  3.264e-01  
1.999e+00  3.538e-01  
1.998e+00  3.782e-01  
1.997e+00  4.046e-01  
1.995e+00  4.326e-01  
1.994e+00  4.605e-01  
1.992e+00  4.901e-01  
1.990e+00  5.162e-01  
1.988e+00  5.467e-01  
1.986e+00  5.814e-01  
1.984e+00  6.124e-01  
1.982e+00  6.435e-01  
1.979e+00  6.773e-01  
1.976e+00  7.096e-01  
1.973e+00  7.445e-01  
1.969e+00  7.810e-01  
1.966e+00  8.173e-01  
1.962e+00  8.529e-01  
1.958e+00  8.915e-01  
1.953e+00  9.302e-01  
1.948e+00  9.698e-01  
1.943e+00  1.007e+00  
1.938e+00  1.052e+00  
1.932e+00  1.095e+00  
1.926e+00  1.138e+00  
1.918e+00  1.182e+00  
1.912e+00  1.228e+00  
1.904e+00  1.273e+00  
1.895e+00  1.321e+00  
1.887e+00  1.368e+00  
1.878e+00  1.420e+00  
1.869e+00  1.471e+00  
1.858e+00  1.521e+00  
1.847e+00  1.573e+00  
1.835e+00  1.627e+00  
1.823e+00  1.683e+00  
1.810e+00  1.736e+00  
1.796e+00  1.794e+00  
1.781e+00  1.851e+00  
1.766e+00  1.911e+00  
1.749e+00  1.970e+00  
1.732e+00  2.030e+00  
1.714e+00  2.091e+00  
1.695e+00  2.152e+00  
1.675e+00  2.215e+00  
1.653e+00  2.278e+00  
1.631e+00  2.341e+00  
1.607e+00  2.406e+00  
1.583e+00  2.471e+00  
1.557e+00  2.534e+00  
1.530e+00  2.599e+00  
1.502e+00  2.662e+00  
1.473e+00  2.727e+00  
1.442e+00  2.792e+00  
1.411e+00  2.855e+00  
1.378e+00  2.918e+00  
1.344e+00  2.980e+00  
1.310e+00  3.042e+00  
1.273e+00  3.102e+00  
1.236e+00  3.161e+00  
1.199e+00  3.218e+00  
1.160e+00  3.275e+00  
1.120e+00  3.331e+00  
1.079e+00  3.384e+00  
1.037e+00  3.436e+00  
9.950e-01  3.485e+00  
9.522e-01  3.532e+00  
9.089e-01  3.577e+00  
8.650e-01  3.620e+00  
8.205e-01  3.661e+00  
7.760e-01  3.700e+00  
7.313e-01  3.736e+00  
6.867e-01  3.769e+00  
6.417e-01  3.801e+00  
5.966e-01  3.829e+00  
5.518e-01  3.855e+00  
5.076e-01  3.880e+00  
4.625e-01  3.902e+00  
4.193e-01  3.921e+00  
3.761e-01  3.938e+00  
3.334e-01  3.954e+00  
2.904e-01  3.967e+00  
2.487e-01  3.979e+00  
1.926e-01  3.991e+00  
