2.011e+00  1.238e-02  
1.763e-01  3.998e+00  
2.011e+00  1.725e-02  
2.011e+00  4.072e-02  
2.011e+00  6.016e-02  
2.011e+00  8.004e-02  
2.011e+00  1.003e-01  
2.011e+00  1.211e-01  
2.010e+00  1.425e-01  
2.010e+00  1.639e-01  
2.009e+00  1.861e-01  
2.009e+00  2.088e-01  
2.008e+00  2.318e-01  
2.008e+00  2.556e-01  
2.007e+00  2.796e-01  
2.006e+00  3.043e-01  
2.005e+00  3.297e-01  
2.004e+00  3.556e-01  
2.003e+00  3.819e-01  
2.002e+00  4.089e-01  
2.000e+00  4.366e-01  
1.999e+00  4.645e-01  
1.997e+00  4.937e-01  
1.995e+00  5.230e-01  
1.993e+00  5.534e-01  
1.991e+00  5.843e-01  
1.988e+00  6.161e-01  
1.986e+00  6.482e-01  
1.983e+00  6.819e-01  
1.980e+00  7.156e-01  
1.977e+00  7.505e-01  
1.974e+00  7.857e-01  
1.970e+00  8.226e-01  
1.966e+00  8.597e-01  
1.962e+00  8.981e-01  
1.957e+00  9.372e-01  
1.952e+00  9.770e-01  
1.947e+00  1.018e+00  
1.942e+00  1.060e+00  
1.936e+00  1.102e+00  
1.929e+00  1.147e+00  
1.923e+00  1.191e+00  
1.915e+00  1.237e+00  
1.908e+00  1.284e+00  
1.899e+00  1.331e+00  
1.891e+00  1.381e+00  
1.881e+00  1.430e+00  
1.872e+00  1.481e+00  
1.861e+00  1.534e+00  
1.850e+00  1.586e+00  
1.838e+00  1.640e+00  
1.826e+00  1.696e+00  
1.812e+00  1.752e+00  
1.798e+00  1.809e+00  
1.783e+00  1.867e+00  
1.768e+00  1.925e+00  
1.751e+00  1.985e+00  
1.734e+00  2.046e+00  
1.715e+00  2.107e+00  
1.696e+00  2.169e+00  
1.675e+00  2.232e+00  
1.653e+00  2.295e+00  
1.631e+00  2.359e+00  
1.607e+00  2.423e+00  
1.582e+00  2.487e+00  
1.556e+00  2.552e+00  
1.529e+00  2.617e+00  
1.501e+00  2.682e+00  
1.471e+00  2.746e+00  
1.440e+00  2.810e+00  
1.409e+00  2.874e+00  
1.376e+00  2.937e+00  
1.341e+00  2.999e+00  
1.306e+00  3.061e+00  
1.270e+00  3.121e+00  
1.232e+00  3.180e+00  
1.194e+00  3.238e+00  
1.154e+00  3.294e+00  
1.114e+00  3.349e+00  
1.073e+00  3.402e+00  
1.031e+00  3.453e+00  
9.883e-01  3.502e+00  
9.451e-01  3.549e+00  
9.013e-01  3.594e+00  
8.571e-01  3.636e+00  
8.125e-01  3.677e+00  
7.677e-01  3.715e+00  
7.227e-01  3.750e+00  
6.775e-01  3.783e+00  
6.324e-01  3.814e+00  
5.873e-01  3.842e+00  
5.424e-01  3.868e+00  
4.977e-01  3.891e+00  
4.533e-01  3.913e+00  
4.092e-01  3.932e+00  
3.657e-01  3.948e+00  
3.224e-01  3.963e+00  
2.798e-01  3.975e+00  
2.379e-01  3.986e+00  
1.958e-01  3.994e+00  
