2.003e+00  7.565e-03  
1.787e-02  4.002e+00  
2.002e+00  1.691e-02  
2.002e+00  3.559e-02  
2.002e+00  5.883e-02  
2.002e+00  8.017e-02  
2.001e+00  1.014e-01  
2.001e+00  1.253e-01  
2.001e+00  1.483e-01  
2.000e+00  1.715e-01  
2.000e+00  1.931e-01  
1.999e+00  2.179e-01  
1.998e+00  2.449e-01  
1.998e+00  2.697e-01  
1.997e+00  2.960e-01  
1.996e+00  3.232e-01  
1.994e+00  3.500e-01  
1.993e+00  3.785e-01  
1.992e+00  4.062e-01  
1.990e+00  4.359e-01  
1.989e+00  4.646e-01  
1.987e+00  4.965e-01  
1.985e+00  5.267e-01  
1.983e+00  5.585e-01  
1.980e+00  5.903e-01  
1.978e+00  6.253e-01  
1.975e+00  6.585e-01  
1.972e+00  6.932e-01  
1.969e+00  7.305e-01  
1.965e+00  7.671e-01  
1.962e+00  8.035e-01  
1.958e+00  8.408e-01  
1.953e+00  8.818e-01  
1.949e+00  9.216e-01  
1.944e+00  9.628e-01  
1.939e+00  1.005e+00  
1.933e+00  1.045e+00  
1.927e+00  1.092e+00  
1.920e+00  1.135e+00  
1.914e+00  1.182e+00  
1.906e+00  1.228e+00  
1.898e+00  1.276e+00  
1.890e+00  1.326e+00  
1.881e+00  1.376e+00  
1.872e+00  1.426e+00  
1.861e+00  1.479e+00  
1.850e+00  1.531e+00  
1.839e+00  1.586e+00  
1.827e+00  1.641e+00  
1.814e+00  1.697e+00  
1.801e+00  1.753e+00  
1.786e+00  1.812e+00  
1.771e+00  1.871e+00  
1.755e+00  1.931e+00  
1.738e+00  1.992e+00  
1.720e+00  2.053e+00  
1.701e+00  2.115e+00  
1.681e+00  2.179e+00  
1.660e+00  2.242e+00  
1.637e+00  2.306e+00  
1.614e+00  2.371e+00  
1.590e+00  2.436e+00  
1.564e+00  2.502e+00  
1.537e+00  2.567e+00  
1.509e+00  2.633e+00  
1.480e+00  2.698e+00  
1.450e+00  2.764e+00  
1.418e+00  2.829e+00  
1.385e+00  2.893e+00  
1.351e+00  2.957e+00  
1.315e+00  3.020e+00  
1.279e+00  3.082e+00  
1.241e+00  3.143e+00  
1.202e+00  3.203e+00  
1.162e+00  3.262e+00  
1.121e+00  3.318e+00  
1.079e+00  3.373e+00  
1.037e+00  3.426e+00  
9.932e-01  3.477e+00  
9.488e-01  3.527e+00  
9.039e-01  3.574e+00  
8.581e-01  3.618e+00  
8.119e-01  3.660e+00  
7.652e-01  3.700e+00  
7.186e-01  3.737e+00  
6.716e-01  3.772e+00  
6.243e-01  3.804e+00  
5.773e-01  3.834e+00  
5.302e-01  3.861e+00  
4.827e-01  3.885e+00  
4.360e-01  3.907e+00  
3.901e-01  3.926e+00  
3.441e-01  3.944e+00  
2.979e-01  3.958e+00  
2.533e-01  3.971e+00  
2.091e-01  3.981e+00  
1.649e-01  3.990e+00  
1.221e-01  3.995e+00  
7.963e-02  4.000e+00  
3.793e-02  4.002e+00  
