2.009e+00  1.437e-02  2.023e-02  
2.464e-02  4.009e+00  2.287e-02  
2.088e-02  1.035e-02  6.008e+00  
2.006e+00  7.788e-02  9.034e-02  
2.004e+00  2.180e-01  7.546e-02  
2.004e+00  9.521e-02  3.014e-01  
1.997e+00  4.129e-01  6.510e-02  
2.001e+00  2.045e-01  3.465e-01  
1.996e+00  3.935e-01  2.492e-01  
1.997e+00  8.211e-02  6.145e-01  
1.976e+00  7.158e-01  6.062e-02  
1.993e+00  3.718e-01  4.683e-01  
1.982e+00  6.201e-01  2.925e-01  
1.988e+00  1.732e-01  7.942e-01  
1.963e+00  8.334e-01  1.923e-01  
1.984e+00  3.521e-01  7.701e-01  
1.974e+00  6.532e-01  5.159e-01  
1.970e+00  8.401e-02  1.168e+00  
1.914e+00  1.231e+00  5.262e-02  
1.968e+00  6.476e-01  7.409e-01  
1.938e+00  1.027e+00  3.868e-01  
1.962e+00  3.312e-01  1.195e+00  
1.901e+00  1.295e+00  2.305e-01  
1.957e+00  5.658e-01  1.095e+00  
1.930e+00  1.016e+00  6.906e-01  
1.932e+00  1.476e-01  1.627e+00  
1.842e+00  1.607e+00  6.161e-02  
1.933e+00  7.813e-01  1.165e+00  
1.888e+00  1.300e+00  6.919e-01  
1.914e+00  3.314e-01  1.763e+00  
1.833e+00  1.622e+00  4.631e-01  
1.909e+00  6.374e-01  1.617e+00  
1.882e+00  1.221e+00  1.087e+00  
1.860e+00  8.031e-02  2.278e+00  
1.689e+00  2.181e+00  4.608e-02  
1.864e+00  1.232e+00  1.316e+00  
1.772e+00  1.843e+00  6.779e-01  
1.857e+00  6.461e-01  2.093e+00  
1.681e+00  2.194e+00  3.284e-01  
1.839e+00  1.032e+00  1.864e+00  
1.768e+00  1.760e+00  1.137e+00  
1.790e+00  3.326e-01  2.695e+00  
1.565e+00  2.519e+00  1.552e-01  
1.784e+00  1.368e+00  1.880e+00  
1.676e+00  2.114e+00  1.028e+00  
1.751e+00  5.927e-01  2.826e+00  
1.561e+00  2.499e+00  6.507e-01  
1.741e+00  1.081e+00  2.552e+00  
1.667e+00  1.965e+00  1.639e+00  
1.639e+00  1.106e-01  3.485e+00  
1.354e+00  2.971e+00  1.201e-01  
1.650e+00  1.792e+00  2.168e+00  
1.491e+00  2.596e+00  1.106e+00  
1.624e+00  8.461e-01  3.322e+00  
1.346e+00  2.958e+00  6.163e-01  
1.595e+00  1.450e+00  2.968e+00  
1.480e+00  2.445e+00  1.793e+00  
1.480e+00  3.333e-01  4.045e+00  
1.185e+00  3.234e+00  3.960e-01  
1.496e+00  1.865e+00  2.915e+00  
1.332e+00  2.819e+00  1.595e+00  
1.410e+00  6.688e-01  4.173e+00  
1.172e+00  3.199e+00  9.823e-01  
1.400e+00  1.379e+00  3.810e+00  
1.303e+00  2.593e+00  2.446e+00  
1.213e+00  6.355e-02  4.799e+00  
8.776e-01  3.613e+00  4.104e-02  
1.224e+00  2.627e+00  2.717e+00  
1.009e+00  3.387e+00  1.188e+00  
1.206e+00  1.387e+00  4.348e+00  
8.472e-01  3.622e+00  5.670e-01  
1.141e+00  2.176e+00  3.747e+00  
9.717e-01  3.247e+00  2.026e+00  
1.013e+00  6.813e-01  5.101e+00  
6.860e-01  3.768e+00  2.978e-01  
9.767e-01  2.627e+00  3.500e+00  
7.898e-01  3.521e+00  1.674e+00  
8.975e-01  1.119e+00  5.119e+00  
6.420e-01  3.755e+00  9.277e-01  
8.455e-01  2.005e+00  4.570e+00  
7.241e-01  3.300e+00  2.658e+00  
6.831e-01  3.262e-01  5.637e+00  
4.449e-01  3.911e+00  1.685e-01  
6.509e-01  2.995e+00  3.509e+00  
4.992e-01  3.752e+00  1.539e+00  
5.889e-01  1.432e+00  5.343e+00  
3.833e-01  3.906e+00  7.733e-01  
5.180e-01  2.341e+00  4.642e+00  
4.147e-01  3.553e+00  2.515e+00  
3.963e-01  5.555e-01  5.839e+00  
2.537e-01  3.967e+00  4.623e-01  
3.467e-01  2.788e+00  4.210e+00  
2.541e-01  3.741e+00  2.039e+00  
2.579e-01  1.010e+00  5.772e+00  
1.704e-01  3.922e+00  1.164e+00  
1.896e-01  1.968e+00  5.219e+00  
1.343e-01  3.421e+00  3.124e+00  
9.823e-02  1.428e-01  5.998e+00  
4.730e-02  4.007e+00  1.038e-01  
3.635e-02  3.237e+00  3.563e+00  
