2.000e+00  2.809e-03  
7.832e-03  4.000e+00  
2.000e+00  1.209e-02  
2.000e+00  3.074e-02  
2.000e+00  5.404e-02  
2.000e+00  7.626e-02  
2.000e+00  9.849e-02  
1.999e+00  1.209e-01  
1.999e+00  1.439e-01  
1.999e+00  1.674e-01  
1.998e+00  1.914e-01  
1.997e+00  2.162e-01  
1.997e+00  2.412e-01  
1.996e+00  2.666e-01  
1.995e+00  2.931e-01  
1.994e+00  3.199e-01  
1.993e+00  3.469e-01  
1.991e+00  3.750e-01  
1.990e+00  4.040e-01  
1.989e+00  4.331e-01  
1.987e+00  4.631e-01  
1.985e+00  4.937e-01  
1.983e+00  5.248e-01  
1.981e+00  5.572e-01  
1.978e+00  5.898e-01  
1.976e+00  6.234e-01  
1.973e+00  6.577e-01  
1.970e+00  6.929e-01  
1.967e+00  7.287e-01  
1.963e+00  7.653e-01  
1.960e+00  8.029e-01  
1.956e+00  8.413e-01  
1.951e+00  8.808e-01  
1.947e+00  9.210e-01  
1.942e+00  9.621e-01  
1.936e+00  1.004e+00  
1.931e+00  1.047e+00  
1.925e+00  1.091e+00  
1.918e+00  1.136e+00  
1.911e+00  1.182e+00  
1.904e+00  1.229e+00  
1.896e+00  1.277e+00  
1.887e+00  1.327e+00  
1.878e+00  1.376e+00  
1.869e+00  1.428e+00  
1.859e+00  1.480e+00  
1.848e+00  1.533e+00  
1.836e+00  1.587e+00  
1.824e+00  1.643e+00  
1.811e+00  1.699e+00  
1.797e+00  1.756e+00  
1.783e+00  1.814e+00  
1.768e+00  1.873e+00  
1.751e+00  1.934e+00  
1.734e+00  1.995e+00  
1.716e+00  2.056e+00  
1.697e+00  2.119e+00  
1.677e+00  2.182e+00  
1.655e+00  2.246e+00  
1.633e+00  2.310e+00  
1.610e+00  2.375e+00  
1.585e+00  2.441e+00  
1.559e+00  2.506e+00  
1.532e+00  2.572e+00  
1.504e+00  2.637e+00  
1.475e+00  2.703e+00  
1.444e+00  2.768e+00  
1.412e+00  2.834e+00  
1.379e+00  2.898e+00  
1.345e+00  2.962e+00  
1.309e+00  3.025e+00  
1.272e+00  3.087e+00  
1.235e+00  3.148e+00  
1.195e+00  3.208e+00  
1.155e+00  3.266e+00  
1.114e+00  3.323e+00  
1.072e+00  3.378e+00  
1.029e+00  3.431e+00  
9.854e-01  3.482e+00  
9.408e-01  3.531e+00  
8.956e-01  3.577e+00  
8.498e-01  3.622e+00  
8.035e-01  3.664e+00  
7.568e-01  3.703e+00  
7.098e-01  3.740e+00  
6.627e-01  3.775e+00  
6.153e-01  3.807e+00  
5.681e-01  3.836e+00  
5.208e-01  3.863e+00  
4.737e-01  3.887e+00  
4.269e-01  3.908e+00  
3.804e-01  3.927e+00  
3.343e-01  3.944e+00  
2.886e-01  3.959e+00  
2.435e-01  3.971e+00  
1.991e-01  3.981e+00  
1.550e-01  3.988e+00  
1.119e-01  3.994e+00  
6.959e-02  3.998e+00  
2.737e-02  4.000e+00  
