2.001e+00  4.633e-03  
1.950e-02  4.001e+00  
2.001e+00  1.107e-02  
2.001e+00  3.450e-02  
2.001e+00  5.574e-02  
2.001e+00  7.609e-02  
2.001e+00  9.966e-02  
2.000e+00  1.220e-01  
2.000e+00  1.452e-01  
1.999e+00  1.684e-01  
1.999e+00  1.923e-01  
1.998e+00  2.165e-01  
1.997e+00  2.419e-01  
1.997e+00  2.671e-01  
1.996e+00  2.933e-01  
1.995e+00  3.201e-01  
1.994e+00  3.471e-01  
1.992e+00  3.751e-01  
1.991e+00  4.030e-01  
1.989e+00  4.325e-01  
1.988e+00  4.624e-01  
1.986e+00  4.927e-01  
1.984e+00  5.236e-01  
1.982e+00  5.561e-01  
1.980e+00  5.884e-01  
1.977e+00  6.212e-01  
1.974e+00  6.558e-01  
1.971e+00  6.908e-01  
1.968e+00  7.264e-01  
1.965e+00  7.632e-01  
1.961e+00  8.006e-01  
1.957e+00  8.384e-01  
1.953e+00  8.770e-01  
1.948e+00  9.179e-01  
1.943e+00  9.591e-01  
1.938e+00  1.001e+00  
1.932e+00  1.043e+00  
1.926e+00  1.088e+00  
1.920e+00  1.132e+00  
1.913e+00  1.177e+00  
1.905e+00  1.225e+00  
1.898e+00  1.273e+00  
1.889e+00  1.321e+00  
1.880e+00  1.371e+00  
1.871e+00  1.422e+00  
1.861e+00  1.474e+00  
1.850e+00  1.527e+00  
1.839e+00  1.581e+00  
1.827e+00  1.636e+00  
1.814e+00  1.692e+00  
1.800e+00  1.749e+00  
1.786e+00  1.807e+00  
1.771e+00  1.866e+00  
1.755e+00  1.926e+00  
1.738e+00  1.987e+00  
1.720e+00  2.049e+00  
1.701e+00  2.111e+00  
1.681e+00  2.174e+00  
1.660e+00  2.238e+00  
1.638e+00  2.302e+00  
1.614e+00  2.366e+00  
1.590e+00  2.432e+00  
1.564e+00  2.497e+00  
1.538e+00  2.563e+00  
1.510e+00  2.628e+00  
1.480e+00  2.694e+00  
1.450e+00  2.759e+00  
1.418e+00  2.824e+00  
1.385e+00  2.889e+00  
1.351e+00  2.953e+00  
1.316e+00  3.016e+00  
1.279e+00  3.078e+00  
1.242e+00  3.139e+00  
1.203e+00  3.199e+00  
1.163e+00  3.257e+00  
1.122e+00  3.314e+00  
1.081e+00  3.369e+00  
1.038e+00  3.422e+00  
9.942e-01  3.474e+00  
9.499e-01  3.523e+00  
9.049e-01  3.570e+00  
8.593e-01  3.615e+00  
8.133e-01  3.657e+00  
7.667e-01  3.697e+00  
7.200e-01  3.734e+00  
6.730e-01  3.769e+00  
6.259e-01  3.802e+00  
5.788e-01  3.831e+00  
5.316e-01  3.858e+00  
4.846e-01  3.883e+00  
4.380e-01  3.905e+00  
3.915e-01  3.925e+00  
3.456e-01  3.942e+00  
2.999e-01  3.957e+00  
2.549e-01  3.969e+00  
2.104e-01  3.979e+00  
1.666e-01  3.988e+00  
1.237e-01  3.994e+00  
8.072e-02  3.998e+00  
3.851e-02  4.001e+00  
