2.000e+00  8.401e-04  
2.487e-03  4.000e+00  
2.000e+00  1.062e-02  
2.000e+00  3.166e-02  
2.000e+00  5.286e-02  
2.000e+00  7.464e-02  
1.999e+00  9.673e-02  
1.999e+00  1.194e-01  
1.999e+00  1.425e-01  
1.998e+00  1.661e-01  
1.998e+00  1.902e-01  
1.997e+00  2.148e-01  
1.996e+00  2.400e-01  
1.996e+00  2.657e-01  
1.995e+00  2.920e-01  
1.994e+00  3.189e-01  
1.993e+00  3.463e-01  
1.991e+00  3.744e-01  
1.990e+00  4.031e-01  
1.988e+00  4.325e-01  
1.987e+00  4.625e-01  
1.985e+00  4.932e-01  
1.983e+00  5.246e-01  
1.981e+00  5.567e-01  
1.978e+00  5.896e-01  
1.976e+00  6.232e-01  
1.973e+00  6.575e-01  
1.970e+00  6.927e-01  
1.967e+00  7.287e-01  
1.963e+00  7.655e-01  
1.959e+00  8.032e-01  
1.955e+00  8.418e-01  
1.951e+00  8.812e-01  
1.946e+00  9.215e-01  
1.941e+00  9.628e-01  
1.936e+00  1.005e+00  
1.930e+00  1.048e+00  
1.924e+00  1.092e+00  
1.917e+00  1.137e+00  
1.910e+00  1.183e+00  
1.903e+00  1.231e+00  
1.895e+00  1.279e+00  
1.887e+00  1.328e+00  
1.878e+00  1.378e+00  
1.868e+00  1.429e+00  
1.858e+00  1.482e+00  
1.847e+00  1.535e+00  
1.835e+00  1.589e+00  
1.823e+00  1.645e+00  
1.810e+00  1.701e+00  
1.796e+00  1.759e+00  
1.782e+00  1.817e+00  
1.766e+00  1.876e+00  
1.750e+00  1.936e+00  
1.733e+00  1.998e+00  
1.715e+00  2.059e+00  
1.695e+00  2.122e+00  
1.675e+00  2.185e+00  
1.654e+00  2.249e+00  
1.631e+00  2.314e+00  
1.608e+00  2.379e+00  
1.583e+00  2.444e+00  
1.557e+00  2.510e+00  
1.530e+00  2.575e+00  
1.502e+00  2.641e+00  
1.473e+00  2.707e+00  
1.442e+00  2.772e+00  
1.410e+00  2.837e+00  
1.377e+00  2.902e+00  
1.342e+00  2.966e+00  
1.306e+00  3.029e+00  
1.270e+00  3.091e+00  
1.231e+00  3.152e+00  
1.192e+00  3.212e+00  
1.152e+00  3.270e+00  
1.111e+00  3.326e+00  
1.069e+00  3.381e+00  
1.026e+00  3.434e+00  
9.815e-01  3.485e+00  
9.368e-01  3.534e+00  
8.916e-01  3.581e+00  
8.456e-01  3.625e+00  
7.993e-01  3.667e+00  
7.525e-01  3.706e+00  
7.053e-01  3.743e+00  
6.580e-01  3.777e+00  
6.107e-01  3.809e+00  
5.632e-01  3.838e+00  
5.160e-01  3.865e+00  
4.688e-01  3.889e+00  
4.219e-01  3.910e+00  
3.753e-01  3.929e+00  
3.292e-01  3.946e+00  
2.835e-01  3.960e+00  
2.383e-01  3.972e+00  
1.938e-01  3.981e+00  
1.499e-01  3.989e+00  
1.067e-01  3.994e+00  
6.438e-02  3.998e+00  
2.275e-02  4.000e+00  
