2.009e+00  1.189e-02  2.057e-02  
2.760e-02  4.009e+00  2.160e-02  
2.524e-02  1.089e-02  6.009e+00  
2.008e+00  8.446e-02  6.337e-02  
2.005e+00  2.207e-01  8.677e-02  
2.005e+00  9.260e-02  2.841e-01  
1.998e+00  4.154e-01  6.666e-02  
2.002e+00  2.143e-01  3.542e-01  
1.998e+00  3.816e-01  2.484e-01  
1.998e+00  7.243e-02  6.051e-01  
1.978e+00  7.151e-01  5.918e-02  
1.994e+00  3.716e-01  4.707e-01  
1.983e+00  6.227e-01  2.864e-01  
1.990e+00  1.868e-01  7.961e-01  
1.965e+00  8.379e-01  1.897e-01  
1.985e+00  3.536e-01  7.730e-01  
1.974e+00  6.589e-01  5.156e-01  
1.973e+00  6.548e-02  1.167e+00  
1.914e+00  1.229e+00  5.354e-02  
1.968e+00  6.456e-01  7.389e-01  
1.939e+00  1.026e+00  3.949e-01  
1.964e+00  3.370e-01  1.193e+00  
1.901e+00  1.296e+00  2.416e-01  
1.956e+00  5.744e-01  1.090e+00  
1.931e+00  1.017e+00  7.040e-01  
1.933e+00  1.745e-01  1.623e+00  
1.842e+00  1.606e+00  1.730e-01  
1.933e+00  7.939e-01  1.154e+00  
1.889e+00  1.297e+00  6.661e-01  
1.915e+00  3.255e-01  1.762e+00  
1.835e+00  1.618e+00  4.678e-01  
1.911e+00  6.340e-01  1.618e+00  
1.882e+00  1.223e+00  1.074e+00  
1.860e+00  7.846e-02  2.283e+00  
1.691e+00  2.179e+00  5.283e-02  
1.864e+00  1.233e+00  1.304e+00  
1.774e+00  1.842e+00  6.777e-01  
1.858e+00  6.431e-01  2.091e+00  
1.683e+00  2.193e+00  2.925e-01  
1.841e+00  1.045e+00  1.858e+00  
1.771e+00  1.759e+00  1.125e+00  
1.792e+00  3.179e-01  2.697e+00  
1.568e+00  2.517e+00  1.865e-01  
1.787e+00  1.366e+00  1.872e+00  
1.678e+00  2.108e+00  1.046e+00  
1.754e+00  5.850e-01  2.820e+00  
1.563e+00  2.495e+00  6.450e-01  
1.744e+00  1.069e+00  2.549e+00  
1.670e+00  1.961e+00  1.631e+00  
1.641e+00  1.427e-01  3.481e+00  
1.355e+00  2.968e+00  1.378e-01  
1.653e+00  1.788e+00  2.166e+00  
1.494e+00  2.591e+00  1.109e+00  
1.626e+00  8.474e-01  3.314e+00  
1.349e+00  2.952e+00  6.258e-01  
1.599e+00  1.448e+00  2.955e+00  
1.484e+00  2.443e+00  1.781e+00  
1.482e+00  3.457e-01  4.036e+00  
1.190e+00  3.227e+00  4.131e-01  
1.500e+00  1.863e+00  2.901e+00  
1.336e+00  2.818e+00  1.577e+00  
1.413e+00  6.828e-01  4.165e+00  
1.176e+00  3.193e+00  9.869e-01  
1.399e+00  1.381e+00  3.811e+00  
1.306e+00  2.590e+00  2.444e+00  
1.218e+00  8.264e-02  4.792e+00  
8.815e-01  3.611e+00  4.449e-02  
1.229e+00  2.625e+00  2.713e+00  
1.012e+00  3.384e+00  1.187e+00  
1.211e+00  1.392e+00  4.340e+00  
8.522e-01  3.619e+00  5.632e-01  
1.144e+00  2.173e+00  3.745e+00  
9.770e-01  3.248e+00  2.024e+00  
1.019e+00  6.835e-01  5.092e+00  
6.899e-01  3.766e+00  2.487e-01  
9.804e-01  2.627e+00  3.493e+00  
7.918e-01  3.522e+00  1.675e+00  
9.005e-01  1.126e+00  5.116e+00  
6.456e-01  3.754e+00  9.269e-01  
8.499e-01  1.999e+00  4.566e+00  
7.288e-01  3.304e+00  2.653e+00  
6.863e-01  3.284e-01  5.635e+00  
4.496e-01  3.910e+00  1.609e-01  
6.584e-01  2.995e+00  3.507e+00  
5.023e-01  3.751e+00  1.538e+00  
5.944e-01  1.430e+00  5.339e+00  
3.876e-01  3.906e+00  7.678e-01  
5.222e-01  2.348e+00  4.634e+00  
4.182e-01  3.553e+00  2.520e+00  
3.999e-01  5.559e-01  5.839e+00  
2.577e-01  3.968e+00  4.625e-01  
3.520e-01  2.785e+00  4.207e+00  
2.564e-01  3.747e+00  2.025e+00  
2.615e-01  1.013e+00  5.771e+00  
1.748e-01  3.926e+00  1.147e+00  
1.970e-01  1.965e+00  5.218e+00  
1.397e-01  3.421e+00  3.123e+00  
9.863e-02  1.512e-01  6.001e+00  
4.109e-02  4.009e+00  8.680e-02  
4.112e-02  3.236e+00  3.561e+00  
