2.011e+00  2.117e-02  2.669e-02  
2.767e-02  4.010e+00  2.299e-02  
2.346e-02  1.274e-02  6.009e+00  
2.007e+00  8.345e-02  6.525e-02  
2.005e+00  2.117e-01  6.725e-02  
2.005e+00  9.099e-02  2.825e-01  
1.997e+00  4.171e-01  5.184e-02  
2.002e+00  2.154e-01  3.273e-01  
1.997e+00  3.978e-01  2.346e-01  
1.997e+00  8.508e-02  6.212e-01  
1.977e+00  7.097e-01  5.357e-02  
1.994e+00  3.735e-01  4.747e-01  
1.983e+00  6.222e-01  2.775e-01  
1.990e+00  1.873e-01  7.863e-01  
1.964e+00  8.388e-01  1.691e-01  
1.985e+00  3.366e-01  7.714e-01  
1.975e+00  6.644e-01  5.051e-01  
1.972e+00  8.049e-02  1.167e+00  
1.915e+00  1.232e+00  4.998e-02  
1.969e+00  6.458e-01  7.316e-01  
1.940e+00  1.030e+00  4.066e-01  
1.964e+00  3.312e-01  1.189e+00  
1.902e+00  1.300e+00  2.500e-01  
1.957e+00  5.782e-01  1.098e+00  
1.931e+00  1.018e+00  7.085e-01  
1.935e+00  1.328e-01  1.626e+00  
1.843e+00  1.610e+00  1.395e-01  
1.934e+00  7.951e-01  1.165e+00  
1.888e+00  1.300e+00  6.885e-01  
1.915e+00  3.308e-01  1.766e+00  
1.835e+00  1.616e+00  4.565e-01  
1.911e+00  6.346e-01  1.622e+00  
1.883e+00  1.226e+00  1.089e+00  
1.861e+00  7.478e-02  2.291e+00  
1.690e+00  2.181e+00  3.882e-02  
1.864e+00  1.229e+00  1.321e+00  
1.775e+00  1.846e+00  6.405e-01  
1.858e+00  6.441e-01  2.089e+00  
1.681e+00  2.195e+00  3.629e-01  
1.841e+00  1.040e+00  1.867e+00  
1.771e+00  1.762e+00  1.136e+00  
1.793e+00  3.073e-01  2.699e+00  
1.567e+00  2.521e+00  1.736e-01  
1.787e+00  1.368e+00  1.874e+00  
1.678e+00  2.114e+00  1.044e+00  
1.752e+00  5.804e-01  2.825e+00  
1.562e+00  2.499e+00  6.446e-01  
1.742e+00  1.078e+00  2.554e+00  
1.669e+00  1.965e+00  1.635e+00  
1.641e+00  1.759e-01  3.487e+00  
1.355e+00  2.970e+00  1.482e-01  
1.654e+00  1.791e+00  2.162e+00  
1.493e+00  2.594e+00  1.109e+00  
1.624e+00  8.515e-01  3.324e+00  
1.347e+00  2.956e+00  6.275e-01  
1.598e+00  1.449e+00  2.959e+00  
1.482e+00  2.445e+00  1.790e+00  
1.483e+00  3.350e-01  4.043e+00  
1.188e+00  3.232e+00  4.105e-01  
1.497e+00  1.866e+00  2.905e+00  
1.332e+00  2.820e+00  1.590e+00  
1.413e+00  6.918e-01  4.170e+00  
1.175e+00  3.198e+00  9.903e-01  
1.401e+00  1.383e+00  3.806e+00  
1.306e+00  2.595e+00  2.441e+00  
1.217e+00  8.304e-02  4.797e+00  
8.795e-01  3.613e+00  4.103e-02  
1.226e+00  2.629e+00  2.717e+00  
1.010e+00  3.383e+00  1.190e+00  
1.209e+00  1.394e+00  4.346e+00  
8.510e-01  3.622e+00  5.579e-01  
1.142e+00  2.175e+00  3.748e+00  
9.738e-01  3.249e+00  2.023e+00  
1.018e+00  6.815e-01  5.097e+00  
6.891e-01  3.768e+00  2.925e-01  
9.774e-01  2.633e+00  3.497e+00  
7.907e-01  3.523e+00  1.670e+00  
8.984e-01  1.129e+00  5.119e+00  
6.442e-01  3.755e+00  9.182e-01  
8.473e-01  2.006e+00  4.567e+00  
7.280e-01  3.303e+00  2.653e+00  
6.858e-01  3.342e-01  5.638e+00  
4.477e-01  3.912e+00  1.564e-01  
6.565e-01  2.997e+00  3.508e+00  
4.998e-01  3.752e+00  1.538e+00  
5.915e-01  1.436e+00  5.343e+00  
3.836e-01  3.905e+00  7.763e-01  
5.202e-01  2.349e+00  4.636e+00  
4.168e-01  3.554e+00  2.512e+00  
3.945e-01  5.569e-01  5.840e+00  
2.563e-01  3.969e+00  4.611e-01  
3.438e-01  2.791e+00  4.213e+00  
2.596e-01  3.743e+00  2.038e+00  
2.599e-01  1.006e+00  5.777e+00  
1.729e-01  3.924e+00  1.161e+00  
1.949e-01  1.967e+00  5.215e+00  
1.392e-01  3.422e+00  3.123e+00  
1.039e-01  1.533e-01  6.000e+00  
5.388e-02  4.009e+00  9.370e-02  
3.607e-02  3.238e+00  3.559e+00  
