2.000e+00  2.766e-04  3.710e-04  
9.411e-04  4.000e+00  5.522e-04  
1.112e-03  2.909e-04  6.000e+00  
1.999e+00  7.727e-02  7.737e-02  
1.997e+00  2.127e-01  7.028e-02  
1.997e+00  9.535e-02  2.866e-01  
1.990e+00  4.081e-01  5.809e-02  
1.994e+00  2.054e-01  3.422e-01  
1.989e+00  3.885e-01  2.331e-01  
1.989e+00  8.691e-02  6.079e-01  
1.968e+00  7.106e-01  4.485e-02  
1.986e+00  3.651e-01  4.695e-01  
1.974e+00  6.180e-01  2.810e-01  
1.981e+00  1.821e-01  7.890e-01  
1.955e+00  8.340e-01  1.925e-01  
1.976e+00  3.458e-01  7.608e-01  
1.965e+00  6.578e-01  5.116e-01  
1.962e+00  7.708e-02  1.159e+00  
1.903e+00  1.228e+00  3.912e-02  
1.959e+00  6.444e-01  7.303e-01  
1.929e+00  1.023e+00  4.005e-01  
1.954e+00  3.314e-01  1.183e+00  
1.890e+00  1.296e+00  2.391e-01  
1.946e+00  5.692e-01  1.087e+00  
1.921e+00  1.014e+00  6.942e-01  
1.924e+00  1.676e-01  1.620e+00  
1.831e+00  1.608e+00  1.660e-01  
1.923e+00  7.889e-01  1.153e+00  
1.878e+00  1.297e+00  6.794e-01  
1.905e+00  3.258e-01  1.760e+00  
1.822e+00  1.621e+00  4.530e-01  
1.900e+00  6.324e-01  1.616e+00  
1.871e+00  1.220e+00  1.078e+00  
1.849e+00  7.348e-02  2.286e+00  
1.675e+00  2.184e+00  2.934e-02  
1.852e+00  1.232e+00  1.312e+00  
1.761e+00  1.842e+00  6.666e-01  
1.847e+00  6.394e-01  2.089e+00  
1.668e+00  2.194e+00  3.593e-01  
1.829e+00  1.042e+00  1.858e+00  
1.757e+00  1.759e+00  1.124e+00  
1.779e+00  3.309e-01  2.697e+00  
1.551e+00  2.521e+00  2.131e-01  
1.773e+00  1.366e+00  1.872e+00  
1.664e+00  2.112e+00  1.031e+00  
1.741e+00  5.856e-01  2.821e+00  
1.547e+00  2.499e+00  6.371e-01  
1.729e+00  1.077e+00  2.551e+00  
1.655e+00  1.967e+00  1.629e+00  
1.626e+00  1.711e-01  3.486e+00  
1.338e+00  2.972e+00  1.455e-01  
1.637e+00  1.790e+00  2.161e+00  
1.477e+00  2.596e+00  1.095e+00  
1.610e+00  8.470e-01  3.324e+00  
1.331e+00  2.958e+00  6.137e-01  
1.583e+00  1.445e+00  2.959e+00  
1.467e+00  2.446e+00  1.784e+00  
1.467e+00  3.429e-01  4.046e+00  
1.170e+00  3.234e+00  3.968e-01  
1.481e+00  1.863e+00  2.907e+00  
1.317e+00  2.820e+00  1.583e+00  
1.397e+00  6.813e-01  4.171e+00  
1.157e+00  3.197e+00  9.788e-01  
1.382e+00  1.378e+00  3.812e+00  
1.288e+00  2.594e+00  2.437e+00  
1.199e+00  5.680e-02  4.801e+00  
8.594e-01  3.612e+00  2.747e-02  
1.209e+00  2.627e+00  2.711e+00  
9.903e-01  3.386e+00  1.172e+00  
1.192e+00  1.388e+00  4.346e+00  
8.304e-01  3.620e+00  5.537e-01  
1.124e+00  2.172e+00  3.744e+00  
9.551e-01  3.248e+00  2.013e+00  
9.989e-01  6.762e-01  5.098e+00  
6.678e-01  3.766e+00  2.848e-01  
9.584e-01  2.630e+00  3.490e+00  
7.714e-01  3.521e+00  1.659e+00  
8.807e-01  1.120e+00  5.118e+00  
6.226e-01  3.753e+00  9.106e-01  
8.280e-01  2.000e+00  4.564e+00  
7.066e-01  3.299e+00  2.648e+00  
6.660e-01  3.260e-01  5.637e+00  
4.255e-01  3.907e+00  1.583e-01  
6.344e-01  2.992e+00  3.498e+00  
4.799e-01  3.748e+00  1.524e+00  
5.710e-01  1.426e+00  5.338e+00  
3.636e-01  3.900e+00  7.653e-01  
4.982e-01  2.342e+00  4.629e+00  
3.946e-01  3.548e+00  2.506e+00  
3.761e-01  5.484e-01  5.836e+00  
2.337e-01  3.961e+00  4.478e-01  
3.277e-01  2.781e+00  4.199e+00  
2.370e-01  3.735e+00  2.025e+00  
2.388e-01  1.005e+00  5.763e+00  
1.505e-01  3.915e+00  1.147e+00  
1.720e-01  1.959e+00  5.206e+00  
1.210e-01  3.413e+00  3.108e+00  
8.087e-02  1.438e-01  5.991e+00  
3.258e-02  3.999e+00  9.591e-02  
1.720e-02  3.228e+00  3.545e+00  
