2.010e+00  1.378e-02  2.241e-02  
3.203e-02  4.010e+00  2.640e-02  
2.693e-02  1.219e-02  6.008e+00  
2.007e+00  8.692e-02  7.858e-02  
2.005e+00  2.216e-01  8.331e-02  
2.005e+00  1.036e-01  2.921e-01  
1.998e+00  4.145e-01  7.273e-02  
2.002e+00  2.123e-01  3.568e-01  
1.997e+00  3.965e-01  2.363e-01  
1.997e+00  9.217e-02  6.201e-01  
1.977e+00  7.084e-01  5.788e-02  
1.994e+00  3.703e-01  4.776e-01  
1.982e+00  6.239e-01  2.893e-01  
1.989e+00  1.918e-01  7.977e-01  
1.964e+00  8.364e-01  2.082e-01  
1.985e+00  3.507e-01  7.597e-01  
1.974e+00  6.620e-01  5.241e-01  
1.972e+00  6.764e-02  1.140e+00  
1.915e+00  1.222e+00  5.891e-02  
1.968e+00  6.443e-01  7.392e-01  
1.939e+00  1.023e+00  4.177e-01  
1.963e+00  3.356e-01  1.192e+00  
1.901e+00  1.298e+00  2.583e-01  
1.955e+00  5.721e-01  1.096e+00  
1.931e+00  1.015e+00  7.080e-01  
1.933e+00  1.662e-01  1.626e+00  
1.843e+00  1.608e+00  1.011e-01  
1.933e+00  7.924e-01  1.155e+00  
1.889e+00  1.297e+00  6.907e-01  
1.914e+00  3.332e-01  1.763e+00  
1.835e+00  1.621e+00  4.670e-01  
1.910e+00  6.312e-01  1.623e+00  
1.881e+00  1.223e+00  1.085e+00  
1.860e+00  6.330e-02  2.284e+00  
1.691e+00  2.183e+00  3.995e-02  
1.864e+00  1.225e+00  1.311e+00  
1.775e+00  1.840e+00  6.765e-01  
1.859e+00  6.447e-01  2.088e+00  
1.683e+00  2.188e+00  3.476e-01  
1.840e+00  1.042e+00  1.865e+00  
1.770e+00  1.757e+00  1.140e+00  
1.791e+00  3.297e-01  2.695e+00  
1.568e+00  2.516e+00  1.745e-01  
1.787e+00  1.366e+00  1.874e+00  
1.679e+00  2.106e+00  1.029e+00  
1.754e+00  5.748e-01  2.818e+00  
1.563e+00  2.495e+00  6.506e-01  
1.742e+00  1.074e+00  2.552e+00  
1.670e+00  1.965e+00  1.635e+00  
1.641e+00  1.541e-01  3.484e+00  
1.357e+00  2.966e+00  1.358e-01  
1.653e+00  1.790e+00  2.167e+00  
1.494e+00  2.590e+00  1.103e+00  
1.624e+00  8.507e-01  3.321e+00  
1.349e+00  2.952e+00  6.250e-01  
1.599e+00  1.444e+00  2.959e+00  
1.483e+00  2.440e+00  1.789e+00  
1.483e+00  3.511e-01  4.042e+00  
1.190e+00  3.231e+00  3.379e-01  
1.499e+00  1.864e+00  2.908e+00  
1.333e+00  2.819e+00  1.590e+00  
1.414e+00  6.882e-01  4.165e+00  
1.177e+00  3.192e+00  9.843e-01  
1.401e+00  1.381e+00  3.810e+00  
1.307e+00  2.592e+00  2.446e+00  
1.217e+00  8.550e-02  4.794e+00  
8.818e-01  3.610e+00  4.738e-02  
1.227e+00  2.624e+00  2.719e+00  
1.010e+00  3.383e+00  1.192e+00  
1.210e+00  1.389e+00  4.347e+00  
8.525e-01  3.618e+00  5.629e-01  
1.145e+00  2.170e+00  3.743e+00  
9.768e-01  3.246e+00  2.028e+00  
1.020e+00  6.839e-01  5.094e+00  
6.911e-01  3.765e+00  3.009e-01  
9.806e-01  2.627e+00  3.492e+00  
7.946e-01  3.519e+00  1.670e+00  
9.024e-01  1.124e+00  5.116e+00  
6.461e-01  3.754e+00  9.130e-01  
8.501e-01  2.001e+00  4.566e+00  
7.291e-01  3.300e+00  2.663e+00  
6.884e-01  3.338e-01  5.634e+00  
4.509e-01  3.910e+00  1.444e-01  
6.588e-01  2.994e+00  3.509e+00  
5.025e-01  3.752e+00  1.530e+00  
5.936e-01  1.432e+00  5.338e+00  
3.881e-01  3.904e+00  7.766e-01  
5.214e-01  2.348e+00  4.637e+00  
4.175e-01  3.551e+00  2.521e+00  
3.994e-01  5.581e-01  5.838e+00  
2.588e-01  3.966e+00  4.606e-01  
3.462e-01  2.788e+00  4.214e+00  
2.613e-01  3.743e+00  2.043e+00  
2.644e-01  1.014e+00  5.771e+00  
1.759e-01  3.923e+00  1.162e+00  
1.872e-01  1.969e+00  5.228e+00  
1.282e-01  3.425e+00  3.128e+00  
1.044e-01  1.490e-01  6.000e+00  
5.035e-02  4.008e+00  1.064e-01  
4.398e-02  3.238e+00  3.565e+00  
