2.002e+00  9.421e-03  
9.876e-02  3.998e+00  
2.002e+00  1.602e-02  
2.002e+00  2.441e-02  
2.002e+00  5.885e-02  
2.002e+00  7.344e-02  
2.001e+00  9.892e-02  
2.001e+00  1.219e-01  
2.001e+00  1.428e-01  
2.000e+00  1.601e-01  
2.000e+00  1.885e-01  
1.999e+00  2.126e-01  
1.999e+00  2.363e-01  
1.998e+00  2.596e-01  
1.997e+00  2.843e-01  
1.996e+00  3.122e-01  
1.995e+00  3.375e-01  
1.994e+00  3.650e-01  
1.993e+00  3.894e-01  
1.991e+00  4.188e-01  
1.990e+00  4.485e-01  
1.988e+00  4.776e-01  
1.987e+00  5.071e-01  
1.985e+00  5.380e-01  
1.982e+00  5.690e-01  
1.980e+00  6.018e-01  
1.977e+00  6.344e-01  
1.975e+00  6.677e-01  
1.972e+00  7.019e-01  
1.968e+00  7.369e-01  
1.965e+00  7.731e-01  
1.961e+00  8.101e-01  
1.957e+00  8.476e-01  
1.953e+00  8.855e-01  
1.949e+00  9.247e-01  
1.944e+00  9.656e-01  
1.938e+00  1.007e+00  
1.933e+00  1.051e+00  
1.927e+00  1.093e+00  
1.921e+00  1.137e+00  
1.914e+00  1.183e+00  
1.906e+00  1.227e+00  
1.898e+00  1.276e+00  
1.890e+00  1.325e+00  
1.881e+00  1.373e+00  
1.872e+00  1.423e+00  
1.862e+00  1.476e+00  
1.851e+00  1.528e+00  
1.840e+00  1.581e+00  
1.828e+00  1.634e+00  
1.815e+00  1.691e+00  
1.802e+00  1.747e+00  
1.788e+00  1.805e+00  
1.773e+00  1.863e+00  
1.757e+00  1.922e+00  
1.740e+00  1.983e+00  
1.722e+00  2.043e+00  
1.704e+00  2.105e+00  
1.684e+00  2.167e+00  
1.663e+00  2.231e+00  
1.642e+00  2.295e+00  
1.618e+00  2.359e+00  
1.595e+00  2.423e+00  
1.570e+00  2.488e+00  
1.543e+00  2.553e+00  
1.516e+00  2.617e+00  
1.487e+00  2.683e+00  
1.457e+00  2.747e+00  
1.426e+00  2.812e+00  
1.394e+00  2.876e+00  
1.361e+00  2.940e+00  
1.326e+00  3.002e+00  
1.290e+00  3.064e+00  
1.253e+00  3.124e+00  
1.215e+00  3.184e+00  
1.176e+00  3.242e+00  
1.136e+00  3.299e+00  
1.095e+00  3.353e+00  
1.053e+00  3.406e+00  
1.011e+00  3.458e+00  
9.673e-01  3.506e+00  
9.233e-01  3.554e+00  
8.789e-01  3.599e+00  
8.337e-01  3.641e+00  
7.882e-01  3.681e+00  
7.427e-01  3.719e+00  
6.969e-01  3.754e+00  
6.504e-01  3.787e+00  
6.048e-01  3.817e+00  
5.589e-01  3.845e+00  
5.127e-01  3.870e+00  
4.673e-01  3.893e+00  
4.219e-01  3.913e+00  
3.772e-01  3.931e+00  
3.328e-01  3.948e+00  
2.883e-01  3.961e+00  
2.448e-01  3.973e+00  
2.017e-01  3.983e+00  
1.599e-01  3.990e+00  
1.191e-01  3.996e+00  
