2.214e+00  2.188e-01  
1.166e-01  4.102e+00  
2.213e+00  2.287e-01  
2.211e+00  2.486e-01  
2.208e+00  2.717e-01  
2.206e+00  2.960e-01  
2.200e+00  3.184e-01  
2.198e+00  3.315e-01  
2.197e+00  3.631e-01  
2.197e+00  3.903e-01  
2.195e+00  4.099e-01  
2.191e+00  4.390e-01  
2.188e+00  4.643e-01  
2.183e+00  4.798e-01  
2.181e+00  4.966e-01  
2.180e+00  5.309e-01  
2.178e+00  5.667e-01  
2.174e+00  6.019e-01  
2.168e+00  6.311e-01  
2.163e+00  6.587e-01  
2.160e+00  6.842e-01  
2.158e+00  7.196e-01  
2.152e+00  7.526e-01  
2.146e+00  7.779e-01  
2.140e+00  8.126e-01  
2.137e+00  8.446e-01  
2.130e+00  8.827e-01  
2.118e+00  9.152e-01  
2.113e+00  9.591e-01  
2.108e+00  9.875e-01  
2.102e+00  1.034e+00  
2.095e+00  1.071e+00  
2.083e+00  1.104e+00  
2.076e+00  1.146e+00  
2.069e+00  1.187e+00  
2.061e+00  1.228e+00  
2.048e+00  1.268e+00  
2.039e+00  1.300e+00  
2.032e+00  1.350e+00  
2.022e+00  1.398e+00  
2.004e+00  1.438e+00  
1.996e+00  1.488e+00  
1.987e+00  1.533e+00  
1.974e+00  1.576e+00  
1.954e+00  1.626e+00  
1.944e+00  1.676e+00  
1.932e+00  1.726e+00  
1.913e+00  1.777e+00  
1.902e+00  1.820e+00  
1.885e+00  1.877e+00  
1.871e+00  1.937e+00  
1.849e+00  1.986e+00  
1.831e+00  2.035e+00  
1.811e+00  2.095e+00  
1.785e+00  2.143e+00  
1.765e+00  2.202e+00  
1.743e+00  2.257e+00  
1.715e+00  2.306e+00  
1.694e+00  2.367e+00  
1.666e+00  2.418e+00  
1.639e+00  2.474e+00  
1.613e+00  2.531e+00  
1.580e+00  2.580e+00  
1.552e+00  2.641e+00  
1.522e+00  2.696e+00  
1.488e+00  2.746e+00  
1.458e+00  2.803e+00  
1.422e+00  2.851e+00  
1.392e+00  2.910e+00  
1.361e+00  2.973e+00  
1.328e+00  3.032e+00  
1.295e+00  3.094e+00  
1.262e+00  3.154e+00  
1.228e+00  3.217e+00  
1.191e+00  3.275e+00  
1.155e+00  3.333e+00  
1.116e+00  3.391e+00  
1.077e+00  3.446e+00  
1.039e+00  3.503e+00  
9.971e-01  3.553e+00  
9.568e-01  3.602e+00  
9.140e-01  3.650e+00  
8.719e-01  3.696e+00  
8.282e-01  3.738e+00  
7.847e-01  3.779e+00  
7.392e-01  3.818e+00  
6.967e-01  3.852e+00  
6.519e-01  3.886e+00  
6.079e-01  3.914e+00  
5.630e-01  3.944e+00  
5.184e-01  3.970e+00  
4.716e-01  3.990e+00  
4.300e-01  4.010e+00  
3.852e-01  4.027e+00  
3.436e-01  4.044e+00  
3.002e-01  4.058e+00  
2.579e-01  4.071e+00  
2.148e-01  4.081e+00  
1.717e-01  4.089e+00  
1.336e-01  4.097e+00  
