2.191e+00  1.923e-01  
9.992e-02  4.097e+00  
2.191e+00  1.923e-01  
2.191e+00  2.162e-01  
2.191e+00  2.434e-01  
2.191e+00  2.610e-01  
2.191e+00  2.902e-01  
2.190e+00  3.118e-01  
2.190e+00  3.336e-01  
2.188e+00  3.652e-01  
2.187e+00  3.829e-01  
2.184e+00  4.156e-01  
2.180e+00  4.393e-01  
2.173e+00  4.681e-01  
2.167e+00  4.917e-01  
2.161e+00  5.130e-01  
2.159e+00  5.438e-01  
2.158e+00  5.709e-01  
2.156e+00  6.084e-01  
2.155e+00  6.343e-01  
2.153e+00  6.673e-01  
2.151e+00  6.970e-01  
2.148e+00  7.330e-01  
2.144e+00  7.663e-01  
2.138e+00  7.988e-01  
2.129e+00  8.324e-01  
2.118e+00  8.650e-01  
2.110e+00  8.928e-01  
2.106e+00  9.344e-01  
2.102e+00  9.727e-01  
2.098e+00  1.008e+00  
2.094e+00  1.049e+00  
2.088e+00  1.089e+00  
2.081e+00  1.131e+00  
2.072e+00  1.171e+00  
2.058e+00  1.208e+00  
2.042e+00  1.247e+00  
2.037e+00  1.291e+00  
2.029e+00  1.335e+00  
2.022e+00  1.383e+00  
2.014e+00  1.429e+00  
2.006e+00  1.480e+00  
1.996e+00  1.529e+00  
1.978e+00  1.571e+00  
1.957e+00  1.614e+00  
1.944e+00  1.665e+00  
1.932e+00  1.717e+00  
1.920e+00  1.767e+00  
1.907e+00  1.821e+00  
1.892e+00  1.877e+00  
1.867e+00  1.921e+00  
1.841e+00  1.969e+00  
1.826e+00  2.024e+00  
1.809e+00  2.085e+00  
1.792e+00  2.141e+00  
1.771e+00  2.197e+00  
1.739e+00  2.245e+00  
1.714e+00  2.299e+00  
1.692e+00  2.359e+00  
1.670e+00  2.419e+00  
1.646e+00  2.480e+00  
1.612e+00  2.533e+00  
1.577e+00  2.571e+00  
1.551e+00  2.634e+00  
1.524e+00  2.695e+00  
1.494e+00  2.757e+00  
1.459e+00  2.808e+00  
1.418e+00  2.846e+00  
1.389e+00  2.913e+00  
1.354e+00  2.969e+00  
1.322e+00  3.029e+00  
1.287e+00  3.090e+00  
1.251e+00  3.139e+00  
1.215e+00  3.203e+00  
1.178e+00  3.259e+00  
1.138e+00  3.308e+00  
1.099e+00  3.364e+00  
1.061e+00  3.422e+00  
1.023e+00  3.478e+00  
9.825e-01  3.533e+00  
9.414e-01  3.584e+00  
8.988e-01  3.631e+00  
8.573e-01  3.678e+00  
8.145e-01  3.726e+00  
7.708e-01  3.771e+00  
7.262e-01  3.809e+00  
6.818e-01  3.844e+00  
6.380e-01  3.876e+00  
5.927e-01  3.911e+00  
5.493e-01  3.942e+00  
5.038e-01  3.968e+00  
4.599e-01  3.993e+00  
4.154e-01  4.013e+00  
3.710e-01  4.030e+00  
3.282e-01  4.049e+00  
2.848e-01  4.064e+00  
2.427e-01  4.076e+00  
1.998e-01  4.085e+00  
1.591e-01  4.092e+00  
1.172e-01  4.096e+00  
