2.227e+00  2.376e-01  2.776e-01  
1.041e-01  4.082e+00  1.299e-01  
9.787e-02  8.295e-02  6.080e+00  
2.227e+00  2.376e-01  2.776e-01  
2.221e+00  4.047e-01  2.339e-01  
2.212e+00  2.217e-01  5.342e-01  
2.199e+00  7.260e-01  2.234e-01  
2.211e+00  2.807e-01  4.852e-01  
2.208e+00  4.949e-01  3.720e-01  
2.189e+00  2.127e-01  9.901e-01  
2.134e+00  1.219e+00  2.068e-01  
2.194e+00  4.654e-01  6.079e-01  
2.186e+00  7.352e-01  4.108e-01  
2.188e+00  2.343e-01  9.381e-01  
2.165e+00  9.654e-01  3.281e-01  
2.181e+00  4.344e-01  9.278e-01  
2.171e+00  7.424e-01  6.432e-01  
2.119e+00  2.006e-01  1.826e+00  
1.958e+00  2.017e+00  1.895e-01  
2.161e+00  7.536e-01  8.555e-01  
2.129e+00  1.157e+00  5.479e-01  
2.153e+00  4.260e-01  1.363e+00  
2.086e+00  1.439e+00  3.788e-01  
2.144e+00  6.761e-01  1.267e+00  
2.114e+00  1.137e+00  8.507e-01  
2.118e+00  2.374e-01  1.823e+00  
2.019e+00  1.764e+00  2.993e-01  
2.113e+00  9.085e-01  1.314e+00  
2.068e+00  1.443e+00  8.337e-01  
2.092e+00  3.997e-01  1.964e+00  
2.010e+00  1.783e+00  5.995e-01  
2.080e+00  7.211e-01  1.812e+00  
2.057e+00  1.358e+00  1.247e+00  
1.905e+00  1.801e-01  3.144e+00  
1.660e+00  2.810e+00  1.694e-01  
2.035e+00  1.356e+00  1.501e+00  
1.936e+00  2.008e+00  8.090e-01  
2.020e+00  7.155e-01  2.289e+00  
1.837e+00  2.369e+00  4.036e-01  
2.008e+00  1.122e+00  2.055e+00  
1.927e+00  1.906e+00  1.302e+00  
1.941e+00  4.069e-01  2.924e+00  
1.706e+00  2.700e+00  3.139e-01  
1.946e+00  1.508e+00  2.075e+00  
1.828e+00  2.271e+00  1.198e+00  
1.901e+00  6.864e-01  3.029e+00  
1.700e+00  2.670e+00  6.953e-01  
1.890e+00  1.201e+00  2.773e+00  
1.815e+00  2.124e+00  1.764e+00  
1.776e+00  2.145e-01  3.728e+00  
1.480e+00  3.155e+00  2.738e-01  
1.795e+00  1.940e+00  2.356e+00  
1.619e+00  2.758e+00  1.249e+00  
1.758e+00  9.497e-01  3.551e+00  
1.462e+00  3.126e+00  7.269e-01  
1.732e+00  1.574e+00  3.182e+00  
1.604e+00  2.592e+00  1.962e+00  
1.604e+00  4.337e-01  4.292e+00  
1.293e+00  3.392e+00  5.324e-01  
1.619e+00  1.997e+00  3.109e+00  
1.438e+00  2.969e+00  1.739e+00  
1.527e+00  7.737e-01  4.401e+00  
1.277e+00  3.341e+00  1.123e+00  
1.507e+00  1.481e+00  4.003e+00  
1.406e+00  2.717e+00  2.576e+00  
8.034e-01  1.724e-01  5.799e+00  
5.458e-01  4.014e+00  1.556e-01  
1.318e+00  2.737e+00  2.857e+00  
1.093e+00  3.511e+00  1.315e+00  
1.295e+00  1.471e+00  4.513e+00  
9.372e-01  3.757e+00  6.696e-01  
1.229e+00  2.269e+00  3.899e+00  
1.052e+00  3.359e+00  2.150e+00  
1.102e+00  7.604e-01  5.252e+00  
7.682e-01  3.886e+00  3.960e-01  
1.058e+00  2.701e+00  3.613e+00  
8.659e-01  3.625e+00  1.779e+00  
9.719e-01  1.193e+00  5.205e+00  
7.227e-01  3.849e+00  1.037e+00  
9.261e-01  2.086e+00  4.700e+00  
8.015e-01  3.380e+00  2.772e+00  
7.616e-01  4.017e-01  5.730e+00  
5.241e-01  4.014e+00  2.809e-01  
7.305e-01  3.088e+00  3.637e+00  
5.727e-01  3.819e+00  1.644e+00  
6.727e-01  1.523e+00  5.525e+00  
4.586e-01  3.987e+00  8.750e-01  
6.051e-01  2.459e+00  4.831e+00  
4.925e-01  3.651e+00  2.623e+00  
4.727e-01  2.800e-01  5.955e+00  
3.276e-01  4.042e+00  5.528e-01  
4.306e-01  2.910e+00  4.404e+00  
3.274e-01  3.836e+00  2.159e+00  
3.384e-01  1.471e-01  6.025e+00  
2.428e-01  4.007e+00  1.265e+00  
2.744e-01  2.083e+00  5.469e+00  
2.138e-01  3.540e+00  3.283e+00  
1.768e-01  9.989e-02  6.074e+00  
1.210e-01  4.078e+00  1.301e-01  
1.192e-01  4.034e+00  1.187e+00  
