2.191e+00  1.975e-01  1.916e-01  
2.548e-02  4.008e+00  1.299e-02  
4.794e-02  4.349e-02  6.043e+00  
2.191e+00  1.975e-01  1.916e-01  
2.172e+00  5.325e-01  1.797e-01  
2.188e+00  1.905e-01  4.315e-01  
2.111e+00  1.101e+00  1.666e-01  
2.189e+00  2.355e-01  3.781e-01  
2.174e+00  4.627e-01  2.636e-01  
2.163e+00  1.793e-01  9.415e-01  
1.932e+00  1.898e+00  1.365e-01  
2.173e+00  4.379e-01  5.188e-01  
2.158e+00  7.067e-01  3.029e-01  
2.166e+00  2.346e-01  8.605e-01  
2.131e+00  9.412e-01  2.022e-01  
2.157e+00  4.134e-01  8.333e-01  
2.144e+00  7.466e-01  5.074e-01  
2.087e+00  1.598e-01  1.760e+00  
1.551e+00  2.857e+00  1.034e-01  
2.137e+00  7.321e-01  7.867e-01  
2.093e+00  1.140e+00  4.394e-01  
2.129e+00  3.902e-01  1.288e+00  
2.052e+00  1.433e+00  1.565e-01  
2.114e+00  6.535e-01  1.178e+00  
2.087e+00  1.131e+00  7.562e-01  
2.085e+00  2.156e-01  1.747e+00  
1.975e+00  1.756e+00  1.448e-01  
2.090e+00  8.650e-01  1.218e+00  
2.031e+00  1.428e+00  7.065e-01  
2.065e+00  3.745e-01  1.896e+00  
1.963e+00  1.768e+00  4.046e-01  
2.054e+00  7.137e-01  1.732e+00  
2.013e+00  1.338e+00  1.142e+00  
1.920e+00  1.354e-01  2.841e+00  
9.456e-01  3.658e+00  6.992e-02  
1.993e+00  1.346e+00  1.405e+00  
1.885e+00  1.985e+00  6.968e-01  
1.986e+00  7.151e-01  2.232e+00  
1.783e+00  2.350e+00  2.859e-01  
1.960e+00  1.144e+00  1.973e+00  
1.884e+00  1.902e+00  1.205e+00  
1.910e+00  3.638e-01  2.872e+00  
1.649e+00  2.685e+00  1.165e-01  
1.888e+00  1.478e+00  1.977e+00  
1.775e+00  2.256e+00  1.091e+00  
1.862e+00  6.582e-01  2.991e+00  
1.636e+00  2.642e+00  6.724e-01  
1.839e+00  1.174e+00  2.690e+00  
1.750e+00  2.090e+00  1.707e+00  
1.743e+00  1.791e-01  3.701e+00  
1.403e+00  3.105e+00  1.526e-01  
1.723e+00  1.901e+00  2.253e+00  
1.557e+00  2.725e+00  1.110e+00  
1.704e+00  9.236e-01  3.481e+00  
1.400e+00  3.095e+00  5.372e-01  
1.672e+00  1.540e+00  3.091e+00  
1.544e+00  2.551e+00  1.843e+00  
1.552e+00  3.882e-01  4.224e+00  
1.222e+00  3.352e+00  4.059e-01  
1.542e+00  1.950e+00  2.990e+00  
1.378e+00  2.946e+00  1.645e+00  
1.464e+00  7.254e-01  4.319e+00  
1.201e+00  3.299e+00  1.003e+00  
1.441e+00  1.458e+00  3.925e+00  
1.339e+00  2.686e+00  2.494e+00  
1.261e+00  1.156e-01  4.967e+00  
4.713e-01  3.933e+00  3.972e-02  
1.255e+00  2.708e+00  2.768e+00  
1.026e+00  3.465e+00  1.191e+00  
1.230e+00  1.441e+00  4.411e+00  
8.595e-01  3.694e+00  5.571e-01  
1.167e+00  2.244e+00  3.785e+00  
9.793e-01  3.306e+00  2.030e+00  
1.034e+00  7.270e-01  5.203e+00  
6.933e-01  3.823e+00  2.162e-01  
9.803e-01  2.666e+00  3.499e+00  
7.932e-01  3.563e+00  1.670e+00  
8.982e-01  1.164e+00  5.176e+00  
6.478e-01  3.798e+00  9.113e-01  
8.594e-01  2.061e+00  4.631e+00  
7.291e-01  3.329e+00  2.652e+00  
6.978e-01  3.708e-01  5.706e+00  
4.493e-01  3.943e+00  3.940e-02  
6.612e-01  3.066e+00  3.547e+00  
5.011e-01  3.765e+00  1.519e+00  
6.089e-01  1.509e+00  5.501e+00  
3.790e-01  3.927e+00  7.671e-01  
5.372e-01  2.453e+00  4.781e+00  
4.215e-01  3.614e+00  2.537e+00  
4.063e-01  1.622e-01  5.936e+00  
2.492e-01  3.983e+00  4.382e-01  
3.543e-01  2.917e+00  4.355e+00  
2.336e-01  3.799e+00  2.037e+00  
2.714e-01  1.079e+00  5.974e+00  
1.661e-01  3.947e+00  1.156e+00  
2.000e-01  2.073e+00  5.405e+00  
1.478e-01  3.530e+00  3.173e+00  
1.039e-01  5.028e-02  6.041e+00  
3.599e-02  4.007e+00  1.250e-02  
2.562e-02  4.008e+00  1.313e-02  
