2.195e+00  1.989e-01  
1.128e-01  4.103e+00  
2.194e+00  2.034e-01  
2.194e+00  2.310e-01  
2.194e+00  2.438e-01  
2.191e+00  2.751e-01  
2.189e+00  2.964e-01  
2.186e+00  3.211e-01  
2.181e+00  3.428e-01  
2.180e+00  3.602e-01  
2.180e+00  3.925e-01  
2.179e+00  4.177e-01  
2.177e+00  4.455e-01  
2.173e+00  4.702e-01  
2.169e+00  4.980e-01  
2.164e+00  5.257e-01  
2.161e+00  5.534e-01  
2.160e+00  5.800e-01  
2.158e+00  6.058e-01  
2.155e+00  6.424e-01  
2.149e+00  6.724e-01  
2.143e+00  7.028e-01  
2.139e+00  7.286e-01  
2.138e+00  7.663e-01  
2.134e+00  7.993e-01  
2.128e+00  8.343e-01  
2.121e+00  8.677e-01  
2.113e+00  9.017e-01  
2.111e+00  9.301e-01  
2.106e+00  9.737e-01  
2.100e+00  1.014e+00  
2.092e+00  1.050e+00  
2.082e+00  1.087e+00  
2.076e+00  1.122e+00  
2.071e+00  1.166e+00  
2.064e+00  1.211e+00  
2.050e+00  1.251e+00  
2.041e+00  1.293e+00  
2.034e+00  1.339e+00  
2.026e+00  1.382e+00  
2.007e+00  1.426e+00  
1.998e+00  1.470e+00  
1.989e+00  1.518e+00  
1.976e+00  1.566e+00  
1.956e+00  1.609e+00  
1.945e+00  1.661e+00  
1.933e+00  1.714e+00  
1.916e+00  1.755e+00  
1.899e+00  1.808e+00  
1.887e+00  1.866e+00  
1.873e+00  1.920e+00  
1.854e+00  1.976e+00  
1.832e+00  2.025e+00  
1.813e+00  2.081e+00  
1.788e+00  2.130e+00  
1.767e+00  2.184e+00  
1.745e+00  2.243e+00  
1.717e+00  2.293e+00  
1.697e+00  2.354e+00  
1.667e+00  2.407e+00  
1.643e+00  2.463e+00  
1.618e+00  2.524e+00  
1.585e+00  2.572e+00  
1.558e+00  2.633e+00  
1.529e+00  2.688e+00  
1.496e+00  2.744e+00  
1.467e+00  2.800e+00  
1.432e+00  2.850e+00  
1.400e+00  2.914e+00  
1.365e+00  2.968e+00  
1.334e+00  3.028e+00  
1.296e+00  3.088e+00  
1.264e+00  3.148e+00  
1.228e+00  3.204e+00  
1.192e+00  3.263e+00  
1.156e+00  3.313e+00  
1.113e+00  3.383e+00  
1.073e+00  3.425e+00  
1.034e+00  3.479e+00  
9.927e-01  3.532e+00  
9.514e-01  3.578e+00  
9.088e-01  3.627e+00  
8.678e-01  3.675e+00  
8.238e-01  3.719e+00  
7.805e-01  3.760e+00  
7.377e-01  3.800e+00  
6.936e-01  3.837e+00  
6.483e-01  3.874e+00  
6.052e-01  3.905e+00  
5.605e-01  3.937e+00  
5.163e-01  3.965e+00  
4.718e-01  3.988e+00  
4.277e-01  4.009e+00  
3.828e-01  4.028e+00  
3.400e-01  4.046e+00  
2.919e-01  4.061e+00  
2.542e-01  4.073e+00  
2.135e-01  4.085e+00  
1.705e-01  4.092e+00  
1.310e-01  4.100e+00  
