2.218e+00  2.360e-01  
2.104e-01  4.186e+00  
2.212e+00  2.451e-01  
2.210e+00  2.605e-01  
2.205e+00  2.875e-01  
2.203e+00  3.092e-01  
2.202e+00  3.284e-01  
2.197e+00  3.528e-01  
2.196e+00  3.769e-01  
2.195e+00  3.984e-01  
2.190e+00  4.239e-01  
2.190e+00  4.415e-01  
2.186e+00  4.707e-01  
2.185e+00  4.965e-01  
2.182e+00  5.146e-01  
2.180e+00  5.444e-01  
2.175e+00  5.683e-01  
2.175e+00  6.036e-01  
2.171e+00  6.306e-01  
2.166e+00  6.593e-01  
2.164e+00  6.896e-01  
2.159e+00  7.107e-01  
2.155e+00  7.275e-01  
2.153e+00  7.647e-01  
2.146e+00  8.097e-01  
2.142e+00  8.405e-01  
2.136e+00  8.736e-01  
2.133e+00  9.106e-01  
2.126e+00  9.443e-01  
2.121e+00  9.777e-01  
2.113e+00  1.009e+00  
2.108e+00  1.049e+00  
2.100e+00  1.087e+00  
2.095e+00  1.120e+00  
2.086e+00  1.162e+00  
2.078e+00  1.203e+00  
2.069e+00  1.242e+00  
2.061e+00  1.275e+00  
2.052e+00  1.325e+00  
2.040e+00  1.369e+00  
2.033e+00  1.416e+00  
2.020e+00  1.457e+00  
2.012e+00  1.497e+00  
2.002e+00  1.548e+00  
1.989e+00  1.597e+00  
1.975e+00  1.643e+00  
1.963e+00  1.688e+00  
1.948e+00  1.742e+00  
1.934e+00  1.791e+00  
1.917e+00  1.834e+00  
1.901e+00  1.889e+00  
1.882e+00  1.940e+00  
1.866e+00  1.991e+00  
1.850e+00  2.046e+00  
1.828e+00  2.102e+00  
1.810e+00  2.150e+00  
1.785e+00  2.212e+00  
1.767e+00  2.259e+00  
1.740e+00  2.319e+00  
1.718e+00  2.370e+00  
1.693e+00  2.432e+00  
1.671e+00  2.481e+00  
1.647e+00  2.542e+00  
1.614e+00  2.602e+00  
1.583e+00  2.652e+00  
1.554e+00  2.701e+00  
1.519e+00  2.759e+00  
1.488e+00  2.815e+00  
1.456e+00  2.864e+00  
1.425e+00  2.929e+00  
1.396e+00  2.992e+00  
1.367e+00  3.055e+00  
1.335e+00  3.118e+00  
1.302e+00  3.182e+00  
1.267e+00  3.245e+00  
1.234e+00  3.305e+00  
1.198e+00  3.365e+00  
1.161e+00  3.425e+00  
1.120e+00  3.484e+00  
1.084e+00  3.539e+00  
1.043e+00  3.594e+00  
1.004e+00  3.646e+00  
9.624e-01  3.697e+00  
9.200e-01  3.745e+00  
8.781e-01  3.790e+00  
8.350e-01  3.834e+00  
7.894e-01  3.874e+00  
7.473e-01  3.911e+00  
7.035e-01  3.947e+00  
6.593e-01  3.979e+00  
6.155e-01  4.009e+00  
5.711e-01  4.036e+00  
5.271e-01  4.063e+00  
4.836e-01  4.085e+00  
4.378e-01  4.104e+00  
3.970e-01  4.122e+00  
3.526e-01  4.138e+00  
3.114e-01  4.151e+00  
2.706e-01  4.162e+00  
2.267e-01  4.174e+00  
