2.233e+00  2.963e-01  
2.617e-01  4.231e+00  
2.231e+00  3.061e-01  
2.225e+00  3.236e-01  
2.222e+00  3.436e-01  
2.219e+00  3.658e-01  
2.216e+00  3.898e-01  
2.212e+00  4.121e-01  
2.211e+00  4.335e-01  
2.208e+00  4.470e-01  
2.205e+00  4.738e-01  
2.203e+00  5.038e-01  
2.200e+00  5.262e-01  
2.197e+00  5.501e-01  
2.194e+00  5.683e-01  
2.192e+00  6.008e-01  
2.189e+00  6.140e-01  
2.187e+00  6.547e-01  
2.182e+00  6.810e-01  
2.179e+00  7.077e-01  
2.174e+00  7.406e-01  
2.171e+00  7.662e-01  
2.166e+00  7.982e-01  
2.162e+00  8.231e-01  
2.157e+00  8.605e-01  
2.153e+00  8.919e-01  
2.148e+00  9.214e-01  
2.143e+00  9.544e-01  
2.137e+00  9.831e-01  
2.131e+00  1.025e+00  
2.126e+00  1.059e+00  
2.119e+00  1.096e+00  
2.113e+00  1.127e+00  
2.105e+00  1.167e+00  
2.097e+00  1.200e+00  
2.089e+00  1.245e+00  
2.080e+00  1.284e+00  
2.072e+00  1.323e+00  
2.063e+00  1.365e+00  
2.053e+00  1.401e+00  
2.043e+00  1.448e+00  
2.033e+00  1.492e+00  
2.022e+00  1.536e+00  
2.013e+00  1.577e+00  
2.002e+00  1.629e+00  
1.989e+00  1.672e+00  
1.976e+00  1.718e+00  
1.962e+00  1.770e+00  
1.948e+00  1.818e+00  
1.934e+00  1.870e+00  
1.915e+00  1.918e+00  
1.900e+00  1.964e+00  
1.883e+00  2.013e+00  
1.865e+00  2.071e+00  
1.844e+00  2.124e+00  
1.827e+00  2.174e+00  
1.805e+00  2.231e+00  
1.781e+00  2.281e+00  
1.765e+00  2.342e+00  
1.736e+00  2.385e+00  
1.711e+00  2.448e+00  
1.683e+00  2.499e+00  
1.658e+00  2.557e+00  
1.630e+00  2.598e+00  
1.599e+00  2.656e+00  
1.571e+00  2.708e+00  
1.539e+00  2.756e+00  
1.505e+00  2.807e+00  
1.473e+00  2.854e+00  
1.448e+00  2.921e+00  
1.419e+00  2.989e+00  
1.393e+00  3.060e+00  
1.366e+00  3.129e+00  
1.335e+00  3.194e+00  
1.304e+00  3.256e+00  
1.272e+00  3.323e+00  
1.239e+00  3.393e+00  
1.206e+00  3.465e+00  
1.168e+00  3.525e+00  
1.130e+00  3.581e+00  
1.089e+00  3.636e+00  
1.050e+00  3.688e+00  
1.009e+00  3.739e+00  
9.678e-01  3.787e+00  
9.251e-01  3.832e+00  
8.825e-01  3.874e+00  
8.371e-01  3.916e+00  
7.946e-01  3.954e+00  
7.509e-01  3.991e+00  
7.080e-01  4.022e+00  
6.634e-01  4.053e+00  
6.202e-01  4.083e+00  
5.771e-01  4.106e+00  
5.311e-01  4.130e+00  
4.895e-01  4.151e+00  
4.458e-01  4.168e+00  
4.023e-01  4.184e+00  
3.633e-01  4.199e+00  
3.195e-01  4.210e+00  
2.753e-01  4.221e+00  
