2.193e+00  1.985e-01  1.933e-01  
3.822e-02  4.030e+00  3.263e-02  
4.261e-02  3.992e-02  6.040e+00  
2.193e+00  1.985e-01  1.933e-01  
2.176e+00  4.919e-01  1.827e-01  
2.190e+00  1.924e-01  4.659e-01  
2.133e+00  9.287e-01  1.698e-01  
2.190e+00  2.463e-01  3.913e-01  
2.177e+00  4.548e-01  2.797e-01  
2.163e+00  1.816e-01  9.921e-01  
2.004e+00  1.638e+00  1.479e-01  
2.175e+00  4.305e-01  5.013e-01  
2.162e+00  6.861e-01  3.328e-01  
2.167e+00  2.224e-01  8.766e-01  
2.133e+00  9.323e-01  1.704e-01  
2.161e+00  4.047e-01  8.480e-01  
2.145e+00  7.442e-01  5.765e-01  
2.085e+00  1.622e-01  1.814e+00  
1.682e+00  2.600e+00  1.152e-01  
2.139e+00  7.297e-01  7.698e-01  
2.096e+00  1.132e+00  4.401e-01  
2.132e+00  3.762e-01  1.300e+00  
2.057e+00  1.423e+00  2.424e-01  
2.114e+00  6.421e-01  1.189e+00  
2.090e+00  1.125e+00  7.685e-01  
2.091e+00  1.843e-01  1.758e+00  
1.983e+00  1.743e+00  1.604e-01  
2.093e+00  8.815e-01  1.260e+00  
2.040e+00  1.419e+00  6.172e-01  
2.072e+00  3.305e-01  1.912e+00  
1.971e+00  1.751e+00  5.021e-01  
2.059e+00  6.868e-01  1.749e+00  
2.029e+00  1.332e+00  1.181e+00  
1.901e+00  1.394e-01  2.969e+00  
8.862e-01  3.749e+00  9.013e-02  
1.997e+00  1.343e+00  1.421e+00  
1.890e+00  1.974e+00  7.317e-01  
1.990e+00  7.034e-01  2.235e+00  
1.790e+00  2.343e+00  4.031e-01  
1.973e+00  1.138e+00  2.000e+00  
1.888e+00  1.890e+00  1.219e+00  
1.916e+00  3.406e-01  2.878e+00  
1.658e+00  2.670e+00  2.022e-01  
1.906e+00  1.474e+00  2.003e+00  
1.783e+00  2.265e+00  1.110e+00  
1.872e+00  6.518e-01  3.001e+00  
1.647e+00  2.631e+00  6.391e-01  
1.851e+00  1.160e+00  2.701e+00  
1.776e+00  2.102e+00  1.719e+00  
1.742e+00  1.322e-01  3.673e+00  
1.425e+00  3.102e+00  1.744e-01  
1.756e+00  1.902e+00  2.270e+00  
1.569e+00  2.730e+00  1.163e+00  
1.722e+00  8.974e-01  3.492e+00  
1.415e+00  3.104e+00  6.338e-01  
1.698e+00  1.557e+00  3.128e+00  
1.560e+00  2.586e+00  1.868e+00  
1.569e+00  2.730e-01  4.241e+00  
1.245e+00  3.378e+00  4.322e-01  
1.575e+00  1.970e+00  3.034e+00  
1.392e+00  2.947e+00  1.654e+00  
1.498e+00  7.390e-01  4.362e+00  
1.229e+00  3.340e+00  1.009e+00  
1.457e+00  1.456e+00  3.970e+00  
1.358e+00  2.708e+00  2.537e+00  
1.273e+00  1.198e-01  4.975e+00  
4.941e-01  3.958e+00  6.247e-02  
1.272e+00  2.731e+00  2.807e+00  
1.040e+00  3.485e+00  1.230e+00  
1.256e+00  1.442e+00  4.468e+00  
8.835e-01  3.729e+00  4.500e-01  
1.176e+00  2.235e+00  3.824e+00  
1.007e+00  3.322e+00  2.060e+00  
1.051e+00  7.216e-01  5.205e+00  
7.109e-01  3.844e+00  2.473e-01  
1.003e+00  2.674e+00  3.534e+00  
8.110e-01  3.580e+00  1.697e+00  
9.182e-01  1.163e+00  5.177e+00  
6.579e-01  3.818e+00  9.189e-01  
8.703e-01  2.065e+00  4.664e+00  
7.295e-01  3.368e+00  2.666e+00  
7.010e-01  3.526e-01  5.690e+00  
4.650e-01  3.965e+00  6.139e-02  
6.798e-01  3.082e+00  3.596e+00  
5.182e-01  3.790e+00  1.536e+00  
6.189e-01  1.488e+00  5.486e+00  
3.927e-01  3.940e+00  7.962e-01  
5.446e-01  2.442e+00  4.774e+00  
4.325e-01  3.635e+00  2.574e+00  
4.174e-01  1.911e-01  5.927e+00  
2.698e-01  3.997e+00  4.778e-01  
3.643e-01  2.889e+00  4.338e+00  
2.734e-01  3.818e+00  2.067e+00  
2.842e-01  9.135e-02  5.988e+00  
1.812e-01  3.964e+00  1.179e+00  
2.084e-01  2.057e+00  5.410e+00  
1.578e-01  3.515e+00  3.195e+00  
1.171e-01  4.481e-02  6.035e+00  
4.524e-02  4.029e+00  3.856e-02  
4.195e-02  4.030e+00  3.203e-02  
