2.194e+00  1.972e-01  1.947e-01  
4.244e-02  4.030e+00  3.510e-02  
4.472e-02  3.967e-02  6.039e+00  
2.194e+00  1.972e-01  1.947e-01  
2.178e+00  4.907e-01  1.846e-01  
2.190e+00  1.933e-01  4.673e-01  
2.136e+00  9.066e-01  1.713e-01  
2.190e+00  2.551e-01  3.919e-01  
2.178e+00  4.534e-01  2.772e-01  
2.161e+00  1.810e-01  1.020e+00  
2.003e+00  1.636e+00  1.481e-01  
2.175e+00  4.288e-01  5.325e-01  
2.161e+00  7.014e-01  3.268e-01  
2.169e+00  2.319e-01  8.754e-01  
2.134e+00  9.312e-01  1.715e-01  
2.160e+00  4.067e-01  8.425e-01  
2.149e+00  7.347e-01  5.070e-01  
2.077e+00  1.611e-01  1.875e+00  
1.685e+00  2.592e+00  1.157e-01  
2.139e+00  7.259e-01  8.021e-01  
2.100e+00  1.101e+00  4.596e-01  
2.135e+00  3.877e-01  1.290e+00  
2.059e+00  1.413e+00  1.630e-01  
2.116e+00  6.423e-01  1.185e+00  
2.098e+00  1.120e+00  6.907e-01  
2.089e+00  2.083e-01  1.752e+00  
1.983e+00  1.744e+00  1.609e-01  
2.096e+00  8.604e-01  1.262e+00  
2.039e+00  1.413e+00  6.527e-01  
2.070e+00  3.843e-01  1.904e+00  
1.968e+00  1.756e+00  4.791e-01  
2.058e+00  6.991e-01  1.749e+00  
2.020e+00  1.334e+00  1.163e+00  
1.906e+00  1.406e-01  2.958e+00  
1.205e+00  3.401e+00  8.791e-02  
1.999e+00  1.342e+00  1.412e+00  
1.896e+00  1.974e+00  6.887e-01  
1.997e+00  7.017e-01  2.240e+00  
1.794e+00  2.344e+00  1.302e-01  
1.983e+00  1.111e+00  1.996e+00  
1.897e+00  1.888e+00  1.204e+00  
1.919e+00  3.653e-01  2.875e+00  
1.658e+00  2.668e+00  1.293e-01  
1.912e+00  1.466e+00  2.010e+00  
1.783e+00  2.252e+00  1.092e+00  
1.870e+00  6.392e-01  2.997e+00  
1.658e+00  2.651e+00  5.699e-01  
1.861e+00  1.175e+00  2.716e+00  
1.773e+00  2.067e+00  1.725e+00  
1.739e+00  1.787e-01  3.680e+00  
1.425e+00  3.112e+00  1.700e-01  
1.754e+00  1.923e+00  2.281e+00  
1.570e+00  2.724e+00  1.023e+00  
1.733e+00  9.215e-01  3.510e+00  
1.412e+00  3.088e+00  6.117e-01  
1.697e+00  1.550e+00  3.118e+00  
1.562e+00  2.558e+00  1.880e+00  
1.570e+00  3.350e-01  4.238e+00  
1.243e+00  3.360e+00  1.510e-01  
1.576e+00  1.963e+00  3.020e+00  
1.390e+00  2.927e+00  1.645e+00  
1.482e+00  7.063e-01  4.333e+00  
1.227e+00  3.310e+00  9.531e-01  
1.459e+00  1.457e+00  3.967e+00  
1.369e+00  2.703e+00  2.507e+00  
1.287e+00  1.263e-01  4.993e+00  
4.956e-01  3.959e+00  6.218e-02  
1.291e+00  2.738e+00  2.831e+00  
1.045e+00  3.511e+00  1.163e+00  
1.259e+00  1.435e+00  4.467e+00  
8.843e-01  3.725e+00  2.537e-01  
1.182e+00  2.258e+00  3.853e+00  
1.004e+00  3.323e+00  2.068e+00  
1.051e+00  7.177e-01  5.208e+00  
7.166e-01  3.848e+00  2.940e-01  
1.013e+00  2.700e+00  3.559e+00  
8.164e-01  3.584e+00  1.706e+00  
9.287e-01  1.170e+00  5.180e+00  
6.605e-01  3.821e+00  9.459e-01  
8.748e-01  2.065e+00  4.671e+00  
7.491e-01  3.363e+00  2.702e+00  
7.016e-01  3.625e-01  5.686e+00  
4.690e-01  3.966e+00  9.427e-02  
6.825e-01  3.076e+00  3.586e+00  
5.195e-01  3.784e+00  1.542e+00  
6.266e-01  1.485e+00  5.507e+00  
4.013e-01  3.939e+00  7.928e-01  
5.492e-01  2.438e+00  4.776e+00  
4.405e-01  3.636e+00  2.566e+00  
4.172e-01  2.256e-01  5.921e+00  
2.710e-01  3.997e+00  4.804e-01  
3.746e-01  2.896e+00  4.344e+00  
2.800e-01  3.822e+00  2.072e+00  
2.668e-01  1.026e-01  5.997e+00  
1.914e-01  3.973e+00  1.177e+00  
2.073e-01  2.063e+00  5.411e+00  
1.549e-01  3.527e+00  3.204e+00  
1.154e-01  4.639e-02  6.034e+00  
6.349e-02  4.026e+00  8.027e-02  
4.934e-02  4.027e+00  3.276e-02  
