2.195e+00  1.972e-01  
1.145e-01  4.107e+00  
2.194e+00  2.046e-01  
2.194e+00  2.265e-01  
2.193e+00  2.501e-01  
2.192e+00  2.713e-01  
2.190e+00  2.958e-01  
2.186e+00  3.186e-01  
2.181e+00  3.434e-01  
2.180e+00  3.636e-01  
2.180e+00  3.912e-01  
2.179e+00  4.172e-01  
2.177e+00  4.398e-01  
2.174e+00  4.694e-01  
2.170e+00  4.958e-01  
2.165e+00  5.222e-01  
2.162e+00  5.470e-01  
2.161e+00  5.780e-01  
2.159e+00  6.082e-01  
2.156e+00  6.383e-01  
2.152e+00  6.681e-01  
2.146e+00  6.993e-01  
2.139e+00  7.312e-01  
2.137e+00  7.625e-01  
2.134e+00  7.973e-01  
2.130e+00  8.285e-01  
2.121e+00  8.618e-01  
2.112e+00  8.975e-01  
2.109e+00  9.324e-01  
2.105e+00  9.695e-01  
2.100e+00  1.009e+00  
2.090e+00  1.047e+00  
2.079e+00  1.080e+00  
2.074e+00  1.124e+00  
2.069e+00  1.165e+00  
2.061e+00  1.206e+00  
2.050e+00  1.242e+00  
2.039e+00  1.287e+00  
2.033e+00  1.332e+00  
2.024e+00  1.375e+00  
2.010e+00  1.420e+00  
1.997e+00  1.466e+00  
1.990e+00  1.510e+00  
1.974e+00  1.563e+00  
1.958e+00  1.604e+00  
1.948e+00  1.659e+00  
1.937e+00  1.707e+00  
1.919e+00  1.759e+00  
1.905e+00  1.808e+00  
1.888e+00  1.860e+00  
1.873e+00  1.915e+00  
1.853e+00  1.965e+00  
1.833e+00  2.019e+00  
1.816e+00  2.073e+00  
1.791e+00  2.126e+00  
1.771e+00  2.182e+00  
1.750e+00  2.240e+00  
1.723e+00  2.292e+00  
1.703e+00  2.352e+00  
1.674e+00  2.408e+00  
1.649e+00  2.460e+00  
1.624e+00  2.523e+00  
1.595e+00  2.577e+00  
1.566e+00  2.637e+00  
1.535e+00  2.690e+00  
1.501e+00  2.740e+00  
1.468e+00  2.810e+00  
1.433e+00  2.848e+00  
1.403e+00  2.912e+00  
1.372e+00  2.971e+00  
1.337e+00  3.026e+00  
1.300e+00  3.088e+00  
1.268e+00  3.154e+00  
1.228e+00  3.208e+00  
1.191e+00  3.263e+00  
1.155e+00  3.319e+00  
1.118e+00  3.378e+00  
1.078e+00  3.432e+00  
1.038e+00  3.486e+00  
9.969e-01  3.539e+00  
9.575e-01  3.590e+00  
9.151e-01  3.645e+00  
8.744e-01  3.689e+00  
8.314e-01  3.735e+00  
7.868e-01  3.777e+00  
7.433e-01  3.815e+00  
6.969e-01  3.852e+00  
6.530e-01  3.887e+00  
6.069e-01  3.921e+00  
5.630e-01  3.945e+00  
5.196e-01  3.972e+00  
4.752e-01  3.998e+00  
4.287e-01  4.018e+00  
3.847e-01  4.036e+00  
3.412e-01  4.054e+00  
3.007e-01  4.067e+00  
2.580e-01  4.079e+00  
2.151e-01  4.089e+00  
1.720e-01  4.097e+00  
1.308e-01  4.105e+00  
