2.192e+00  1.947e-01  1.921e-01  
2.201e-02  4.014e+00  1.828e-02  
2.803e-02  2.450e-02  6.024e+00  
2.192e+00  1.947e-01  1.921e-01  
2.174e+00  5.057e-01  1.807e-01  
2.188e+00  1.907e-01  4.836e-01  
2.118e+00  1.050e+00  1.677e-01  
2.189e+00  2.468e-01  3.887e-01  
2.176e+00  4.447e-01  2.682e-01  
2.153e+00  1.761e-01  1.077e+00  
2.007e+00  1.606e+00  1.455e-01  
2.174e+00  4.100e-01  5.259e-01  
2.158e+00  6.924e-01  3.149e-01  
2.167e+00  2.091e-01  8.645e-01  
2.133e+00  9.204e-01  1.694e-01  
2.158e+00  3.943e-01  8.404e-01  
2.146e+00  7.255e-01  5.646e-01  
2.075e+00  1.576e-01  1.864e+00  
1.566e+00  2.847e+00  1.088e-01  
2.134e+00  7.189e-01  8.032e-01  
2.096e+00  1.122e+00  4.312e-01  
2.128e+00  3.815e-01  1.289e+00  
2.057e+00  1.416e+00  1.962e-01  
2.115e+00  6.353e-01  1.163e+00  
2.088e+00  1.116e+00  7.559e-01  
2.087e+00  2.028e-01  1.748e+00  
1.980e+00  1.744e+00  1.830e-01  
2.089e+00  8.655e-01  1.251e+00  
2.033e+00  1.412e+00  7.212e-01  
2.067e+00  3.720e-01  1.903e+00  
1.960e+00  1.747e+00  4.940e-01  
2.054e+00  6.967e-01  1.740e+00  
2.014e+00  1.319e+00  1.162e+00  
1.828e+00  1.317e-01  3.310e+00  
1.071e+00  3.538e+00  7.265e-02  
2.000e+00  1.318e+00  1.410e+00  
1.889e+00  1.974e+00  6.992e-01  
1.986e+00  7.039e-01  2.234e+00  
1.782e+00  2.341e+00  3.683e-01  
1.964e+00  1.131e+00  1.983e+00  
1.883e+00  1.887e+00  1.194e+00  
1.910e+00  3.710e-01  2.879e+00  
1.649e+00  2.669e+00  1.128e-01  
1.895e+00  1.469e+00  1.994e+00  
1.770e+00  2.243e+00  1.096e+00  
1.862e+00  6.242e-01  2.986e+00  
1.636e+00  2.633e+00  6.629e-01  
1.846e+00  1.162e+00  2.701e+00  
1.756e+00  2.084e+00  1.696e+00  
1.734e+00  1.882e-01  3.689e+00  
1.408e+00  3.102e+00  1.667e-01  
1.737e+00  1.898e+00  2.281e+00  
1.559e+00  2.723e+00  1.154e+00  
1.701e+00  9.068e-01  3.482e+00  
1.401e+00  3.087e+00  6.383e-01  
1.671e+00  1.537e+00  3.089e+00  
1.535e+00  2.565e+00  1.844e+00  
1.545e+00  3.510e-01  4.225e+00  
1.228e+00  3.357e+00  1.914e-01  
1.552e+00  1.955e+00  3.015e+00  
1.370e+00  2.920e+00  1.629e+00  
1.471e+00  7.231e-01  4.339e+00  
1.206e+00  3.302e+00  1.008e+00  
1.439e+00  1.428e+00  3.929e+00  
1.339e+00  2.687e+00  2.453e+00  
1.195e+00  1.036e-01  5.089e+00  
5.494e-01  3.916e+00  4.672e-02  
1.259e+00  2.709e+00  2.756e+00  
1.025e+00  3.454e+00  1.206e+00  
1.222e+00  1.426e+00  4.404e+00  
8.594e-01  3.693e+00  5.774e-01  
1.148e+00  2.206e+00  3.775e+00  
9.860e-01  3.299e+00  2.032e+00  
1.028e+00  7.008e-01  5.150e+00  
6.937e-01  3.822e+00  1.526e-01  
9.779e-01  2.657e+00  3.499e+00  
7.916e-01  3.570e+00  1.679e+00  
9.065e-01  1.127e+00  5.161e+00  
6.402e-01  3.807e+00  9.355e-01  
8.544e-01  2.049e+00  4.634e+00  
7.248e-01  3.328e+00  2.669e+00  
6.863e-01  3.252e-01  5.671e+00  
4.470e-01  3.947e+00  1.416e-01  
6.599e-01  3.056e+00  3.561e+00  
5.009e-01  3.769e+00  1.535e+00  
5.954e-01  1.483e+00  5.476e+00  
3.735e-01  3.936e+00  7.820e-01  
5.214e-01  2.423e+00  4.763e+00  
4.133e-01  3.598e+00  2.543e+00  
3.993e-01  1.542e-01  5.903e+00  
2.294e-01  3.989e+00  4.630e-01  
3.543e-01  2.870e+00  4.314e+00  
2.594e-01  3.785e+00  2.052e+00  
2.623e-01  7.031e-02  5.967e+00  
1.686e-01  3.946e+00  1.163e+00  
1.977e-01  2.059e+00  5.424e+00  
1.288e-01  3.505e+00  3.187e+00  
1.007e-01  3.280e-02  6.019e+00  
4.674e-02  4.013e+00  2.638e-02  
2.201e-02  4.014e+00  1.828e-02  
