2.231e+00  2.383e-01  2.611e-01  
1.061e-01  4.085e+00  1.199e-01  
1.104e-01  9.600e-02  6.094e+00  
2.231e+00  2.383e-01  2.611e-01  
2.221e+00  4.280e-01  2.350e-01  
2.220e+00  2.296e-01  4.993e-01  
2.196e+00  8.139e-01  2.282e-01  
2.216e+00  3.087e-01  4.721e-01  
2.211e+00  4.924e-01  3.426e-01  
2.196e+00  2.213e-01  9.988e-01  
2.113e+00  1.406e+00  2.112e-01  
2.203e+00  4.795e-01  5.714e-01  
2.187e+00  7.423e-01  3.999e-01  
2.199e+00  2.360e-01  9.455e-01  
2.171e+00  9.742e-01  3.185e-01  
2.190e+00  4.478e-01  9.076e-01  
2.180e+00  7.852e-01  5.725e-01  
2.147e+00  2.160e-01  1.691e+00  
1.852e+00  2.404e+00  1.957e-01  
2.166e+00  7.704e-01  8.821e-01  
2.135e+00  1.163e+00  5.309e-01  
2.161e+00  4.343e-01  1.365e+00  
2.093e+00  1.457e+00  3.255e-01  
2.154e+00  6.893e-01  1.257e+00  
2.122e+00  1.152e+00  8.382e-01  
2.129e+00  2.413e-01  1.820e+00  
2.035e+00  1.787e+00  2.893e-01  
2.124e+00  9.166e-01  1.317e+00  
2.075e+00  1.435e+00  8.012e-01  
2.106e+00  4.271e-01  1.964e+00  
2.016e+00  1.788e+00  4.897e-01  
2.099e+00  7.534e-01  1.815e+00  
2.064e+00  1.365e+00  1.225e+00  
1.895e+00  1.995e-01  3.345e+00  
6.536e-01  3.993e+00  1.699e-01  
2.048e+00  1.361e+00  1.487e+00  
1.944e+00  2.017e+00  7.917e-01  
2.035e+00  7.600e-01  2.291e+00  
1.851e+00  2.394e+00  2.582e-01  
2.015e+00  1.179e+00  2.062e+00  
1.941e+00  1.926e+00  1.238e+00  
1.965e+00  3.995e-01  2.932e+00  
1.719e+00  2.717e+00  3.233e-01  
1.950e+00  1.500e+00  2.044e+00  
1.836e+00  2.293e+00  1.184e+00  
1.921e+00  6.944e-01  3.056e+00  
1.709e+00  2.668e+00  7.798e-01  
1.910e+00  1.206e+00  2.750e+00  
1.824e+00  2.120e+00  1.807e+00  
1.797e+00  2.721e-01  3.743e+00  
1.492e+00  3.190e+00  2.651e-01  
1.807e+00  1.924e+00  2.334e+00  
1.629e+00  2.764e+00  1.200e+00  
1.780e+00  9.420e-01  3.560e+00  
1.474e+00  3.131e+00  7.377e-01  
1.746e+00  1.588e+00  3.141e+00  
1.622e+00  2.609e+00  1.921e+00  
1.624e+00  2.369e-01  4.309e+00  
1.304e+00  3.405e+00  5.146e-01  
1.629e+00  1.999e+00  3.104e+00  
1.457e+00  2.968e+00  1.738e+00  
1.541e+00  7.822e-01  4.399e+00  
1.291e+00  3.343e+00  1.105e+00  
1.525e+00  1.483e+00  4.009e+00  
1.422e+00  2.739e+00  2.605e+00  
9.749e-01  1.844e-01  5.623e+00  
1.221e-01  4.081e+00  1.422e-01  
1.338e+00  2.755e+00  2.852e+00  
1.111e+00  3.524e+00  1.309e+00  
1.311e+00  1.448e+00  4.529e+00  
9.451e-01  3.755e+00  6.553e-01  
1.242e+00  2.265e+00  3.856e+00  
1.062e+00  3.369e+00  2.142e+00  
1.112e+00  7.723e-01  5.238e+00  
7.796e-01  3.909e+00  3.865e-01  
1.046e+00  2.724e+00  3.592e+00  
8.758e-01  3.622e+00  1.778e+00  
9.837e-01  1.195e+00  5.216e+00  
7.156e-01  3.863e+00  1.018e+00  
9.270e-01  2.095e+00  4.700e+00  
8.120e-01  3.393e+00  2.767e+00  
7.627e-01  4.149e-01  5.747e+00  
5.281e-01  4.026e+00  2.678e-01  
7.397e-01  3.092e+00  3.636e+00  
5.826e-01  3.827e+00  1.637e+00  
6.759e-01  1.523e+00  5.521e+00  
4.567e-01  3.987e+00  8.793e-01  
6.092e-01  2.471e+00  4.808e+00  
4.976e-01  3.655e+00  2.628e+00  
4.808e-01  2.382e-01  5.960e+00  
3.198e-01  4.043e+00  5.238e-01  
4.169e-01  2.927e+00  4.388e+00  
3.309e-01  3.845e+00  2.134e+00  
3.431e-01  1.527e-01  6.030e+00  
2.460e-01  4.013e+00  1.255e+00  
2.751e-01  2.101e+00  5.451e+00  
2.162e-01  3.550e+00  3.263e+00  
1.731e-01  1.039e-01  6.083e+00  
1.166e-01  4.081e+00  1.227e-01  
1.256e-01  4.027e+00  1.283e+00  
