2.191e+00  1.919e-01  1.907e-01  
1.004e-02  4.006e+00  5.799e-03  
7.711e-03  7.177e-03  6.007e+00  
2.191e+00  1.919e-01  1.907e-01  
2.181e+00  5.504e-01  1.894e-01  
2.187e+00  1.906e-01  5.170e-01  
2.131e+00  9.230e-01  1.670e-01  
2.190e+00  1.914e-01  3.533e-01  
2.187e+00  4.201e-01  2.391e-01  
2.144e+00  1.705e-01  1.134e+00  
1.976e+00  1.751e+00  1.440e-01  
2.181e+00  4.001e-01  5.123e-01  
2.163e+00  6.742e-01  2.831e-01  
2.173e+00  2.029e-01  8.661e-01  
2.133e+00  9.122e-01  1.812e-01  
2.156e+00  3.834e-01  8.308e-01  
2.147e+00  6.923e-01  5.069e-01  
2.034e+00  1.520e-01  2.182e+00  
1.503e+00  2.946e+00  9.885e-02  
2.139e+00  7.041e-01  7.638e-01  
2.107e+00  1.119e+00  4.149e-01  
2.131e+00  3.649e-01  1.279e+00  
2.058e+00  1.415e+00  2.396e-01  
2.124e+00  6.250e-01  1.186e+00  
2.089e+00  1.104e+00  7.525e-01  
2.096e+00  1.676e-01  1.754e+00  
1.979e+00  1.738e+00  1.560e-01  
2.078e+00  8.566e-01  1.245e+00  
2.032e+00  1.405e+00  7.311e-01  
2.062e+00  3.567e-01  1.902e+00  
1.972e+00  1.756e+00  4.334e-01  
2.053e+00  6.879e-01  1.736e+00  
2.025e+00  1.316e+00  1.162e+00  
1.801e+00  1.201e-01  3.371e+00  
8.166e-01  3.763e+00  6.302e-02  
2.001e+00  1.334e+00  1.373e+00  
1.885e+00  1.969e+00  6.728e-01  
1.995e+00  6.852e-01  2.249e+00  
1.788e+00  2.343e+00  1.256e-01  
1.955e+00  1.115e+00  1.982e+00  
1.883e+00  1.883e+00  1.206e+00  
1.910e+00  3.583e-01  2.886e+00  
1.657e+00  2.687e+00  1.346e-01  
1.899e+00  1.463e+00  1.997e+00  
1.784e+00  2.262e+00  1.089e+00  
1.858e+00  6.210e-01  2.998e+00  
1.636e+00  2.635e+00  6.740e-01  
1.841e+00  1.146e+00  2.702e+00  
1.755e+00  2.083e+00  1.722e+00  
1.728e+00  1.705e-01  3.692e+00  
1.410e+00  3.122e+00  1.067e-01  
1.735e+00  1.896e+00  2.283e+00  
1.562e+00  2.739e+00  1.146e+00  
1.708e+00  8.847e-01  3.507e+00  
1.404e+00  3.110e+00  6.230e-01  
1.669e+00  1.523e+00  3.111e+00  
1.537e+00  2.559e+00  1.865e+00  
1.544e+00  1.603e-01  4.243e+00  
1.217e+00  3.355e+00  4.087e-01  
1.550e+00  1.949e+00  3.033e+00  
1.375e+00  2.939e+00  1.639e+00  
1.465e+00  6.873e-01  4.346e+00  
1.207e+00  3.322e+00  9.912e-01  
1.432e+00  1.429e+00  3.928e+00  
1.326e+00  2.673e+00  2.507e+00  
8.953e-01  9.130e-02  5.542e+00  
4.376e-01  3.948e+00  3.447e-02  
1.247e+00  2.703e+00  2.784e+00  
1.018e+00  3.466e+00  1.204e+00  
1.216e+00  1.418e+00  4.427e+00  
8.534e-01  3.697e+00  5.671e-01  
1.145e+00  2.205e+00  3.803e+00  
9.667e-01  3.305e+00  2.042e+00  
1.023e+00  6.921e-01  5.192e+00  
6.873e-01  3.842e+00  2.659e-01  
9.627e-01  2.638e+00  3.499e+00  
7.852e-01  3.570e+00  1.683e+00  
8.910e-01  1.111e+00  5.140e+00  
6.350e-01  3.790e+00  9.217e-01  
8.418e-01  1.997e+00  4.601e+00  
7.175e-01  3.322e+00  2.658e+00  
6.804e-01  2.686e-01  5.693e+00  
4.359e-01  3.941e+00  1.428e-01  
6.459e-01  3.011e+00  3.521e+00  
4.855e-01  3.763e+00  1.514e+00  
5.840e-01  1.441e+00  5.399e+00  
3.008e-01  3.934e+00  7.730e-01  
5.072e-01  2.375e+00  4.688e+00  
4.009e-01  3.563e+00  2.507e+00  
3.838e-01  5.547e-01  5.891e+00  
1.807e-01  3.980e+00  4.513e-01  
3.363e-01  2.817e+00  4.246e+00  
2.369e-01  3.749e+00  2.030e+00  
2.446e-01  1.025e+00  5.882e+00  
1.548e-01  3.933e+00  1.153e+00  
1.709e-01  1.999e+00  5.320e+00  
1.275e-01  3.447e+00  3.135e+00  
8.685e-02  1.521e-02  6.003e+00  
1.870e-02  4.003e+00  3.502e-03  
2.587e-02  3.636e+00  2.607e+00  
