2.192e+00  1.918e-01  1.918e-01  
3.001e-02  4.021e+00  2.378e-02  
2.813e-02  2.399e-02  6.024e+00  
2.192e+00  1.918e-01  1.918e-01  
2.174e+00  4.943e-01  1.799e-01  
2.185e+00  1.883e-01  5.017e-01  
2.137e+00  8.730e-01  1.684e-01  
2.188e+00  2.294e-01  3.868e-01  
2.175e+00  4.419e-01  2.730e-01  
2.152e+00  1.755e-01  1.085e+00  
1.966e+00  1.787e+00  1.432e-01  
2.174e+00  4.029e-01  5.086e-01  
2.158e+00  6.900e-01  3.154e-01  
2.166e+00  2.096e-01  8.645e-01  
2.133e+00  9.170e-01  1.690e-01  
2.156e+00  3.954e-01  8.407e-01  
2.144e+00  7.301e-01  5.674e-01  
2.082e+00  1.577e-01  1.790e+00  
1.672e+00  2.613e+00  1.115e-01  
2.138e+00  7.133e-01  7.778e-01  
2.097e+00  1.119e+00  3.959e-01  
2.130e+00  3.706e-01  1.286e+00  
2.055e+00  1.411e+00  1.794e-01  
2.114e+00  6.186e-01  1.186e+00  
2.086e+00  1.108e+00  7.438e-01  
2.085e+00  1.794e-01  1.754e+00  
1.981e+00  1.738e+00  1.464e-01  
2.084e+00  8.649e-01  1.256e+00  
2.032e+00  1.407e+00  7.378e-01  
2.068e+00  3.325e-01  1.906e+00  
1.961e+00  1.742e+00  5.000e-01  
2.056e+00  6.838e-01  1.747e+00  
2.015e+00  1.317e+00  1.152e+00  
1.833e+00  1.300e-01  3.273e+00  
1.209e+00  3.376e+00  7.902e-02  
2.000e+00  1.309e+00  1.416e+00  
1.887e+00  1.969e+00  7.246e-01  
1.989e+00  6.912e-01  2.232e+00  
1.787e+00  2.337e+00  3.924e-01  
1.960e+00  1.120e+00  1.988e+00  
1.882e+00  1.880e+00  1.207e+00  
1.915e+00  3.440e-01  2.878e+00  
1.653e+00  2.666e+00  1.139e-01  
1.896e+00  1.455e+00  1.985e+00  
1.772e+00  2.242e+00  1.103e+00  
1.862e+00  6.387e-01  2.992e+00  
1.643e+00  2.627e+00  6.769e-01  
1.842e+00  1.144e+00  2.695e+00  
1.768e+00  2.078e+00  1.734e+00  
1.738e+00  1.504e-01  3.683e+00  
1.413e+00  3.098e+00  1.551e-01  
1.743e+00  1.892e+00  2.241e+00  
1.558e+00  2.712e+00  1.146e+00  
1.712e+00  8.823e-01  3.488e+00  
1.401e+00  3.077e+00  6.458e-01  
1.674e+00  1.513e+00  3.098e+00  
1.550e+00  2.551e+00  1.832e+00  
1.555e+00  3.477e-01  4.221e+00  
1.228e+00  3.344e+00  3.173e-01  
1.562e+00  1.957e+00  3.040e+00  
1.361e+00  2.933e+00  1.640e+00  
1.473e+00  6.339e-01  4.311e+00  
1.210e+00  3.292e+00  9.821e-01  
1.464e+00  1.448e+00  3.963e+00  
1.341e+00  2.670e+00  2.510e+00  
1.267e+00  1.121e-01  4.956e+00  
6.746e-01  3.846e+00  5.296e-02  
1.254e+00  2.685e+00  2.773e+00  
1.028e+00  3.469e+00  1.215e+00  
1.238e+00  1.445e+00  4.464e+00  
8.695e-01  3.693e+00  5.570e-01  
1.152e+00  2.219e+00  3.811e+00  
9.905e-01  3.306e+00  2.047e+00  
1.042e+00  7.081e-01  5.192e+00  
7.008e-01  3.820e+00  2.948e-01  
9.822e-01  2.653e+00  3.508e+00  
8.046e-01  3.574e+00  1.696e+00  
8.983e-01  1.146e+00  5.168e+00  
6.561e-01  3.801e+00  9.197e-01  
8.615e-01  2.043e+00  4.640e+00  
7.319e-01  3.337e+00  2.677e+00  
6.935e-01  3.476e-01  5.669e+00  
4.524e-01  3.946e+00  1.624e-01  
6.627e-01  3.055e+00  3.569e+00  
5.053e-01  3.776e+00  1.542e+00  
5.770e-01  1.487e+00  5.512e+00  
3.887e-01  3.927e+00  7.392e-01  
5.342e-01  2.419e+00  4.763e+00  
4.253e-01  3.613e+00  2.554e+00  
4.057e-01  2.036e-01  5.909e+00  
2.600e-01  3.980e+00  4.687e-01  
3.551e-01  2.870e+00  4.321e+00  
2.546e-01  3.793e+00  2.070e+00  
2.728e-01  1.031e-01  5.976e+00  
1.734e-01  3.958e+00  1.174e+00  
2.061e-01  2.054e+00  5.418e+00  
1.438e-01  3.502e+00  3.193e+00  
9.904e-02  3.454e-02  6.020e+00  
5.076e-02  4.020e+00  4.454e-02  
4.934e-02  4.018e+00  6.741e-01  
