2.315e+00  3.380e-01  4.235e-01  
2.398e-01  4.210e+00  3.017e-01  
2.193e-01  1.976e-01  6.183e+00  
2.315e+00  3.380e-01  4.235e-01  
2.318e+00  4.246e-01  3.583e-01  
2.295e+00  3.179e-01  6.418e-01  
2.301e+00  6.230e-01  3.393e-01  
2.284e+00  4.092e-01  6.275e-01  
2.276e+00  5.855e-01  5.153e-01  
2.270e+00  3.049e-01  1.032e+00  
2.269e+00  9.374e-01  3.266e-01  
2.262e+00  5.596e-01  6.903e-01  
2.246e+00  8.238e-01  5.372e-01  
2.256e+00  3.712e-01  1.091e+00  
2.229e+00  1.050e+00  4.785e-01  
2.244e+00  5.373e-01  1.050e+00  
2.230e+00  8.393e-01  8.035e-01  
2.220e+00  2.949e-01  1.704e+00  
2.196e+00  1.450e+00  3.188e-01  
2.218e+00  8.355e-01  1.026e+00  
2.184e+00  1.227e+00  6.875e-01  
2.212e+00  5.226e-01  1.451e+00  
2.151e+00  1.519e+00  5.238e-01  
2.199e+00  7.668e-01  1.382e+00  
2.171e+00  1.228e+00  9.213e-01  
2.182e+00  3.511e-01  1.926e+00  
2.094e+00  1.843e+00  4.398e-01  
2.171e+00  9.957e-01  1.447e+00  
2.122e+00  1.508e+00  9.645e-01  
2.159e+00  5.243e-01  2.075e+00  
2.071e+00  1.841e+00  7.312e-01  
2.144e+00  8.338e-01  1.904e+00  
2.109e+00  1.432e+00  1.319e+00  
2.182e+00  2.884e-01  2.040e+00  
1.956e+00  2.461e+00  3.161e-01  
2.084e+00  1.437e+00  1.577e+00  
1.999e+00  2.050e+00  9.555e-01  
2.087e+00  8.251e-01  2.388e+00  
1.911e+00  2.424e+00  6.480e-01  
2.058e+00  1.237e+00  2.145e+00  
1.983e+00  1.963e+00  1.415e+00  
2.019e+00  5.136e-01  3.010e+00  
1.800e+00  2.759e+00  4.685e-01  
1.991e+00  1.562e+00  2.146e+00  
1.888e+00  2.318e+00  1.291e+00  
1.972e+00  7.780e-01  3.102e+00  
1.782e+00  2.722e+00  9.125e-01  
1.945e+00  1.276e+00  2.836e+00  
1.870e+00  2.161e+00  1.894e+00  
1.871e+00  3.555e-01  3.818e+00  
1.582e+00  3.224e+00  4.178e-01  
1.847e+00  1.971e+00  2.411e+00  
1.688e+00  2.785e+00  1.373e+00  
1.829e+00  1.040e+00  3.593e+00  
1.555e+00  3.170e+00  8.734e-01  
1.795e+00  1.634e+00  3.211e+00  
1.674e+00  2.624e+00  2.036e+00  
1.687e+00  5.281e-01  4.368e+00  
1.387e+00  3.445e+00  6.521e-01  
1.686e+00  2.046e+00  3.140e+00  
1.523e+00  2.985e+00  1.852e+00  
1.611e+00  8.490e-01  4.448e+00  
1.364e+00  3.366e+00  1.245e+00  
1.578e+00  1.551e+00  4.057e+00  
1.478e+00  2.740e+00  2.678e+00  
1.281e+00  2.796e-01  5.429e+00  
1.086e+00  3.848e+00  3.106e-01  
1.392e+00  2.772e+00  2.884e+00  
1.187e+00  3.531e+00  1.423e+00  
1.383e+00  1.556e+00  4.533e+00  
1.036e+00  3.781e+00  8.211e-01  
1.309e+00  2.293e+00  3.922e+00  
1.146e+00  3.357e+00  2.230e+00  
1.197e+00  8.487e-01  5.285e+00  
8.796e-01  3.940e+00  4.843e-01  
1.143e+00  2.736e+00  3.657e+00  
9.634e-01  3.624e+00  1.863e+00  
1.067e+00  1.278e+00  5.220e+00  
8.288e-01  3.876e+00  1.162e+00  
1.010e+00  2.125e+00  4.698e+00  
9.000e-01  3.387e+00  2.850e+00  
8.657e-01  5.161e-01  5.793e+00  
6.333e-01  4.084e+00  4.347e-01  
8.316e-01  3.106e+00  3.686e+00  
6.845e-01  3.852e+00  1.750e+00  
7.766e-01  1.567e+00  5.500e+00  
5.691e-01  4.016e+00  1.024e+00  
7.037e-01  2.493e+00  4.827e+00  
5.998e-01  3.665e+00  2.733e+00  
5.842e-01  7.254e-01  5.983e+00  
4.469e-01  4.101e+00  7.148e-01  
5.397e-01  2.941e+00  4.421e+00  
4.472e-01  3.872e+00  2.236e+00  
4.522e-01  8.158e-01  6.094e+00  
3.659e-01  4.064e+00  1.379e+00  
3.889e-01  2.159e+00  5.510e+00  
3.358e-01  3.571e+00  3.356e+00  
2.977e-01  2.595e-01  6.163e+00  
2.483e-01  4.186e+00  3.767e-01  
2.366e-01  3.479e+00  3.652e+00  
