2.229e+00  2.359e-01  2.857e-01  
1.174e-01  4.080e+00  1.428e-01  
1.058e-01  8.354e-02  6.081e+00  
2.229e+00  2.359e-01  2.857e-01  
2.225e+00  3.498e-01  2.325e-01  
2.214e+00  2.229e-01  5.537e-01  
2.210e+00  5.835e-01  2.228e-01  
2.212e+00  2.922e-01  4.780e-01  
2.210e+00  4.814e-01  3.698e-01  
2.188e+00  2.162e-01  1.054e+00  
2.166e+00  1.026e+00  2.125e-01  
2.199e+00  4.580e-01  6.270e-01  
2.187e+00  7.345e-01  3.964e-01  
2.192e+00  2.583e-01  9.633e-01  
2.165e+00  9.528e-01  3.103e-01  
2.184e+00  4.454e-01  9.134e-01  
2.171e+00  7.371e-01  6.652e-01  
2.129e+00  1.995e-01  1.711e+00  
1.984e+00  1.957e+00  1.935e-01  
2.160e+00  7.238e-01  8.967e-01  
2.132e+00  1.153e+00  5.450e-01  
2.150e+00  4.245e-01  1.369e+00  
2.088e+00  1.438e+00  3.820e-01  
2.147e+00  6.688e-01  1.251e+00  
2.121e+00  1.129e+00  8.556e-01  
2.118e+00  2.555e-01  1.823e+00  
2.024e+00  1.768e+00  2.746e-01  
2.111e+00  8.951e-01  1.325e+00  
2.071e+00  1.432e+00  8.338e-01  
2.094e+00  4.150e-01  1.968e+00  
2.004e+00  1.773e+00  5.867e-01  
2.086e+00  7.359e-01  1.814e+00  
2.057e+00  1.352e+00  1.251e+00  
1.907e+00  1.820e-01  3.187e+00  
1.700e+00  2.742e+00  1.756e-01  
2.040e+00  1.352e+00  1.500e+00  
1.938e+00  1.996e+00  8.070e-01  
2.024e+00  7.122e-01  2.286e+00  
1.838e+00  2.363e+00  4.772e-01  
2.011e+00  1.161e+00  2.066e+00  
1.930e+00  1.913e+00  1.275e+00  
1.949e+00  4.182e-01  2.924e+00  
1.715e+00  2.693e+00  2.480e-01  
1.940e+00  1.498e+00  2.069e+00  
1.829e+00  2.274e+00  1.152e+00  
1.904e+00  6.762e-01  3.053e+00  
1.700e+00  2.666e+00  7.611e-01  
1.893e+00  1.194e+00  2.777e+00  
1.818e+00  2.099e+00  1.818e+00  
1.781e+00  2.157e-01  3.726e+00  
1.487e+00  3.152e+00  1.668e-01  
1.788e+00  1.918e+00  2.354e+00  
1.630e+00  2.747e+00  1.235e+00  
1.756e+00  9.381e-01  3.552e+00  
1.468e+00  3.105e+00  7.500e-01  
1.731e+00  1.563e+00  3.167e+00  
1.603e+00  2.578e+00  1.949e+00  
1.602e+00  4.120e-01  4.280e+00  
1.302e+00  3.386e+00  4.671e-01  
1.616e+00  1.980e+00  3.091e+00  
1.445e+00  2.952e+00  1.747e+00  
1.523e+00  7.744e-01  4.384e+00  
1.276e+00  3.333e+00  1.112e+00  
1.508e+00  1.458e+00  4.005e+00  
1.404e+00  2.703e+00  2.602e+00  
1.283e+00  1.614e-01  5.090e+00  
9.758e-01  3.767e+00  1.559e-01  
1.315e+00  2.726e+00  2.876e+00  
1.105e+00  3.507e+00  1.316e+00  
1.303e+00  1.480e+00  4.509e+00  
9.380e-01  3.739e+00  6.879e-01  
1.227e+00  2.258e+00  3.882e+00  
1.062e+00  3.355e+00  2.146e+00  
1.105e+00  7.531e-01  5.250e+00  
7.769e-01  3.889e+00  3.537e-01  
1.058e+00  2.698e+00  3.610e+00  
8.748e-01  3.610e+00  1.770e+00  
9.758e-01  1.190e+00  5.196e+00  
7.230e-01  3.837e+00  9.945e-01  
9.284e-01  2.068e+00  4.695e+00  
8.085e-01  3.382e+00  2.736e+00  
7.611e-01  4.053e-01  5.745e+00  
5.307e-01  4.007e+00  2.553e-01  
7.383e-01  3.081e+00  3.621e+00  
5.799e-01  3.816e+00  1.606e+00  
6.738e-01  1.497e+00  5.511e+00  
4.536e-01  3.981e+00  8.688e-01  
6.074e-01  2.444e+00  4.821e+00  
4.977e-01  3.638e+00  2.640e+00  
4.758e-01  2.431e-01  5.944e+00  
3.199e-01  4.038e+00  5.787e-01  
4.346e-01  2.898e+00  4.400e+00  
3.234e-01  3.830e+00  2.160e+00  
3.466e-01  1.468e-01  6.016e+00  
2.509e-01  3.994e+00  1.278e+00  
2.793e-01  2.082e+00  5.466e+00  
2.057e-01  3.533e+00  3.267e+00  
1.827e-01  8.603e-02  6.067e+00  
1.164e-01  4.074e+00  1.457e-01  
1.260e-01  3.912e+00  1.966e+00  
