2.022e+00  2.766e-01  
4.304e-02  4.024e+00  
2.022e+00  2.766e-01  
2.020e+00  3.005e-01  
2.019e+00  3.217e-01  
2.018e+00  3.433e-01  
2.017e+00  3.648e-01  
2.016e+00  3.872e-01  
2.015e+00  4.102e-01  
2.013e+00  4.332e-01  
2.012e+00  4.570e-01  
2.011e+00  4.814e-01  
2.009e+00  5.061e-01  
2.008e+00  5.314e-01  
2.006e+00  5.572e-01  
2.004e+00  5.834e-01  
2.002e+00  6.105e-01  
2.000e+00  6.380e-01  
1.998e+00  6.657e-01  
1.996e+00  6.948e-01  
1.993e+00  7.239e-01  
1.990e+00  7.540e-01  
1.987e+00  7.846e-01  
1.984e+00  8.158e-01  
1.981e+00  8.479e-01  
1.978e+00  8.805e-01  
1.974e+00  9.139e-01  
1.970e+00  9.480e-01  
1.966e+00  9.829e-01  
1.961e+00  1.019e+00  
1.956e+00  1.055e+00  
1.951e+00  1.092e+00  
1.946e+00  1.130e+00  
1.940e+00  1.169e+00  
1.934e+00  1.209e+00  
1.928e+00  1.249e+00  
1.921e+00  1.291e+00  
1.914e+00  1.333e+00  
1.906e+00  1.376e+00  
1.898e+00  1.420e+00  
1.890e+00  1.465e+00  
1.881e+00  1.511e+00  
1.871e+00  1.558e+00  
1.861e+00  1.606e+00  
1.850e+00  1.654e+00  
1.839e+00  1.704e+00  
1.827e+00  1.754e+00  
1.815e+00  1.806e+00  
1.801e+00  1.858e+00  
1.787e+00  1.911e+00  
1.773e+00  1.965e+00  
1.757e+00  2.020e+00  
1.741e+00  2.076e+00  
1.724e+00  2.132e+00  
1.706e+00  2.189e+00  
1.687e+00  2.247e+00  
1.667e+00  2.305e+00  
1.646e+00  2.364e+00  
1.624e+00  2.423e+00  
1.601e+00  2.483e+00  
1.577e+00  2.543e+00  
1.552e+00  2.604e+00  
1.526e+00  2.664e+00  
1.499e+00  2.725e+00  
1.471e+00  2.785e+00  
1.442e+00  2.845e+00  
1.411e+00  2.905e+00  
1.380e+00  2.965e+00  
1.347e+00  3.024e+00  
1.313e+00  3.082e+00  
1.278e+00  3.139e+00  
1.242e+00  3.196e+00  
1.206e+00  3.251e+00  
1.168e+00  3.306e+00  
1.129e+00  3.358e+00  
1.089e+00  3.410e+00  
1.049e+00  3.459e+00  
1.007e+00  3.507e+00  
9.653e-01  3.553e+00  
9.227e-01  3.598e+00  
8.797e-01  3.640e+00  
8.361e-01  3.680e+00  
7.920e-01  3.717e+00  
7.478e-01  3.753e+00  
7.033e-01  3.786e+00  
6.587e-01  3.817e+00  
6.140e-01  3.846e+00  
5.692e-01  3.873e+00  
5.248e-01  3.897e+00  
4.805e-01  3.919e+00  
4.364e-01  3.938e+00  
3.926e-01  3.956e+00  
3.493e-01  3.971e+00  
3.065e-01  3.984e+00  
2.641e-01  3.995e+00  
2.224e-01  4.004e+00  
1.812e-01  4.012e+00  
1.404e-01  4.017e+00  
1.009e-01  4.021e+00  
6.185e-02  4.023e+00  
