1.989e+00  2.458e-01  6.028e-01  
5.888e-02  4.014e+00  4.288e-01  
5.146e-02  6.711e-02  6.023e+00  
1.989e+00  2.458e-01  6.028e-01  
1.993e+00  2.482e-01  4.671e-01  
1.971e+00  2.436e-01  1.006e+00  
1.985e+00  4.417e-01  4.542e-01  
1.984e+00  2.452e-01  7.334e-01  
1.981e+00  4.223e-01  6.262e-01  
1.911e+00  2.362e-01  1.767e+00  
1.964e+00  7.341e-01  4.437e-01  
1.973e+00  3.975e-01  8.576e-01  
1.964e+00  6.476e-01  6.715e-01  
1.954e+00  2.416e-01  1.267e+00  
1.947e+00  8.590e-01  5.831e-01  
1.958e+00  3.738e-01  1.142e+00  
1.951e+00  6.851e-01  8.988e-01  
1.731e+00  2.144e-01  3.005e+00  
1.900e+00  1.250e+00  4.294e-01  
1.940e+00  6.695e-01  1.109e+00  
1.917e+00  1.042e+00  7.833e-01  
1.927e+00  3.596e-01  1.548e+00  
1.882e+00  1.312e+00  6.226e-01  
1.921e+00  5.945e-01  1.454e+00  
1.903e+00  1.030e+00  1.072e+00  
1.857e+00  2.299e-01  2.224e+00  
1.825e+00  1.610e+00  5.575e-01  
1.896e+00  8.077e-01  1.518e+00  
1.861e+00  1.308e+00  1.055e+00  
1.869e+00  3.529e-01  2.101e+00  
1.811e+00  1.629e+00  8.325e-01  
1.865e+00  6.520e-01  1.962e+00  
1.846e+00  1.227e+00  1.445e+00  
1.357e+00  1.698e-01  4.415e+00  
1.675e+00  2.192e+00  4.277e-01  
1.823e+00  1.234e+00  1.672e+00  
1.748e+00  1.843e+00  1.022e+00  
1.806e+00  6.566e-01  2.411e+00  
1.661e+00  2.194e+00  7.359e-01  
1.791e+00  1.046e+00  2.193e+00  
1.734e+00  1.752e+00  1.491e+00  
1.731e+00  3.550e-01  2.981e+00  
1.549e+00  2.519e+00  6.070e-01  
1.737e+00  1.355e+00  2.205e+00  
1.646e+00  2.098e+00  1.404e+00  
1.690e+00  6.005e-01  3.098e+00  
1.539e+00  2.486e+00  1.010e+00  
1.683e+00  1.073e+00  2.840e+00  
1.630e+00  1.943e+00  1.949e+00  
1.573e+00  1.961e-01  3.712e+00  
1.340e+00  2.964e+00  5.331e-01  
1.602e+00  1.762e+00  2.478e+00  
1.463e+00  2.569e+00  1.457e+00  
1.561e+00  8.451e-01  3.557e+00  
1.328e+00  2.937e+00  9.987e-01  
1.537e+00  1.416e+00  3.229e+00  
1.442e+00  2.402e+00  2.124e+00  
1.414e+00  3.531e-01  4.234e+00  
1.173e+00  3.215e+00  7.791e-01  
1.439e+00  1.822e+00  3.180e+00  
1.300e+00  2.774e+00  1.927e+00  
1.343e+00  6.855e-01  4.346e+00  
1.153e+00  3.161e+00  1.346e+00  
1.335e+00  1.346e+00  4.013e+00  
1.262e+00  2.533e+00  2.742e+00  
9.280e-01  1.183e-01  5.324e+00  
5.889e-02  4.014e+00  4.286e-01  
1.183e+00  2.559e+00  2.988e+00  
9.875e-01  3.344e+00  1.542e+00  
1.148e+00  1.350e+00  4.501e+00  
8.386e-01  3.591e+00  9.364e-01  
1.091e+00  2.101e+00  3.946e+00  
9.447e-01  3.177e+00  2.344e+00  
9.605e-01  6.711e-01  5.183e+00  
6.817e-01  3.747e+00  6.726e-01  
9.362e-01  2.544e+00  3.721e+00  
7.720e-01  3.455e+00  2.009e+00  
8.499e-01  1.090e+00  5.201e+00  
6.285e-01  3.712e+00  1.288e+00  
8.019e-01  1.923e+00  4.699e+00  
7.024e-01  3.207e+00  2.935e+00  
6.464e-01  3.369e-01  5.670e+00  
4.257e-01  3.904e+00  5.144e-01  
6.284e-01  2.888e+00  3.731e+00  
4.907e-01  3.687e+00  1.879e+00  
5.582e-01  1.376e+00  5.397e+00  
3.775e-01  3.863e+00  1.147e+00  
4.911e-01  2.245e+00  4.766e+00  
4.018e-01  3.454e+00  2.813e+00  
3.706e-01  5.519e-01  5.847e+00  
2.496e-01  3.941e+00  8.310e-01  
3.342e-01  2.666e+00  4.379e+00  
2.462e-01  3.654e+00  2.362e+00  
2.433e-01  9.772e-01  5.783e+00  
1.671e-01  3.868e+00  1.513e+00  
1.862e-01  1.877e+00  5.284e+00  
1.062e-01  3.311e+00  3.377e+00  
9.973e-02  1.751e-01  6.016e+00  
5.885e-02  4.011e+00  4.957e-01  
4.608e-02  2.535e+00  4.694e+00  
