2.000e+00  2.499e-01  
3.994e-02  4.003e+00  
2.000e+00  2.597e-01  
1.999e+00  2.802e-01  
1.998e+00  3.011e-01  
1.997e+00  3.223e-01  
1.996e+00  3.440e-01  
1.996e+00  3.661e-01  
1.994e+00  3.887e-01  
1.993e+00  4.117e-01  
1.992e+00  4.352e-01  
1.991e+00  4.592e-01  
1.989e+00  4.838e-01  
1.988e+00  5.088e-01  
1.986e+00  5.344e-01  
1.984e+00  5.605e-01  
1.982e+00  5.872e-01  
1.980e+00  6.144e-01  
1.978e+00  6.423e-01  
1.976e+00  6.707e-01  
1.973e+00  6.998e-01  
1.971e+00  7.295e-01  
1.968e+00  7.597e-01  
1.965e+00  7.908e-01  
1.961e+00  8.225e-01  
1.958e+00  8.549e-01  
1.954e+00  8.880e-01  
1.950e+00  9.218e-01  
1.946e+00  9.564e-01  
1.942e+00  9.918e-01  
1.937e+00  1.028e+00  
1.932e+00  1.065e+00  
1.927e+00  1.103e+00  
1.921e+00  1.141e+00  
1.915e+00  1.180e+00  
1.909e+00  1.221e+00  
1.902e+00  1.262e+00  
1.895e+00  1.304e+00  
1.888e+00  1.347e+00  
1.880e+00  1.390e+00  
1.871e+00  1.435e+00  
1.862e+00  1.481e+00  
1.853e+00  1.527e+00  
1.843e+00  1.574e+00  
1.833e+00  1.623e+00  
1.822e+00  1.672e+00  
1.810e+00  1.722e+00  
1.797e+00  1.773e+00  
1.784e+00  1.825e+00  
1.771e+00  1.878e+00  
1.756e+00  1.932e+00  
1.741e+00  1.986e+00  
1.725e+00  2.041e+00  
1.708e+00  2.097e+00  
1.690e+00  2.154e+00  
1.671e+00  2.212e+00  
1.652e+00  2.270e+00  
1.631e+00  2.328e+00  
1.610e+00  2.387e+00  
1.587e+00  2.447e+00  
1.564e+00  2.507e+00  
1.539e+00  2.567e+00  
1.513e+00  2.627e+00  
1.487e+00  2.688e+00  
1.459e+00  2.748e+00  
1.430e+00  2.808e+00  
1.400e+00  2.868e+00  
1.368e+00  2.928e+00  
1.336e+00  2.987e+00  
1.303e+00  3.045e+00  
1.268e+00  3.103e+00  
1.233e+00  3.159e+00  
1.196e+00  3.215e+00  
1.159e+00  3.269e+00  
1.120e+00  3.322e+00  
1.081e+00  3.374e+00  
1.041e+00  3.424e+00  
1.000e+00  3.472e+00  
9.583e-01  3.519e+00  
9.161e-01  3.563e+00  
8.734e-01  3.606e+00  
8.301e-01  3.646e+00  
7.864e-01  3.685e+00  
7.424e-01  3.721e+00  
6.982e-01  3.755e+00  
6.538e-01  3.787e+00  
6.094e-01  3.816e+00  
5.650e-01  3.843e+00  
5.207e-01  3.868e+00  
4.766e-01  3.890e+00  
4.326e-01  3.911e+00  
3.891e-01  3.929e+00  
3.459e-01  3.945e+00  
3.031e-01  3.959e+00  
2.609e-01  3.971e+00  
2.192e-01  3.981e+00  
1.781e-01  3.989e+00  
1.377e-01  3.995e+00  
9.777e-02  3.999e+00  
5.880e-02  4.002e+00  
