1.995e+00  1.914e-01  4.703e-01  
9.139e-02  3.992e+00  3.699e-01  
6.045e-02  6.287e-02  6.000e+00  
1.995e+00  1.914e-01  4.703e-01  
1.997e+00  2.217e-01  3.595e-01  
1.982e+00  1.902e-01  8.277e-01  
1.989e+00  4.167e-01  3.475e-01  
1.990e+00  2.141e-01  6.293e-01  
1.986e+00  3.964e-01  5.211e-01  
1.937e+00  1.858e-01  1.519e+00  
1.968e+00  7.180e-01  3.366e-01  
1.979e+00  3.728e-01  7.556e-01  
1.970e+00  6.247e-01  5.688e-01  
1.969e+00  1.905e-01  1.071e+00  
1.953e+00  8.401e-01  4.807e-01  
1.966e+00  3.512e-01  1.042e+00  
1.958e+00  6.621e-01  7.972e-01  
1.786e+00  1.717e-01  2.712e+00  
1.904e+00  1.233e+00  3.263e-01  
1.948e+00  6.485e-01  1.013e+00  
1.924e+00  1.026e+00  6.859e-01  
1.937e+00  3.357e-01  1.457e+00  
1.888e+00  1.299e+00  5.267e-01  
1.931e+00  5.726e-01  1.363e+00  
1.911e+00  1.014e+00  9.765e-01  
1.893e+00  1.818e-01  1.948e+00  
1.829e+00  1.610e+00  4.547e-01  
1.906e+00  7.892e-01  1.428e+00  
1.869e+00  1.294e+00  9.623e-01  
1.880e+00  3.290e-01  2.018e+00  
1.817e+00  1.619e+00  7.397e-01  
1.878e+00  6.297e-01  1.878e+00  
1.856e+00  1.216e+00  1.350e+00  
1.421e+00  1.373e-01  4.233e+00  
1.679e+00  2.184e+00  3.180e-01  
1.834e+00  1.226e+00  1.580e+00  
1.753e+00  1.837e+00  9.501e-01  
1.819e+00  6.331e-01  2.337e+00  
1.665e+00  2.191e+00  6.416e-01  
1.804e+00  1.034e+00  2.115e+00  
1.742e+00  1.748e+00  1.403e+00  
1.744e+00  3.316e-01  2.920e+00  
1.551e+00  2.518e+00  4.930e-01  
1.749e+00  1.351e+00  2.124e+00  
1.651e+00  2.098e+00  1.309e+00  
1.705e+00  5.803e-01  3.040e+00  
1.541e+00  2.488e+00  9.197e-01  
1.696e+00  1.062e+00  2.781e+00  
1.636e+00  1.946e+00  1.883e+00  
1.584e+00  1.728e-01  3.672e+00  
1.339e+00  2.968e+00  4.348e-01  
1.611e+00  1.763e+00  2.406e+00  
1.466e+00  2.575e+00  1.371e+00  
1.571e+00  8.306e-01  3.520e+00  
1.327e+00  2.944e+00  8.958e-01  
1.549e+00  1.412e+00  3.174e+00  
1.448e+00  2.414e+00  2.043e+00  
1.424e+00  3.403e-01  4.198e+00  
1.169e+00  3.222e+00  6.838e-01  
1.450e+00  1.825e+00  3.121e+00  
1.303e+00  2.787e+00  1.845e+00  
1.356e+00  6.674e-01  4.312e+00  
1.151e+00  3.172e+00  1.256e+00  
1.345e+00  1.344e+00  3.978e+00  
1.266e+00  2.547e+00  2.671e+00  
9.196e-01  9.002e-02  5.336e+00  
8.624e-01  3.613e+00  3.100e-01  
1.186e+00  2.572e+00  2.933e+00  
9.851e-01  3.353e+00  1.451e+00  
1.156e+00  1.347e+00  4.477e+00  
8.309e-01  3.602e+00  8.379e-01  
1.095e+00  2.112e+00  3.912e+00  
9.427e-01  3.199e+00  2.263e+00  
9.648e-01  6.553e-01  5.174e+00  
6.712e-01  3.755e+00  5.698e-01  
9.381e-01  2.559e+00  3.674e+00  
7.664e-01  3.475e+00  1.922e+00  
8.505e-01  1.083e+00  5.193e+00  
6.233e-01  3.725e+00  1.188e+00  
8.037e-01  1.933e+00  4.680e+00  
6.974e-01  3.231e+00  2.875e+00  
6.424e-01  3.102e-01  5.671e+00  
4.311e-01  3.900e+00  4.469e-01  
6.227e-01  2.911e+00  3.682e+00  
4.794e-01  3.702e+00  1.791e+00  
5.533e-01  1.372e+00  5.397e+00  
3.674e-01  3.876e+00  1.048e+00  
4.860e-01  2.262e+00  4.740e+00  
3.929e-01  3.477e+00  2.740e+00  
3.664e-01  5.318e-01  5.851e+00  
2.390e-01  3.946e+00  7.337e-01  
3.236e-01  2.693e+00  4.340e+00  
2.346e-01  3.677e+00  2.277e+00  
2.306e-01  9.682e-01  5.787e+00  
1.518e-01  3.880e+00  1.422e+00  
1.718e-01  1.886e+00  5.274e+00  
1.087e-01  3.333e+00  3.314e+00  
8.452e-02  1.466e-01  5.995e+00  
9.121e-02  3.984e+00  5.373e-01  
3.404e-02  1.418e+00  5.616e+00  
