2.039e+00  5.314e-01  
2.848e-01  4.008e+00  
2.039e+00  5.314e-01  
2.023e+00  5.556e-01  
2.020e+00  5.740e-01  
2.017e+00  5.914e-01  
2.015e+00  6.110e-01  
2.011e+00  6.303e-01  
2.010e+00  6.483e-01  
2.008e+00  6.674e-01  
2.006e+00  6.925e-01  
2.004e+00  7.076e-01  
2.002e+00  7.315e-01  
1.998e+00  7.494e-01  
1.997e+00  7.732e-01  
1.994e+00  7.967e-01  
1.990e+00  8.225e-01  
1.986e+00  8.432e-01  
1.984e+00  8.656e-01  
1.980e+00  8.892e-01  
1.977e+00  9.146e-01  
1.973e+00  9.373e-01  
1.970e+00  9.696e-01  
1.966e+00  9.959e-01  
1.963e+00  1.029e+00  
1.959e+00  1.055e+00  
1.954e+00  1.087e+00  
1.950e+00  1.113e+00  
1.945e+00  1.143e+00  
1.940e+00  1.173e+00  
1.936e+00  1.204e+00  
1.931e+00  1.237e+00  
1.925e+00  1.265e+00  
1.919e+00  1.303e+00  
1.913e+00  1.340e+00  
1.908e+00  1.374e+00  
1.901e+00  1.403e+00  
1.894e+00  1.445e+00  
1.887e+00  1.481e+00  
1.879e+00  1.517e+00  
1.872e+00  1.553e+00  
1.863e+00  1.591e+00  
1.855e+00  1.637e+00  
1.846e+00  1.676e+00  
1.836e+00  1.715e+00  
1.826e+00  1.758e+00  
1.816e+00  1.803e+00  
1.804e+00  1.847e+00  
1.792e+00  1.890e+00  
1.780e+00  1.937e+00  
1.766e+00  1.984e+00  
1.754e+00  2.029e+00  
1.739e+00  2.076e+00  
1.725e+00  2.124e+00  
1.710e+00  2.176e+00  
1.693e+00  2.226e+00  
1.678e+00  2.275e+00  
1.659e+00  2.327e+00  
1.641e+00  2.378e+00  
1.622e+00  2.430e+00  
1.603e+00  2.483e+00  
1.581e+00  2.534e+00  
1.560e+00  2.588e+00  
1.537e+00  2.639e+00  
1.514e+00  2.693e+00  
1.489e+00  2.747e+00  
1.464e+00  2.801e+00  
1.438e+00  2.853e+00  
1.411e+00  2.906e+00  
1.383e+00  2.962e+00  
1.354e+00  3.014e+00  
1.324e+00  3.065e+00  
1.294e+00  3.118e+00  
1.262e+00  3.169e+00  
1.229e+00  3.218e+00  
1.197e+00  3.268e+00  
1.162e+00  3.316e+00  
1.126e+00  3.363e+00  
1.093e+00  3.409e+00  
1.058e+00  3.454e+00  
1.021e+00  3.498e+00  
9.844e-01  3.539e+00  
9.476e-01  3.582e+00  
9.086e-01  3.619e+00  
8.709e-01  3.657e+00  
8.326e-01  3.691e+00  
7.899e-01  3.726e+00  
7.558e-01  3.755e+00  
7.173e-01  3.786e+00  
6.747e-01  3.814e+00  
6.393e-01  3.839e+00  
6.005e-01  3.864e+00  
5.621e-01  3.885e+00  
5.235e-01  3.907e+00  
4.860e-01  3.925e+00  
4.479e-01  3.942e+00  
4.115e-01  3.956e+00  
3.740e-01  3.972e+00  
3.365e-01  3.986e+00  
3.016e-01  3.997e+00  
