2.003e+00  2.530e-01  
1.422e-01  3.999e+00  
2.000e+00  2.527e-01  
1.998e+00  2.794e-01  
1.997e+00  3.009e-01  
1.996e+00  3.212e-01  
1.995e+00  3.417e-01  
1.994e+00  3.621e-01  
1.993e+00  3.832e-01  
1.992e+00  4.060e-01  
1.991e+00  4.276e-01  
1.989e+00  4.499e-01  
1.988e+00  4.743e-01  
1.987e+00  4.980e-01  
1.985e+00  5.223e-01  
1.983e+00  5.472e-01  
1.982e+00  5.721e-01  
1.980e+00  5.981e-01  
1.978e+00  6.246e-01  
1.975e+00  6.515e-01  
1.973e+00  6.789e-01  
1.971e+00  7.075e-01  
1.968e+00  7.360e-01  
1.965e+00  7.650e-01  
1.962e+00  7.953e-01  
1.959e+00  8.264e-01  
1.956e+00  8.579e-01  
1.952e+00  8.901e-01  
1.948e+00  9.228e-01  
1.944e+00  9.565e-01  
1.940e+00  9.901e-01  
1.935e+00  1.026e+00  
1.931e+00  1.062e+00  
1.926e+00  1.098e+00  
1.920e+00  1.136e+00  
1.914e+00  1.174e+00  
1.908e+00  1.213e+00  
1.902e+00  1.253e+00  
1.895e+00  1.294e+00  
1.888e+00  1.336e+00  
1.880e+00  1.379e+00  
1.872e+00  1.422e+00  
1.864e+00  1.467e+00  
1.855e+00  1.512e+00  
1.845e+00  1.558e+00  
1.835e+00  1.606e+00  
1.824e+00  1.654e+00  
1.813e+00  1.703e+00  
1.801e+00  1.752e+00  
1.788e+00  1.803e+00  
1.775e+00  1.854e+00  
1.761e+00  1.907e+00  
1.747e+00  1.960e+00  
1.731e+00  2.014e+00  
1.715e+00  2.070e+00  
1.698e+00  2.126e+00  
1.680e+00  2.181e+00  
1.661e+00  2.239e+00  
1.641e+00  2.297e+00  
1.620e+00  2.355e+00  
1.599e+00  2.413e+00  
1.576e+00  2.471e+00  
1.552e+00  2.532e+00  
1.528e+00  2.590e+00  
1.502e+00  2.651e+00  
1.475e+00  2.710e+00  
1.447e+00  2.770e+00  
1.418e+00  2.829e+00  
1.388e+00  2.888e+00  
1.357e+00  2.947e+00  
1.325e+00  3.004e+00  
1.292e+00  3.061e+00  
1.257e+00  3.118e+00  
1.222e+00  3.174e+00  
1.186e+00  3.228e+00  
1.149e+00  3.281e+00  
1.111e+00  3.332e+00  
1.073e+00  3.383e+00  
1.033e+00  3.431e+00  
9.924e-01  3.478e+00  
9.516e-01  3.523e+00  
9.104e-01  3.566e+00  
8.689e-01  3.608e+00  
8.270e-01  3.647e+00  
7.841e-01  3.684e+00  
7.416e-01  3.719e+00  
6.986e-01  3.752e+00  
6.550e-01  3.784e+00  
6.126e-01  3.812e+00  
5.693e-01  3.838e+00  
5.271e-01  3.863e+00  
4.844e-01  3.885e+00  
4.420e-01  3.905e+00  
4.005e-01  3.923e+00  
3.585e-01  3.939e+00  
3.176e-01  3.953e+00  
2.766e-01  3.965e+00  
2.367e-01  3.975e+00  
1.978e-01  3.984e+00  
1.579e-01  3.992e+00  
