2.031e+00  5.222e-01  
3.165e-01  3.986e+00  
2.024e+00  5.302e-01  
2.017e+00  5.464e-01  
2.016e+00  5.626e-01  
2.014e+00  5.705e-01  
2.011e+00  5.957e-01  
2.010e+00  6.121e-01  
2.008e+00  6.356e-01  
2.005e+00  6.503e-01  
2.003e+00  6.778e-01  
2.000e+00  6.919e-01  
1.999e+00  7.204e-01  
1.996e+00  7.409e-01  
1.994e+00  7.624e-01  
1.991e+00  7.845e-01  
1.988e+00  8.081e-01  
1.985e+00  8.293e-01  
1.982e+00  8.525e-01  
1.980e+00  8.755e-01  
1.976e+00  9.072e-01  
1.973e+00  9.245e-01  
1.971e+00  9.430e-01  
1.967e+00  9.858e-01  
1.963e+00  1.010e+00  
1.960e+00  1.036e+00  
1.956e+00  1.056e+00  
1.953e+00  1.090e+00  
1.948e+00  1.114e+00  
1.944e+00  1.145e+00  
1.939e+00  1.181e+00  
1.935e+00  1.212e+00  
1.930e+00  1.248e+00  
1.925e+00  1.269e+00  
1.919e+00  1.304e+00  
1.913e+00  1.333e+00  
1.907e+00  1.369e+00  
1.900e+00  1.421e+00  
1.893e+00  1.455e+00  
1.886e+00  1.492e+00  
1.878e+00  1.527e+00  
1.870e+00  1.571e+00  
1.862e+00  1.606e+00  
1.853e+00  1.649e+00  
1.843e+00  1.691e+00  
1.834e+00  1.733e+00  
1.823e+00  1.773e+00  
1.812e+00  1.817e+00  
1.801e+00  1.862e+00  
1.789e+00  1.908e+00  
1.776e+00  1.950e+00  
1.763e+00  1.998e+00  
1.750e+00  2.045e+00  
1.735e+00  2.094e+00  
1.720e+00  2.140e+00  
1.705e+00  2.192e+00  
1.687e+00  2.242e+00  
1.671e+00  2.291e+00  
1.654e+00  2.341e+00  
1.635e+00  2.393e+00  
1.615e+00  2.446e+00  
1.595e+00  2.498e+00  
1.574e+00  2.551e+00  
1.552e+00  2.603e+00  
1.529e+00  2.657e+00  
1.506e+00  2.711e+00  
1.480e+00  2.765e+00  
1.455e+00  2.818e+00  
1.429e+00  2.870e+00  
1.401e+00  2.924e+00  
1.374e+00  2.976e+00  
1.345e+00  3.030e+00  
1.314e+00  3.079e+00  
1.284e+00  3.131e+00  
1.252e+00  3.181e+00  
1.219e+00  3.232e+00  
1.186e+00  3.278e+00  
1.151e+00  3.326e+00  
1.118e+00  3.373e+00  
1.081e+00  3.420e+00  
1.046e+00  3.462e+00  
1.010e+00  3.505e+00  
9.737e-01  3.546e+00  
9.365e-01  3.585e+00  
8.986e-01  3.621e+00  
8.583e-01  3.658e+00  
8.225e-01  3.692e+00  
7.844e-01  3.724e+00  
7.460e-01  3.754e+00  
7.066e-01  3.782e+00  
6.691e-01  3.810e+00  
6.311e-01  3.835e+00  
5.927e-01  3.859e+00  
5.550e-01  3.881e+00  
5.172e-01  3.902e+00  
4.799e-01  3.920e+00  
4.418e-01  3.937e+00  
4.028e-01  3.952e+00  
3.690e-01  3.965e+00  
3.337e-01  3.981e+00  
