2.005e+00  3.422e-01  
2.181e-02  4.013e+00  
2.004e+00  3.495e-01  
2.003e+00  3.721e-01  
2.002e+00  3.929e-01  
2.001e+00  4.143e-01  
1.999e+00  4.365e-01  
1.998e+00  4.588e-01  
1.997e+00  4.816e-01  
1.995e+00  5.047e-01  
1.994e+00  5.286e-01  
1.992e+00  5.527e-01  
1.991e+00  5.771e-01  
1.989e+00  6.021e-01  
1.987e+00  6.282e-01  
1.985e+00  6.545e-01  
1.982e+00  6.815e-01  
1.980e+00  7.088e-01  
1.977e+00  7.369e-01  
1.975e+00  7.655e-01  
1.972e+00  7.945e-01  
1.969e+00  8.246e-01  
1.966e+00  8.550e-01  
1.962e+00  8.861e-01  
1.958e+00  9.181e-01  
1.955e+00  9.503e-01  
1.951e+00  9.835e-01  
1.946e+00  1.018e+00  
1.942e+00  1.052e+00  
1.937e+00  1.087e+00  
1.932e+00  1.124e+00  
1.926e+00  1.161e+00  
1.920e+00  1.199e+00  
1.914e+00  1.237e+00  
1.908e+00  1.276e+00  
1.901e+00  1.317e+00  
1.894e+00  1.358e+00  
1.886e+00  1.400e+00  
1.878e+00  1.443e+00  
1.870e+00  1.487e+00  
1.861e+00  1.530e+00  
1.851e+00  1.576e+00  
1.841e+00  1.622e+00  
1.831e+00  1.669e+00  
1.820e+00  1.717e+00  
1.808e+00  1.767e+00  
1.795e+00  1.816e+00  
1.782e+00  1.867e+00  
1.769e+00  1.917e+00  
1.754e+00  1.970e+00  
1.739e+00  2.024e+00  
1.723e+00  2.077e+00  
1.707e+00  2.131e+00  
1.689e+00  2.187e+00  
1.671e+00  2.242e+00  
1.651e+00  2.299e+00  
1.631e+00  2.356e+00  
1.610e+00  2.414e+00  
1.588e+00  2.472e+00  
1.564e+00  2.530e+00  
1.539e+00  2.590e+00  
1.515e+00  2.647e+00  
1.488e+00  2.708e+00  
1.461e+00  2.766e+00  
1.433e+00  2.823e+00  
1.403e+00  2.882e+00  
1.373e+00  2.940e+00  
1.340e+00  2.999e+00  
1.308e+00  3.055e+00  
1.275e+00  3.111e+00  
1.239e+00  3.167e+00  
1.204e+00  3.221e+00  
1.166e+00  3.278e+00  
1.129e+00  3.327e+00  
1.090e+00  3.379e+00  
1.051e+00  3.428e+00  
1.011e+00  3.475e+00  
9.699e-01  3.523e+00  
9.274e-01  3.569e+00  
8.859e-01  3.608e+00  
8.439e-01  3.647e+00  
8.008e-01  3.686e+00  
7.540e-01  3.725e+00  
7.134e-01  3.759e+00  
6.670e-01  3.791e+00  
6.238e-01  3.820e+00  
5.810e-01  3.846e+00  
5.355e-01  3.872e+00  
4.939e-01  3.893e+00  
4.497e-01  3.914e+00  
4.072e-01  3.934e+00  
3.643e-01  3.950e+00  
3.214e-01  3.965e+00  
2.799e-01  3.976e+00  
2.353e-01  3.987e+00  
1.930e-01  3.995e+00  
1.554e-01  4.002e+00  
1.162e-01  4.007e+00  
7.858e-02  4.009e+00  
3.427e-02  4.013e+00  
