2.025e+00  2.877e-01  5.617e-01  
3.849e-01  4.002e+00  5.878e-01  
3.464e-01  2.711e-01  5.980e+00  
2.025e+00  2.877e-01  5.617e-01  
2.022e+00  3.490e-01  5.120e-01  
2.021e+00  2.862e-01  6.200e-01  
2.010e+00  5.422e-01  5.120e-01  
2.010e+00  3.567e-01  7.609e-01  
2.005e+00  5.259e-01  6.604e-01  
2.013e+00  2.849e-01  8.263e-01  
1.995e+00  7.640e-01  5.023e-01  
1.997e+00  4.954e-01  8.636e-01  
1.988e+00  7.261e-01  7.055e-01  
1.991e+00  3.379e-01  1.136e+00  
1.972e+00  9.130e-01  6.133e-01  
1.984e+00  4.748e-01  1.108e+00  
1.976e+00  7.539e-01  9.066e-01  
2.013e+00  2.849e-01  8.263e-01  
1.935e+00  1.261e+00  4.651e-01  
1.966e+00  7.437e-01  1.057e+00  
1.945e+00  1.073e+00  7.941e-01  
1.959e+00  4.683e-01  1.483e+00  
1.915e+00  1.315e+00  6.456e-01  
1.950e+00  6.767e-01  1.402e+00  
1.932e+00  1.064e+00  1.061e+00  
1.932e+00  3.167e-01  1.862e+00  
1.868e+00  1.592e+00  5.812e-01  
1.929e+00  8.671e-01  1.432e+00  
1.895e+00  1.311e+00  1.047e+00  
1.910e+00  4.586e-01  1.979e+00  
1.853e+00  1.600e+00  8.314e-01  
1.905e+00  7.235e-01  1.854e+00  
1.882e+00  1.239e+00  1.376e+00  
1.749e+00  2.806e-01  3.146e+00  
1.785e+00  1.998e+00  4.922e-01  
1.863e+00  1.248e+00  1.575e+00  
1.799e+00  1.790e+00  1.041e+00  
1.853e+00  7.371e-01  2.258e+00  
1.726e+00  2.105e+00  7.741e-01  
1.840e+00  1.053e+00  2.058e+00  
1.785e+00  1.708e+00  1.432e+00  
1.798e+00  4.391e-01  2.779e+00  
1.631e+00  2.417e+00  6.507e-01  
1.792e+00  1.356e+00  2.069e+00  
1.708e+00  2.023e+00  1.357e+00  
1.762e+00  6.884e-01  2.879e+00  
1.621e+00  2.379e+00  1.018e+00  
1.749e+00  1.102e+00  2.652e+00  
1.696e+00  1.880e+00  1.866e+00  
1.683e+00  3.111e-01  3.496e+00  
1.462e+00  2.853e+00  5.847e-01  
1.677e+00  1.723e+00  2.317e+00  
1.558e+00  2.458e+00  1.409e+00  
1.650e+00  8.824e-01  3.316e+00  
1.444e+00  2.808e+00  9.823e-01  
1.627e+00  1.424e+00  3.001e+00  
1.540e+00  2.310e+00  2.012e+00  
1.536e+00  4.700e-01  3.965e+00  
1.315e+00  3.086e+00  8.095e-01  
1.544e+00  1.784e+00  2.969e+00  
1.419e+00  2.652e+00  1.845e+00  
1.473e+00  7.701e-01  4.058e+00  
1.294e+00  3.034e+00  1.333e+00  
1.457e+00  1.358e+00  3.752e+00  
1.390e+00  2.441e+00  2.589e+00  
1.344e+00  2.575e-01  4.612e+00  
1.285e+00  3.187e+00  4.890e-01  
1.322e+00  2.482e+00  2.828e+00  
1.152e+00  3.218e+00  1.482e+00  
1.302e+00  1.380e+00  4.233e+00  
1.021e+00  3.483e+00  9.451e-01  
1.244e+00  2.080e+00  3.721e+00  
1.115e+00  3.076e+00  2.246e+00  
1.141e+00  7.805e-01  4.930e+00  
8.752e-01  3.654e+00  7.182e-01  
1.112e+00  2.507e+00  3.529e+00  
9.607e-01  3.366e+00  1.949e+00  
1.036e+00  1.175e+00  4.968e+00  
8.274e-01  3.626e+00  1.295e+00  
9.972e-01  1.953e+00  4.481e+00  
8.995e-01  3.140e+00  2.827e+00  
8.604e-01  4.748e-01  5.489e+00  
6.642e-01  3.853e+00  5.967e-01  
8.359e-01  2.872e+00  3.598e+00  
7.051e-01  3.628e+00  1.857e+00  
7.758e-01  1.460e+00  5.226e+00  
6.024e-01  3.813e+00  1.165e+00  
7.035e-01  2.297e+00  4.638e+00  
6.239e-01  3.443e+00  2.752e+00  
6.061e-01  6.696e-01  5.726e+00  
4.797e-01  3.926e+00  8.234e-01  
5.650e-01  2.721e+00  4.263e+00  
4.564e-01  3.662e+00  2.343e+00  
4.810e-01  1.097e+00  5.713e+00  
3.889e-01  3.874e+00  1.536e+00  
4.181e-01  1.986e+00  5.228e+00  
3.768e-01  3.432e+00  3.175e+00  
3.384e-01  3.119e-01  5.977e+00  
3.309e-01  4.028e+00  6.169e-01  
2.840e-01  2.594e+00  4.675e+00  
