2.107e+00  4.382e-01  1.046e+00  
3.587e-01  4.108e+00  9.766e-01  
1.527e-01  1.502e-01  6.124e+00  
2.107e+00  4.382e-01  1.046e+00  
2.114e+00  4.970e-01  8.783e-01  
2.062e+00  4.341e-01  1.505e+00  
2.118e+00  5.912e-01  8.218e-01  
2.103e+00  4.376e-01  1.114e+00  
2.093e+00  5.219e-01  9.949e-01  
2.017e+00  4.285e-01  2.084e+00  
2.072e+00  8.322e-01  7.935e-01  
2.079e+00  4.644e-01  1.194e+00  
2.062e+00  7.450e-01  1.024e+00  
2.062e+00  4.341e-01  1.505e+00  
2.046e+00  9.353e-01  9.514e-01  
2.053e+00  4.767e-01  1.483e+00  
2.040e+00  7.708e-01  1.234e+00  
1.596e+00  3.830e-01  4.168e+00  
2.021e+00  1.364e+00  7.962e-01  
2.021e+00  7.374e-01  1.457e+00  
2.001e+00  1.135e+00  1.134e+00  
2.022e+00  4.659e-01  1.857e+00  
1.989e+00  1.402e+00  9.934e-01  
1.999e+00  6.874e-01  1.768e+00  
1.988e+00  1.120e+00  1.421e+00  
1.811e+00  4.077e-01  3.264e+00  
1.932e+00  1.721e+00  9.137e-01  
1.973e+00  8.607e-01  1.859e+00  
1.950e+00  1.387e+00  1.375e+00  
1.956e+00  4.454e-01  2.414e+00  
1.905e+00  1.711e+00  1.190e+00  
1.936e+00  7.369e-01  2.287e+00  
1.923e+00  1.307e+00  1.787e+00  
9.175e-01  3.034e-01  5.632e+00  
1.868e+00  2.081e+00  8.003e-01  
1.899e+00  1.313e+00  1.995e+00  
1.840e+00  1.914e+00  1.406e+00  
1.873e+00  7.349e-01  2.716e+00  
1.757e+00  2.263e+00  1.110e+00  
1.862e+00  1.110e+00  2.497e+00  
1.815e+00  1.800e+00  1.832e+00  
1.808e+00  4.529e-01  3.282e+00  
1.674e+00  2.604e+00  9.723e-01  
1.808e+00  1.416e+00  2.503e+00  
1.735e+00  2.154e+00  1.743e+00  
1.756e+00  6.884e-01  3.367e+00  
1.629e+00  2.555e+00  1.376e+00  
1.748e+00  1.142e+00  3.111e+00  
1.704e+00  2.003e+00  2.269e+00  
1.256e+00  3.529e-01  5.081e+00  
1.484e+00  3.067e+00  8.848e-01  
1.678e+00  1.795e+00  2.767e+00  
1.556e+00  2.628e+00  1.805e+00  
1.622e+00  9.144e-01  3.812e+00  
1.432e+00  2.998e+00  1.348e+00  
1.606e+00  1.462e+00  3.481e+00  
1.524e+00  2.452e+00  2.419e+00  
1.487e+00  4.540e-01  4.451e+00  
1.290e+00  3.300e+00  1.150e+00  
1.515e+00  1.868e+00  3.450e+00  
1.398e+00  2.818e+00  2.261e+00  
1.411e+00  7.643e-01  4.543e+00  
1.262e+00  3.221e+00  1.701e+00  
1.407e+00  1.388e+00  4.227e+00  
1.349e+00  2.573e+00  3.041e+00  
2.974e-01  2.334e-01  6.091e+00  
1.716e+00  2.555e+00  8.160e-01  
1.273e+00  2.590e+00  3.291e+00  
1.096e+00  3.402e+00  1.844e+00  
1.226e+00  1.395e+00  4.686e+00  
9.607e-01  3.679e+00  1.288e+00  
1.178e+00  2.136e+00  4.183e+00  
1.043e+00  3.219e+00  2.660e+00  
1.039e+00  7.406e-01  5.327e+00  
8.127e-01  3.883e+00  1.027e+00  
1.034e+00  2.567e+00  3.959e+00  
8.888e-01  3.522e+00  2.327e+00  
9.323e-01  1.152e+00  5.340e+00  
7.556e-01  3.810e+00  1.619e+00  
8.979e-01  1.959e+00  4.896e+00  
8.092e-01  3.237e+00  3.248e+00  
7.437e-01  4.197e-01  5.787e+00  
5.924e-01  4.063e+00  9.258e-01  
7.342e-01  2.909e+00  4.001e+00  
6.123e-01  3.791e+00  2.222e+00  
6.625e-01  1.426e+00  5.537e+00  
5.064e-01  3.987e+00  1.519e+00  
5.997e-01  2.275e+00  4.974e+00  
5.313e-01  3.548e+00  3.175e+00  
4.786e-01  6.238e-01  5.953e+00  
3.814e-01  4.073e+00  1.199e+00  
4.796e-01  2.310e+00  5.041e+00  
3.785e-01  3.832e+00  2.485e+00  
3.590e-01  1.043e+00  5.911e+00  
3.175e-01  4.072e+00  1.349e+00  
3.214e-01  1.068e+00  5.936e+00  
3.297e-01  4.072e+00  1.376e+00  
2.181e-01  2.425e-01  6.102e+00  
3.191e-01  4.080e+00  1.264e+00  
1.720e-01  1.774e-01  6.118e+00  
