0.285614 3.07287e-23 0.958345
0.389777 0.921045 3.06966e-18
0.981323 2.45998e-35 0.192396
0.388521 0.627858 0.674423
0.300734 0.903819 0.304418
0.298137 0.301793 0.905558
0.848932 0.373357 0.374057
4.02128e-17 0.656724 0.754131
0.411559 0.25654 0.874542
6.00485e-17 0.980666 0.195691
0.692931 0.33855 0.636577
0.756204 1.16528e-16 0.654336
0.554528 1.09309e-26 0.832165
5.75619e-17 0.940057 0.341018
0.832485 0.554047 1.45163e-11
0.341911 0.570524 0.746726
0.956709 1.4363e-26 0.292017
0.464524 0.463339 0.754676
0.317994 0.800417 0.508146
0.372063 0.372169 0.850329
0.195244 0.980755 2.16838e-10
0.733031 0.0098801 0.680124
1.77086e-17 0.289204 0.957725
4.86911e-17 0.795187 0.606474
3.72025e-17 0.607563 0.794415
0.752921 0.519839 0.403646
0.863854 2.02039e-45 0.503742
0.98064 0.195818 1.41592e-09
1.18925e-17 0.19422 0.980958
0.605016 0.796243 3.36035e-15
0.598904 0.53287 0.597846
0.374225 0.848555 0.374059
0.89445 0.447168 8.97051e-12
2.73888e-17 0.447292 0.894388
5.28354e-17 0.862867 0.505431
6.09837e-17 5.51203e-18 1
0.281534 0.959551 7.14721e-09
0.644325 0.645677 0.409843
3.09216e-17 0.504987 0.863127
0.62928 0.457763 0.628253
5.63671e-17 0.920544 0.390672
0.447589 1.71434e-21 0.894394
5.09537e-17 0.832138 0.554569
0.252768 0.410995 0.875895
0.256635 0.874687 0.411171
4.33012e-17 0.707162 0.707185
5.86029e-17 0.957059 0.2902
0.658044 1.26189e-30 0.752979
0.535618 0.653864 0.53593
5.47688e-17 0.894442 0.447185
0.707108 0.707132 5.35849e-15
0.873703 0.256806 0.413172
6.12323e-17 1 2.39291e-14
0.903293 0.300696 0.306012
0.571372 0.745143 0.343941
1 5.39663e-27 3.05446e-11
0.554781 0.831997 3.28347e-30
0.38157 0.502173 0.776033
0.585911 0.40453 0.702237
0.471226 0.593622 0.652349
0.796844 5.40978e-32 0.604185
0.833145 5.05579e-24 0.553055
0.501931 2.67989e-25 0.864908
0.387629 9.64113e-21 0.921816
0.805504 0.331455 0.49268
0.341885 0.689783 0.638497
4.63003e-17 0.756142 0.654408
0.707071 1.26376e-13 0.707143
0.820009 0.467791 0.329782
3.3976e-17 0.554871 0.831937
0.95812 0.286368 3.37766e-12
0.382096 0.723678 0.574711
0.792168 0.610303 4.63023e-15
0.938705 1.03134e-23 0.344722
0.725913 0.601422 0.33393
0.919782 0.392429 8.57712e-09
0.631065 0.576528 0.519464
0.865441 0.501011 1.23414e-13
0.65481 0.755794 3.46102e-09
0.1959 3.34958e-47 0.980624
0.340802 0.940135 2.81845e-16
0.234896 0.234297 0.94336
0.731478 0.393838 0.556625
0.751302 0.659958 4.13496e-16
0.597986 1.29686e-22 0.801507
0.894403 2.59836e-09 0.447263
0.616405 0.275123 0.737838
2.37579e-17 0.387996 0.921698
0.411087 0.875077 0.255435
0.504723 0.33591 0.795248
0.706507 0.470205 0.528919
0.516263 0.514946 0.685886
0.938863 0.343457 0.0239469
0.0463512 0.681004 0.730811
0.447204 0.894432 1.16517e-10
0.0457256 0.731303 0.680519
0.569681 0.684919 0.454258
0.464132 0.75467 0.463741
0.486411 0.811642 0.323483
0.505541 0.862803 7.66385e-20
