0.688247 0.688247 0.229416
0.38949 0.38949 0.834623
0.514495 0.514495 0.685995
0.604708 0.604708 0.518321
0.485071 0.485071 0.727607
0.382359 0.382359 0.841191
0.619586 0.619586 0.4819
0.219382 0.219382 0.950654
0.468292 0.468292 0.749269
0.65561 0.65561 0.374635
0.659736 0.659736 0.359857
0.556022 0.556022 0.617801
0.408247 0.408247 0.816498
0.539164 0.539164 0.646997
0.315789 0.315789 0.894737
0.59655 0.59655 0.536896
0.131024 0.131024 0.982683
0.109764 0.109764 0.987878
0.631168 0.631168 0.450836
0.0663707 0.0663707 0.995585
0.666666 0.666666 0.333334
0.19245 0.19245 0.962251
0.691714 0.691714 0.207514
0.337868 0.337868 0.878459
0.464206 0.464206 0.754337
0.323379 0.323379 0.889298
0.696311 0.696311 0.174078
0.650945 0.650945 0.390566
0.176089 0.176089 0.968496
0.123091 0.123091 0.984732
0.497467 0.497467 0.710671
0.523204 0.523204 0.672692
0.680414 0.680414 0.272166
0.624695 0.624695 0.468522
0.0356612 0.0356612 0.998727
0.0827604 0.0827604 0.993127
0.366508 0.366508 0.855186
4.32978e-17 4.32978e-17 1
0.57735 0.57735 0.577351
0.254456 0.254456 0.933008
0.68483 0.68483 0.24903
0.201773 0.201773 0.958423
0.473016 0.473016 0.743312
0.0901661 0.0901661 0.991837
0.0490611 0.0490611 0.99759
0.376287 0.376287 0.84665
0.140025 0.140025 0.980197
0.150329 0.150329 0.97714
0.246631 0.246631 0.937201
0.694314 0.694314 0.189359
0.211999 0.211999 0.953998
0.601317 0.601317 0.526153
0.162221 0.162221 0.973329
0.545454 0.545454 0.636364
0.534994 0.534994 0.653882
0.444444 0.444444 0.777778
0.276172 0.276172 0.920575
0.598671 0.598671 0.532153
0.707107 0.707107 9.35106e-07
0.609208 0.609208 0.507673
0.099014 0.099014 0.990148
0.693103 0.693103 0.19803
0.428393 0.428393 0.795588
0.331294 0.331294 0.883453
0.646761 0.646761 0.404227
0.702247 0.702247 0.117042
0.70014 0.70014 0.140026
0.549972 0.549972 0.628539
0.553372 0.553372 0.622543
0.698535 0.698535 0.155231
0.449977 0.449977 0.77139
0.639602 0.639602 0.426402
0.431889 0.431889 0.791798
0.633724 0.633724 0.443607
0.706207 0.706207 0.0504418
0.457496 0.457496 0.762493
0.67828 0.67828 0.282617
0.436852 0.436852 0.786334
0.506979 0.506979 0.697098
0.358979 0.358979 0.86155
0.271562 0.271562 0.923313
0.683486 0.683486 0.256307
0.171219 0.171219 0.970241
0.0764639 0.0764639 0.994136
0.704934 0.704934 0.0783266
0.181236 0.181236 0.966595
0.615457 0.615457 0.492367
0.502519 0.502519 0.703527
0.30151 0.30151 0.904535
0.676716 0.676716 0.290021
0.264906 0.264906 0.927173
0.644831 0.644831 0.410347
0.674578 0.674578 0.299814
0.235701 0.235701 0.94281
0.282138 0.282138 0.916949
0.348155 0.348155 0.870389
0.529813 0.529813 0.662267
0.703526 0.703526 0.100504
0.386494 0.386494 0.837404
0.658145 0.658145 0.365636
