0.970357 1.03184e-11 0.241674
0.505154 0.33629 0.795285
2.73734e-17 0.447041 0.894513
4.85418e-17 0.792748 0.60955
0.255138 0.412157 0.87466
0.324648 0.487425 0.810568
0.0461043 0.731369 0.680421
0.554413 5.72653e-19 0.832242
0.409844 0.911056 0.0447887
5.71583e-17 0.933466 0.358667
5.27832e-17 0.862015 0.506883
2.37589e-17 0.388013 0.921654
0.919967 0.392372 2.93507e-21
5.88603e-17 0.961262 0.275636
0.514086 0.514931 0.685975
6.03005e-17 1.0642e-17 1
0.862757 2.73789e-19 0.505618
0.679375 0.7328 0.0386112
0.900414 0.353997 0.252927
6.00433e-17 0.980581 0.196116
0.488796 0.872404 1.43692e-16
0.404624 0.649412 0.643851
0.447041 9.47382e-11 0.894513
0.335999 0.746903 0.573795
0.396212 0.798698 0.452985
0.286288 3.20933e-22 0.958147
0.754697 0.517606 0.403133
4.3284e-17 0.706882 0.707332
0.913192 0.0363864 0.405903
0.486914 0.812489 0.321139
0.45384 0.733146 0.507505
0.658163 5.19631e-10 0.752876
0.554616 0.832117 5.03777e-11
1.19982e-17 0.195946 0.980625
0.894693 0.446682 1.87503e-13
0.316106 0.316074 0.894528
0.152699 0.988273 5.60924e-09
0.613098 0.278179 0.73941
0.988476 5.68754e-15 0.151376
6.12323e-17 1 7.8562e-28
0.730115 0.0356951 0.682392
0.00324077 0.622673 0.782475
0.707123 0.707091 4.95321e-13
0.645803 0.645738 0.408529
0.605014 0.796215 8.86292e-11
0.687481 0.341557 0.64204
0.94412 2.238e-18 0.329736
0.572025 0.745977 0.341037
0.342368 0.939566 9.45581e-21
0.256648 0.874527 0.411501
0.589258 0.406876 0.698016
3.37642e-17 0.551411 0.834351
0.979151 0.203006 0.00723611
0.501615 3.81227e-22 0.865091
0.44724 0.894414 5.9821e-10
0.799526 0.600631 2.33449e-23
0.195975 3.46408e-14 0.980609
0.343068 0.572461 0.74471
0.8464 0.428415 0.316335
5.47757e-17 0.894555 0.447135
0.411794 0.256533 0.874424
0.958583 0.284813 9.77048e-11
0.594802 0.536221 0.598914
0.371941 0.371903 0.850499
0.880553 0.310286 0.358258
1 3.17342e-19 6.05004e-18
0.744908 0.340181 0.57519
0.824656 0.565634 7.8562e-28
0.706442 0.47029 0.52893
0.295936 0.955208 2.45685e-26
0.745606 0.666388 6.31332e-24
1.75671e-17 0.286893 0.957963
0.463726 0.463679 0.75496
0.925002 0.243132 0.29202
0.47139 0.593506 0.652848
0.231167 0.972884 0.0076604
0.543608 0.646312 0.53551
0.631811 0.576778 0.517824
0.80525 0.536069 0.258475
0.706865 7.09501e-11 0.707371
0.52918 0.704873 0.472359
0.629254 0.458021 0.62824
3.07543e-17 0.502256 0.864719
0.845963 0.247434 0.472359
4.62851e-17 0.755892 0.654794
0.235612 0.235588 0.942906
0.387444 2.09122e-23 0.921893
4.03242e-17 0.658543 0.752543
0.756175 2.99254e-24 0.65437
0.866482 0.499213 1.37409e-11
0.592163 2.72616e-13 0.805826
0.651482 0.758664 4.37355e-13
0.421244 0.849157 0.318568
0.837659 1.18592e-16 0.546219
0.303705 0.903227 0.304491
0.894425 8.40006e-22 0.447223
0.799514 0.394218 0.453189
5.0967e-17 0.832354 0.554244
0.793453 2.2475e-11 0.608631
0.724261 0.603316 0.333851
