0.839572 0.543249
0.805894 0.59206
0.0945405 0.995521
0.0480727 0.998844
0.91373 0.406322
0.448685 0.89369
0.829716 0.558185
0.996487 0.083746
0.549245 0.835661
0.985255 0.171091
0.991278 0.131787
0.76881 0.639478
0.739179 0.673509
0.821143 0.570723
0.91774 0.397181
0.974164 0.225841
0.645714 0.763579
0.943504 0.331362
0.798103 0.602521
0.526022 0.850471
0.923179 0.38437
0.196803 0.980443
0.403533 0.914965
0.928141 0.372228
0.980294 0.197543
0.856724 0.515776
0.228297 0.973592
0.707324 0.706889
0.500242 0.865885
0.998237 0.0593532
0.623821 0.781567
0.865871 0.500267
0.614657 0.788794
0.242194 0.970228
0.214091 0.976814
0.849965 0.526839
0.57997 0.814638
0.119145 0.992877
0.672142 0.740422
0.95817 0.2862
0.934403 0.356218
0.14466 0.989481
0.875001 0.484122
0.607981 0.793952
0.4193 0.907848
0.72114 0.692789
0.714285 0.699855
0.331453 0.943472
0.271506 0.962437
0.438598 0.898683
0.0749521 0.997187
0.970984 0.239144
0.599335 0.800498
0.17109 0.985255
0.977176 0.212429
0.948683 0.316227
0.939922 0.34139
0.633271 0.77393
0.844429 0.535668
0.475511 0.87971
0.903738 0.428086
0.48708 0.873358
0.962702 0.270563
6.12323e-17 1
0.729414 0.684073
0.461033 0.887383
0.781567 0.623821
0.887442 0.46092
0.699855 0.714285
0.788661 0.614829
0.537241 0.843429
0.988849 0.148922
0.9079 0.419186
0.285961 0.958241
0.301004 0.953623
0.6546 0.755975
0.663294 0.748359
0.882223 0.470831
0.591981 0.805952
0.393935 0.919138
0.679579 0.733602
0.96646 0.256818
0.81234 0.583184
0.316225 0.948684
0.363401 0.931633
0.379409 0.925229
0.953679 0.300825
0.895791 0.444476
0.567542 0.823344
0.689946 0.723861
0.756196 0.654345
0.428088 0.903737
1 0
0.773915 0.633289
0.994288 0.106731
0.346534 0.938037
0.510377 0.859951
0.559594 0.828767
0.748087 0.663601
0.256856 0.96645
