4.33004e-17 0.70715 0.707064
3.09211e-17 0.504979 0.863143
0.658028 4.60138e-12 0.752994
0.706991 0.707223 2.68646e-21
0.54161 0.65217 0.530566
0.391584 0.920142 2.0781e-13
2.37477e-17 0.387829 0.921739
0.487188 0.326545 0.809948
0.397001 0.623596 0.673437
0.262155 0.892186 0.367804
0.301616 0.301593 0.904472
4.62166e-17 0.754775 0.655984
4.12175e-17 0.673133 0.739521
0.371343 0.849838 0.374005
0.239775 0.970829 5.30247e-12
0.743043 0.342811 0.574788
4.87981e-17 0.796934 0.604121
0.628314 0.458811 0.628277
0.744669 0.572735 0.343741
0.257157 0.410572 0.874835
0.388254 1.38951e-21 0.921552
0.685602 0.341875 0.642706
0.471519 0.5934 0.652339
5.86212e-17 0.957356 0.289018
0.925166 0.242543 0.29196
0.862206 5.0925e-14 0.506557
0.293797 0.925424 0.239701
0.894421 0.447227 8.534e-11
0.323997 0.809653 0.489374
5.09754e-17 0.832491 0.554295
0.464043 0.464915 0.754273
0.343214 0.572636 0.744508
5.62499e-17 0.918631 0.39554
0.235176 0.234644 0.943204
0.894456 2.48283e-18 0.447159
0.75832 0.651883 3.71916e-12
0.506148 9.3869e-13 0.862447
0.040667 0.73239 0.679742
2.73847e-17 0.447225 0.894421
0.939786 2.5452e-19 0.341763
0.411592 0.256396 0.874559
5.73498e-13 0.291011 0.956738
0.599441 3.2133e-11 0.800435
0.342017 0.745073 0.572617
0.841503 0.262203 0.47238
0.707151 7.78808e-21 0.707315
0.970088 1.69897e-10 0.242753
0.624425 0.731323 0.274335
0.802332 0.393224 0.449796
0.81709 0.0445759 0.574784
0.913253 0.0398612 0.405439
0.786437 1.95478e-12 0.617671
5.27361e-17 0.861247 0.508187
0.981245 0.193294 1.29736e-10
0.470505 0.705104 0.530522
0.49415 0.869377 3.64229e-14
0.195025 1.151e-15 0.980862
0.921724 0.387848 3.17896e-11
0.834988 0.440998 0.330099
6.12323e-17 1 5.58083e-14
0.443161 0.779671 0.442503
0.514664 0.515631 0.685015
3.72295e-17 0.608003 0.793934
0.554208 6.79719e-10 0.832378
1.19835e-17 0.195705 0.980663
0.597125 0.536666 0.59638
0.325027 0.487617 0.810301
0.386775 0.680467 0.62239
0.3722 0.371123 0.850726
0.903388 0.350499 0.248325
0.317168 0.948433 2.5577e-13
6.12323e-17 4.64593e-20 1
0.793455 0.608629 1.0212e-13
0.757971 8.40789e-26 0.652543
0.729267 0.013133 0.684103
0.64985 0.59333 0.475031
5.47726e-17 0.894505 0.447057
3.39963e-17 0.555202 0.831716
0.447196 1.7965e-12 0.894436
0.655001 0.755628 6.20109e-15
0.554943 0.831888 1.26976e-10
0.732264 0.68099 0.038636
0.584537 0.403596 0.703865
0.486141 0.811102 0.325291
0.645702 0.644243 0.409927
0.604972 0.796247 5.81801e-10
0.149325 0.988788 2.55755e-13
0.989249 5.40719e-10 0.146247
0.958187 0.286758 2.19374e-10
0.286813 7.40374e-17 0.957987
0.447249 0.89441 1.3186e-10
6.00688e-17 0.980998 0.194019
0.83246 0.554086 1.6193e-13
0.577346 0.733708 0.358252
0.776274 0.500735 0.383205
0.862122 0.50749 3.18023e-11
0.70642 0.470194 0.529135
1 3.84731e-12 3.17896e-11
0.634634 0.212639 0.74331
0.880576 0.310228 0.358252
