0.0667144 0.400277 0.0330091
0.326367 0.139252 0.0343815
2.554e-09 0.287351 0.212649
0.0865689 0.307505 0.105926
0.120843 0.0689085 0.310249
0.0334577 0.380869 0.0856736
0.433156 0.0504442 0.0163998
0.242917 0.242372 0.0147113
0.155143 0.344857 4.16773e-09
0.0838453 0.365844 0.0503107
0.0513868 0.203072 0.245541
0.157985 0.103892 0.238123
0.0688348 0.345009 0.0861563
0.0693413 0.143167 0.287492
3.9988e-09 0.449905 0.0500945
0.205142 0.0665554 0.228302
0.349358 0.0673842 0.0832574
0.194031 0.255349 0.0506203
0.216213 0.283787 1.04225e-09
0.5 3.6848e-09 1.04225e-09
0.36421 0.0160111 0.119779
0.275567 0.224433 1.04225e-09
0.310031 0.103769 0.0861994
2.09275e-09 0.235455 0.264545
0.0169767 0.137515 0.345508
0.087968 0.243296 0.168736
0.292798 0.155389 0.0518135
0.0874625 0.178593 0.233945
0.0163563 0.196342 0.287301
0.0338932 0.271729 0.194378
0.281642 0.0477625 0.170595
0.399381 0.0677293 0.0328902
0.322537 0.177463 1.04225e-09
0.27604 0.189306 0.034654
0.0503984 0.235405 0.214196
0.016308 0.350033 0.133659
0.120527 8.88234e-10 0.379473
0.13475 0.29966 0.0655896
0.172049 0.311551 0.0163998
0.0517758 0.292176 0.156049
0.247444 0.0144337 0.238123
0.154793 0.258254 0.0869536
4.44404e-09 0.5 4.16773e-09
0.119734 0.328459 0.051807
0.232943 0.0477951 0.219262
0.344754 2.5407e-09 0.155246
0.128673 0.214676 0.156651
0.0505768 0.433023 0.0163998
0.174434 0.138785 0.186781
0.203279 0.139407 0.157314
0.283371 2.08833e-09 0.216629
0.259754 0.137213 0.103034
0.397757 2.93131e-09 0.102243
0.10276 0.207068 0.190172
0.382227 0.0504672 0.0673061
0.20393 0.10272 0.19335
0.311078 0.0505748 0.138348
0.0166004 0.0166309 0.466769
0.0166944 0.415999 0.0673061
0.101983 0.25967 0.138348
0.033278 0.466722 4.16773e-09
0.174685 0.221929 0.103385
5.92834e-10 0.0666999 0.4333
0.0670997 4.94499e-10 0.4329
0.350428 0.100674 0.0488973
0.233867 0.124114 0.142019
8.85195e-10 0.0995936 0.400406
0.417251 0.0827491 1.04225e-09
0.120734 0.362866 0.0163998
0.119573 0.133886 0.246541
1.53538e-09 0.172746 0.327254
0.466653 0.0333472 1.04225e-09
1.86264e-09 4.81471e-10 0.5
0.177777 0.178079 0.144143
0.0652817 0.085912 0.348806
0.248614 0.0701489 0.181237
0.239276 0.210188 0.0505357
0.228756 1.68584e-09 0.271244
0.0327812 0.0506151 0.416604
0.103742 0.120939 0.275319
0.314516 0.0166348 0.168849
0.416735 0.0166218 0.0666428
0.0837203 0.0163538 0.399926
0.450112 3.31715e-09 0.0498877
0.24579 0.169724 0.0844863
0.291925 0.0866326 0.121442
0.103417 0.396583 3.42437e-09
0.174263 0.0516502 0.274086
3.53016e-09 0.397179 0.102821
0.159973 0.0168717 0.323155
0.379338 0.120662 1.04225e-09
2.89815e-09 0.326071 0.173929
0.0513163 0.118716 0.329968
0.137556 0.0857193 0.276724
0.195644 1.44182e-09 0.304356
0.136583 0.159223 0.204194
0.0502475 0.0640123 0.38574
0.103681 0.0506797 0.345639
0.0845352 0.101732 0.313733
0.137473 0.241739 0.120789
