0.554039 0 0.832491
1.76063e-17 0.287533 0.957833
5.32943e-17 0.870362 0.492413
0.832379 0.554207 0
4.00989e-17 0.654865 0.755746
0.573694 0.681911 0.453753
0.046318 0.731541 0.680222
5.86087e-17 0.957153 0.289583
0.513857 0.514769 0.686282
0.894575 0.447061 0
3.71986e-17 0.607499 0.794321
0.447438 0.894328 0
0.254791 0.411626 0.875011
3.07792e-17 0.502662 0.864483
0.235373 0.234853 0.943103
0.939731 0 0.341915
0.534829 0.653622 0.535478
0.865721 0.500975 0
0.464297 0.465121 0.753718
0.344253 0.69375 0.632614
0.911961 0 0.410277
0.83208 0 0.554656
0.664869 0.58405 0.465699
0.339108 0.791505 0.508459
0.554412 0.832242 0
0.921769 0.387739 0
2.37726e-17 0.388236 0.92156
0.880484 0.310704 0.358316
2.73878e-17 0.447276 0.894508
0.706959 0 0.707279
5.09616e-17 0.832266 0.554376
0.599964 0 0.800205
0.849414 0.422469 0.316274
0.372212 0.372268 0.850221
0.781949 0.558588 0.276649
0.629764 0.457035 0.628113
0.970318 0 0.241831
0.412633 0.257117 0.873856
0.658215 0.75283 0
1 0 0
0.485732 0.323351 0.812101
3.39675e-17 0.554732 0.832029
0.76905 0.328117 0.548545
0.27154 0.651968 0.707957
0.509263 0.7932 0.333894
0.447265 0 0.894402
0.841668 0.261641 0.472376
0.689675 0.338104 0.640339
0.342103 0.939662 0
0.80185 0.59774 0
0.693471 0.633368 0.343428
6.00689e-17 0.981 0.194009
5.47609e-17 0.894314 0.447441
5.7526e-17 0.939471 0.342628
4.63616e-17 0.757143 0.653249
0.793181 0 0.608986
0.302868 0.903836 0.302254
4.87563e-17 0.796251 0.60498
0.399534 0.717086 0.571187
0.903005 0.350736 0.248125
0.501426 0.865201 0
0.798868 0.395536 0.453168
4.33006e-17 0.707153 0.707061
0.706401 0.470251 0.529019
0.733009 0.679122 0.0386101
0.286951 0.957945 0
0.387472 0 0.921882
0.606332 0.795211 0
0.707086 0.707128 0
0.343039 0.572354 0.744806
7.22884e-18 6.08041e-17 1
0.0323291 0.912608 0.407556
0.864034 0 0.503589
6.12323e-17 1 0
0.457417 0.763192 0.456451
0.755693 0.654926 0
0.980616 0.195937 0
0.654404 0 0.756228
0.885521 0 0.46464
1.20092e-17 0.196125 0.980579
0.326797 0.487231 0.810136
0.679075 0.0269675 0.733573
0.736144 0.0466549 0.675215
0.194329 0 0.980938
0.41142 0.875787 0.253054
0.287767 0 0.957779
0.601087 0.534781 0.59411
0.755986 0 0.654588
0.925095 0.242972 0.292023
0.373912 0.848715 0.373994
0.612954 0.724058 0.316272
0.5759 0.404464 0.710456
0.988409 0 0.151822
0.502037 0 0.864846
0.151269 0.988493 0
0.410042 0.910966 0.0447881
0.47177 0.594136 0.651487
0.301649 0.300961 0.904671
0.752572 0.519669 0.404772
0.957995 0.286785 0
