0.490735 0.880207
0.740493 0.68356
0.479534 0.886359
0.588737 0.817908
0.334374 0.950673
0.695438 0.72935
0.823905 0.580315
0.414962 0.918363
0.978468 0.241215
0.932979 0.380966
0.555813 0.840628
0.927648 0.393768
0.984948 0.21322
0.965601 0.288442
0.79341 0.621358
0.503436 0.873005
0.956047 0.318682
0.817604 0.589158
1.00599 0.059813
0.628663 0.787634
0.98153 0.228435
0.260978 0.973383
0.547467 0.846088
0.653545 0.767114
0.846088 0.547467
0.464498 0.89433
0.851653 0.53877
0.903905 0.445578
0.87449 0.500851
0.599991 0.809688
0.83893 0.558374
0.720594 0.704506
0.969928 0.273541
1.00201 0.107559
0.0835646 1.00429
0.756679 0.665598
0.609395 0.802635
0.806216 0.604649
0.619596 0.794787
0.580315 0.823905
0.712077 0.713113
0.273594 0.969913
0.920667 0.409826
0.303236 0.961058
0.38145 0.932781
0.97477 0.255749
0.454525 0.89944
0.675022 0.748285
0.780138 0.637942
0.767232 0.653406
0.890712 0.471399
0.43141 0.910753
0.950844 0.333888
0.938865 0.36622
0.861456 0.522951
0.10756 1.00201
6.17076e-17 1.00776
0.989985 0.188451
0.665745 0.75655
0.914753 0.422861
0.992903 0.172419
0.0614501 1.00589
0.683619 0.740439
0.774777 0.644442
0.961012 0.303382
0.879586 0.491847
0.787634 0.628663
0.186081 0.990434
0.800116 0.612698
0.158987 0.995142
0.998972 0.132811
0.644419 0.774796
0.638177 0.779946
1.00776 0
0.213167 0.984959
0.350225 0.944948
0.229849 0.9812
0.897633 0.458082
0.244609 0.977625
0.910233 0.432506
0.442987 0.905178
0.524483 0.860524
0.830061 0.571475
0.28856 0.965566
0.945213 0.349511
0.729385 0.6954
0.13281 0.998973
0.812208 0.596576
0.748614 0.674657
0.536317 0.853199
0.997162 0.145783
0.866626 0.514338
0.704223 0.720871
1.00432 0.0832304
0.568414 0.83216
0.398605 0.92558
0.885508 0.481103
0.514339 0.866626
0.365471 0.939157
0.318682 0.956047
