0.510402 0.884081
1.00231 0.193608
0.863663 0.544239
0.447878 0.917341
0.835944 0.585924
1.00579 0.174657
0.827177 0.598238
0.978141 0.292146
0.792572 0.643381
1.01735 0.0843067
0.982569 0.276892
0.677208 0.763871
0.973552 0.307093
0.434481 0.923762
0.81965 0.608509
0.998851 0.210727
0.944509 0.387315
0.995901 0.224256
0.905934 0.470524
0.750106 0.692424
0.887644 0.504181
0.98668 0.261864
0.354099 0.957457
0.584529 0.83692
0.715942 0.727693
0.595491 0.829157
0.968452 0.322817
0.399146 0.93957
0.521012 0.87787
0.771458 0.668553
0.757684 0.684123
0.100468 1.01588
0.930279 0.420347
1.01501 0.108955
0.652802 0.784831
0.917141 0.448287
0.549469 0.860345
0.736398 0.706985
0.900833 0.480218
0.694148 0.748511
0.777054 0.66204
0.686886 0.75518
0.850699 0.564288
0.878602 0.519778
0.495396 0.892577
0.724467 0.719207
0.957209 0.354769
0.247599 0.990356
0.78483 0.652803
0.174657 1.00579
0.869704 0.534532
0.530015 0.872464
0.924414 0.433093
0.470524 0.905934
0.661956 0.777125
1.02084 0
0.307397 0.973456
0.910759 0.461116
0.704621 0.73866
0.604316 0.822746
0.843169 0.575478
0.632466 0.801309
0.134534 1.01193
0.276844 0.982582
0.810497 0.620649
0.480873 0.900484
1.01193 0.134534
0.990728 0.246105
1.01904 0.0605895
0.857065 0.554571
0.624177 0.807783
0.541388 0.865453
0.89497 0.491059
1.00805 0.161049
0.951046 0.370974
0.292184 0.97813
0.262237 0.986581
0.937589 0.403778
0.560399 0.853266
0.161049 1.00805
0.963192 0.338188
0.188495 1.00328
0.231372 0.994272
6.25083e-17 1.02084
0.457638 0.912511
0.74359 0.699417
0.322817 0.968452
0.421608 0.929708
0.387315 0.944509
0.370975 0.951046
0.668267 0.771705
0.338184 0.963193
0.213305 0.998304
0.802707 0.630692
0.572391 0.845268
0.0650742 1.01876
0.643119 0.792785
0.411291 0.934318
0.611884 0.817134
0.763766 0.677327
