0.68428 0.72922
0.943532 0.331281
0.69069 0.723151
0.953576 0.301153
0.633185 0.774
0.503319 0.864101
0.776502 0.630115
0.873294 0.487193
0.605361 0.795951
0.346906 0.9379
0.958349 0.2856
0.911289 0.411767
0.925229 0.37941
0.853107 0.521735
0.435182 0.900342
0.362402 0.932022
0.654509 0.756054
0.878688 0.477397
0.316228 0.948683
0.257116 0.966381
0.425848 0.904795
0.588906 0.808202
0.271321 0.962489
0.454865 0.890561
1 0
0.976811 0.214104
0.675401 0.737451
0.445058 0.895502
0.99552 0.0945461
0.466306 0.884623
0.883304 0.4688
0.39361 0.919277
0.791341 0.611375
0.214395 0.976747
0.822759 0.568391
0.564103 0.825704
0.698667 0.715447
0.985255 0.171092
0.598357 0.80123
0.890643 0.454704
0.91845 0.395536
0.948683 0.316227
0.227978 0.973666
0.286217 0.958165
0.931632 0.363403
0.865845 0.500313
0.0480707 0.998844
0.301135 0.953582
0.979876 0.199605
0.761248 0.648461
0.40986 0.912148
0.0736502 0.997284
0.663501 0.748176
0.737398 0.675458
0.477397 0.878688
0.839571 0.54325
0.785966 0.61827
0.718153 0.695885
0.648348 0.761344
0.895436 0.44519
0.805954 0.591979
0.982983 0.183696
0.242463 0.970161
0.753238 0.657747
0.966456 0.256831
0.970176 0.242402
0.901778 0.432199
0.195105 0.980782
0.846259 0.532772
0.144661 0.989481
0.0945464 0.99552
0.331484 0.943461
0.906263 0.422715
0.541886 0.840452
0.707212 0.707002
0.49021 0.871605
0.798669 0.60177
6.12323e-17 1
0.813104 0.582118
0.551502 0.834173
0.973647 0.228061
0.519118 0.854703
0.623821 0.781567
0.745471 0.666538
0.992751 0.120187
0.125004 0.992156
0.937723 0.347384
0.997486 0.0708596
0.575845 0.817559
0.76881 0.639477
0.989481 0.144661
0.829946 0.557844
0.962438 0.271501
0.171091 0.985255
0.61474 0.78873
0.63946 0.768825
0.860172 0.510005
0.528944 0.848657
0.729028 0.684484
0.379409 0.925229
