0.698178 0.344372 0.6284
0.447198 0 0.894435
0.869742 0 0.493507
2.73761e-17 0.447085 0.894491
1 0 0
0.233987 0.234397 0.943562
0.90269 0.350852 0.249385
0.465682 0.465 0.752938
3.39743e-17 0.554843 0.831955
0.644437 0.645566 0.409824
0.776461 0.268881 0.569923
0.794492 0.607274 0
0.543851 0 0.839223
0.770497 0.503279 0.391209
0.19615 0.980574 0
0.804982 0.393435 0.444365
5.75309e-17 0.939552 0.342408
0.501764 0 0.865005
0.513741 0.514641 0.686451
0.277107 0.961112 0
0.255128 0.412166 0.874659
0.342024 0.939691 0
0.0464326 0.733527 0.678143
0.447671 0.772824 0.449816
0.412771 0.257194 0.873769
0.862775 0.505587 0
0.59602 0.537466 0.596566
0.301354 0.300672 0.904866
3.71994e-17 0.607512 0.79431
0.680205 0.731652 0.044799
4.01229e-17 0.655256 0.75541
0.743909 0.573105 0.343728
1.20177e-17 0.196264 0.980554
0.956741 0.290943 0
5.87062e-17 0.958745 0.284941
0.388421 0 0.921583
0.970135 0 0.242567
0.609899 0.793334 0
0.724915 0.145329 0.673333
3.09299e-17 0.505123 0.863047
0.0400313 0.680128 0.732415
0.338912 0.791585 0.508461
0.658244 0 0.752854
0.800459 0 0.599387
0.534818 0.653635 0.535476
0.385626 0.622989 0.680595
0.613837 0.280096 0.741069
0.507485 0.337838 0.792713
0.894471 0.447191 0
0.554695 0.832054 0
0.92121 0.389065 0
0.447151 0.894458 0
4.86561e-17 0.794614 0.607115
5.53851e-17 2.61131e-17 1
0.832396 0 0.554181
6.12323e-17 1 0
6.00471e-17 0.980644 0.196047
0.408408 0.875539 0.258135
0.73344 0.678578 0.0399682
0.344386 0.69404 0.632223
0.894375 0 0.447319
0.98847 0 0.151598
0.706311 0.470198 0.529186
0.372269 0.371427 0.850683
4.65283e-17 0.759865 0.650531
4.3304e-17 0.707208 0.707006
0.388791 0.500334 0.774039
1.78629e-17 0.291723 0.956503
0.65483 0.589967 0.472377
0.652169 0.758074 0
2.30385e-17 0.376247 0.92652
0.473832 0.592081 0.651871
0.980602 0.196026 0
0.378666 0.844233 0.379318
0.498378 0.867043 0
0.630404 0.457513 0.628754
0.561584 0.728767 0.39182
0.939601 0 0.342334
0.596342 0 0.802731
0.389761 0.921359 0
0.28765 0 0.957735
5.09583e-17 0.832212 0.554596
0.913003 0.039834 0.406004
0.706923 0 0.707296
0.585193 0.40408 0.703042
5.47626e-17 0.894341 0.447386
0.848886 0.423521 0.316264
0.196555 0 0.980493
0.506172 0.795184 0.333876
0.256998 0.874498 0.411345
5.27813e-17 0.861985 0.506934
0.83232 0.554324 0
0.305544 0.90221 0.304401
0.399011 0.713243 0.577774
0.335978 0.566127 0.753195
0.755908 0 0.654777
0.707132 0.707081 0
0.924996 0.243155 0.292013
0.877749 0.312619 0.363079
0.756499 0.653995 0
