0.793919 4.65885e-09 4.46631
0.859497 0.657089 3.70915
0.0858155 0.859401 4.15911
0.756506 0.755627 3.36335
0.113773 0.859397 4.0933
0.109447 4.65885e-09 5.79664
0.239367 0.811755 3.96851
0.657092 0.859184 3.70913
2.22745e-08 0.754584 4.6893
0.859444 0.730649 3.16198
0.859401 0.113798 4.09325
0.755298 0.859462 2.99164
0.251412 0.749044 4.29929
0.130736 0.859303 4.05296
0.859531 0.820461 2.67211
0.107146 0.100691 5.61959
0.738418 0.251961 4.37263
0.859382 0.708949 3.32296
0.859401 0.774812 2.87228
2.22745e-08 4.65885e-09 6
0.859392 0.786266 2.81057
0.859401 0.251412 3.8802
0.686361 0.77752 3.73704
0.859317 0.188555 3.93389
2.22745e-08 0.212819 5.59418
0.859057 4.65885e-09 4.30701
0.204071 0.103677 5.41479
0.859401 0.738467 3.10609
0.251412 0.204974 5.17646
0.833907 0.768421 2.93473
0.204997 0.251412 5.17643
0.713956 0.250971 4.55147
0.100696 0.859401 4.12446
0.859328 0.804161 2.72889
0.806484 0.7301 3.27167
2.22745e-08 0.715643 4.96563
2.22745e-08 0.680881 5.22817
0.154008 0.859401 4.00008
0.859401 0.169306 3.96844
0.100362 0.708949 4.83419
0.0932405 0.746395 4.57902
0.765136 4.65885e-09 4.62241
0.199252 0.698091 4.70899
0.251004 0.713917 4.55176
0.859401 0.669669 3.61839
0.197482 0.201097 5.22161
0.188552 0.859401 3.9339
0.774854 0.859498 2.87204
0.859613 0.688863 3.47508
0.859393 0.859382 2.61401
0.85954 0.154023 4.00005
0.708949 0.859541 3.32296
0.772113 0.168272 4.24425
0.731321 0.804161 3.272
0.726298 0.859401 3.19367
0.859322 0.646833 3.78038
0.833202 0.235182 3.91059
0.69977 0.188555 4.71232
0.859401 0.755296 2.99165
0.68239 0.8594 3.52386
0.859416 0.794028 2.77281
0.786268 0.859159 2.81057
0.670605 0.845183 3.61941
0.66586 0.101005 5.15593
0.212033 4.65885e-09 5.59502
0.859495 0.1308 4.05281
0.774001 0.689511 3.73307
0.21427 0.859401 3.89967
0.859224 0.100694 4.12446
0.786214 0.0838476 4.36041
0.251287 0.78274 4.09503
0.800126 0.859401 2.74562
0.251412 0.859401 3.8802
0.169304 0.859401 3.96845
0.783049 0.251412 4.0934
0.167172 0.77248 4.2443
0.688865 0.859468 3.47507
0.738438 0.859401 3.10629
0.820328 0.859401 2.6725
0.699408 0.859049 3.39519
2.22745e-08 0.859042 4.30701
0.183458 0.736519 4.44825
0.857969 0.699562 3.3941
0.80987 0.235182 3.97697
0.2168 0.665063 4.93514
0.104331 0.207746 5.40872
0.769773 0.840552 2.91533
0.66586 0.214468 4.93167
2.22745e-08 0.10876 5.79828
0.725544 4.65885e-09 4.89594
0.251412 0.251412 5.14639
2.22745e-08 0.807433 4.40907
0.802564 0.803323 2.85579
0.666938 4.65885e-09 5.33136
0.161732 0.811528 4.07073
0.719625 0.719635 3.87178
0.859443 0.68239 3.52386
0.647345 0.859541 3.77689
0.859401 0.0858517 4.15902
0.859401 0.214183 3.89976
