0.502144 0.864784 1.85284e-10
5.47682e-17 0.894433 0.447202
0.238792 0.971071 5.86899e-18
0.605628 0.795755 1.48535e-10
0.707162 1.37422e-10 0.707052
1.76951e-17 0.288983 0.957334
0.471458 0.593398 0.652392
0.415148 0.874112 0.253079
0.527518 0.46934 0.708128
0.706479 0.470153 0.529002
3.0903e-17 0.504685 0.863304
0.447352 8.5535e-16 0.894358
0.979191 0.200901 0.0286956
0.922624 0.3857 1.26041e-18
0.894151 0.447766 2.03399e-29
0.299297 0.904329 0.304319
0.0429116 0.679464 0.732622
0.971241 5.9708e-23 0.238097
0.651341 0.758785 1.99823e-17
2.73825e-17 0.44719 0.894447
3.72522e-17 0.608374 0.79365
0.988415 7.12247e-10 0.151891
0.256509 0.874721 0.411176
0.679272 0.733185 0.0386094
4.62567e-17 0.755429 0.65523
0.68517 0.647357 0.333872
6.00434e-17 0.980583 0.196103
0.555326 0.831633 2.38092e-10
0.707088 0.707126 9.30326e-13
0.372256 0.92813 9.2978e-12
0.464039 0.754356 0.464343
0.905849 0.298041 0.301052
0.560269 0.390816 0.730364
5.10347e-17 0.83346 0.55258
0.163417 0.986564 3.84353e-10
0.73194 0.0386686 0.680271
0.386064 0.623937 0.680406
0.865178 4.64103e-26 0.501464
1.19504e-17 0.195166 0.98077
0.800074 0.599901 3.14022e-12
0.288801 8.51316e-12 0.957389
0.958146 0.286281 4.16852e-10
0.326977 0.474155 0.819066
0.597413 0.535199 0.59721
0.940581 0.339587 4.05704e-11
0.301918 0.302082 0.904208
0.554565 1.33928e-14 0.83214
0.677657 0.38604 0.626985
4.89053e-17 0.798684 0.601885
0.387583 7.57548e-24 0.921897
0.373566 0.373769 0.849433
0.753429 0.657529 1.04178e-09
0.658053 4.73833e-12 0.752972
0.342862 0.572057 0.745147
0.37329 0.851464 0.368832
0.272678 0.74955 0.603176
1 2.75808e-20 4.16852e-10
0.57706 0.707586 0.408616
5.28985e-17 0.863898 0.503666
0.732302 0.679971 0.0403781
0.405774 0.707468 0.57865
0.744565 0.573578 0.341686
6.12323e-17 1 6.19478e-11
4.32985e-17 0.707119 0.707095
0.766585 0.330443 0.550595
0.93869 5.03536e-26 0.344761
0.496512 0.802438 0.331013
5.71414e-17 0.93319 0.359392
3.01775e-18 6.11579e-17 1
3.39971e-17 0.555215 0.831707
0.601748 7.60883e-25 0.798686
0.875092 0.255937 0.410743
0.234535 0.234662 0.943381
2.40403e-17 0.392608 0.919706
0.802916 0.329375 0.496827
0.330533 0.943864 1.86793e-09
0.535264 0.653262 0.535483
0.500504 1.52543e-11 0.865734
0.631512 0.260534 0.7304
0.894424 3.87908e-14 0.447219
5.86118e-17 0.957203 0.289417
0.754759 2.40291e-23 0.656263
0.797234 0.454159 0.399562
0.412093 0.256391 0.874324
0.832503 0.55402 3.21442e-10
0.73427 0.507039 0.4514
0.254769 0.411744 0.874963
0.865023 0.501731 5.64773e-18
0.338298 0.79185 0.508456
0.830919 7.02018e-28 0.556393
0.874635 0.413564 0.253025
0.44723 0.894419 5.75444e-14
0.650005 0.593633 0.474441
0.442631 0.442872 0.779707
0.848949 0.374644 0.374216
0.794865 5.8063e-26 0.606787
0.193995 1.05013e-21 0.981633
0.507257 0.337573 0.792928
4.00773e-17 0.654512 0.756051
0.629096 0.388901 0.673048
