0.745653 2.74913
0.212984 3.594
0.102916 3.81219
0.0597947 3.90826
0.777148 2.55214
0.742983 2.76752
0.726266 2.8869
0.0402673 3.94482
0.734721 2.82569
0.010146 3.98889
0.0661728 3.89518
0.020263 3.97589
0.0468388 3.93315
0.142933 3.71769
0.817294 2.37473
0.859387 2.307
0.831151 2.33787
0.0533511 3.92094
0.137352 3.73051
0.15952 3.68132
0.811502 2.39411
0.0787111 3.86811
0.03365 3.95586
0.0909525 3.84029
0.796045 2.45656
0.800986 2.43497
0.120376 3.77052
0.76059 2.65068
0.204118 3.60435
0.814337 2.38434
0.717131 2.95451
0.840752 2.32055
0.165022 3.66997
0.835544 2.32909
0.770121 2.59243
0.820402 2.36528
0.748175 2.73196
0.17053 3.65905
0.72912 2.86607
0.114615 3.78429
0.737367 2.80686
0.731955 2.84554
0.651049 3.44444
0.791234 2.479
0.750717 2.71487
0.758161 2.66613
0.72331 2.90863
0.703539 3.05686
0.844914 2.3152
0.806108 2.41417
0.154008 3.69308
0.643992 3.49259
0.827267 2.34682
0.19848 3.61189
0.0848694 3.85426
0.659824 3.3827
0.636435 3.54246
0.740029 2.7881
0.19277 3.62026
9.59709e-10 4
0.755612 2.68259
0.0724758 3.88178
0.774811 2.56527
0.671095 3.3009
0.663884 3.35353
0.781816 2.52673
0.13174 3.74359
0.1088 3.79818
0.02697 3.96625
0.126082 3.75695
0.720347 2.93056
0.222013 3.5855
0.676982 3.2573
0.0969719 3.82623
0.187156 3.62917
0.148481 3.70521
0.640283 3.51729
0.181583 3.63863
0.231613 3.57883
0.655716 3.41184
0.668619 3.31908
0.707244 3.02883
0.699974 3.08389
0.674428 3.27628
0.710631 3.00327
0.823785 2.35576
0.176042 3.6486
0.713924 2.97851
0.680226 3.23308
0.765606 2.61954
0.753187 2.69848
0.786501 2.50238
0.692614 3.1397
0.688638 3.16978
0.762794 2.63686
0.684513 3.20089
0.251412 3.57319
0.696451 3.1106
0.853366 2.30843
0.64754 3.46856
