1 0
1.00063 0
2.16535 3.97189e-30
1.52808 1.96015e-12
2.39576 1.29007e-64
1.66657 3.93746e-81
2.02591 1.08007e-45
1.86123 2.30417e-10
1.649 1.16027e-32
2.47976 8.6036e-54
1.76373 1.23277e-12
1.87208 1.50393e-10
1.70593 2.77886e-110
1.40964 8.36197e-47
1.94824 6.51208e-56
1.80517 8.56981e-59
1.91676 3.67526e-10
2.09268 3.35957e-128
2.46978 2.08932e-26
1.71426 4.13803e-76
1.52877 1.43871e-18
2.17979 3.59107e-32
1.37092 2.20171e-39
2.41707 1.22365e-16
1.78795 2.58418e-36
1.85407 1.83685e-50
1.73602 5.38546e-79
2.02325 2.52659e-17
1.46235 1.48115e-225
1.71521 4.28727e-88
1.76793 1.85053e-16
2.25757 8.23929e-166
2.32197 1.46895e-20
1.78133 4.84665e-17
2.17804 2.99953e-05
1.58656 2.12769e-21
2.13742 2.90846e-30
1.69217 1.37674e-06
2.02339 3.81908e-13
2.32338 1.93845e-55
1.40826 1.20009e-25
2.13655 3.38576e-66
1.71025 3.46895e-21
1.76682 2.0926e-22
1.60252 0.00061993
1.65126 4.20994e-46
1.84091 2.88132e-16
2.22792 3.26179e-38
1.9789 2.00232e-09
1.53577 5.46987e-23
1.62527 1.88461e-27
2.43557 6.41581e-13
2.09502 2.11584e-26
1.93498 8.97346e-22
1.78068 5.11844e-57
2.21196 0.0123106
1.81923 2.25653e-13
1.5148 0.00255897
2.02899 4.94164e-79
1.36588 4.55567e-176
1.91815 1.12364e-49
1.69554 2.49276e-09
2.06801 1.47504e-35
2.30254 8.5876e-12
2.17502 1.56396e-50
1.93121 1.31416e-08
1.62063 1.11115e-11
1.5943 7.3339e-61
2.02159 3.99286e-53
1.65452 2.07553e-146
1.59731 1.19147e-26
2.019 2.19583e-103
2.04717 1.01001e-05
1.59772 2.77584e-217
1.77391 3.43932e-24
1.86422 1.34296e-15
1.82946 1.27744e-80
1.6552 1.5149e-72
1.79408 1.68007e-115
1.77508 2.5071e-67
1.71007 6.01849e-37
2.09465 4.66738e-110
1.87504 4.48694e-104
1.82736 5.89529e-20
1.81584 0.16176
1.83332 1.11366e-118
1.83323 0.000526631
1.68192 1.49213e-131
1.61161 2.53292e-152
1.85499 3.86282e-38
1.76456 7.35972e-06
1.42706 9.0383e-30
1.61237 1.86397e-32
1.57058 1.65155e-73
1.86067 6.81064e-68
1.96271 3.18378e-18
1.707 1.37507e-66
1.73273 7.07001e-146
1.45729 2.76184e-29
2.01923 2.39732e-20
