0.948684 0.316226
0.395535 0.918451
0.65493 0.755689
0.570463 0.821323
0.862183 0.506598
6.12323e-17 1
0.714285 0.699855
0.706964 0.70725
0.909201 0.416359
0.849967 0.526836
0.633087 0.774081
0.601871 0.798611
0.987477 0.157761
0.979657 0.200679
0.887442 0.46092
0.669964 0.742394
0.559592 0.828768
0.623817 0.78157
0.610755 0.79183
0.301119 0.953586
0.742217 0.670159
0.798994 0.601339
0.379398 0.925234
0.93767 0.347527
0.822058 0.569404
0.422818 0.906215
0.270982 0.962584
0.844717 0.535694
0.943351 0.331798
0.0708589 0.997486
0.8923 0.451459
0.316228 0.948683
0.728728 0.684803
0.761431 0.648272
0.788751 0.614713
0.927092 0.375149
0.410143 0.912021
0.487081 0.873357
0.903412 0.428774
0.958349 0.2856
0.953679 0.300825
0.591979 0.805953
0.692819 0.721111
0.835962 0.548788
0.781568 0.62382
0.502953 0.864314
0.97086 0.239646
0.811325 0.584624
0.28629 0.958143
0.551547 0.834144
0.773965 0.63325
0.119157 0.992988
0.194555 0.980892
0.0945418 0.995521
0.914912 0.403653
0.855962 0.517109
0.477397 0.878688
0.88193 0.47138
0.678623 0.734551
0.96647 0.256779
0.639478 0.76881
0.874562 0.484931
0.532704 0.846302
0.144659 0.989487
0.991278 0.131785
0.346622 0.938005
0.997516 0.0704366
0.543163 0.839627
0.92052 0.390696
0.973976 0.226649
0.933349 0.35897
0.748749 0.662854
0.721231 0.692694
0.448784 0.89364
0.211574 0.977362
0.805805 0.592181
0.699856 0.714284
0.171091 0.985255
0.242584 0.97013
0.828767 0.559594
0.583162 0.812356
0.68514 0.728411
0.898644 0.438679
0.755689 0.654931
0.46092 0.887442
0.331798 0.94335
1 7.40945e-09
0.768809 0.639479
0.518334 0.855178
0.363235 0.931698
0.869524 0.493891
0.962478 0.271361
0.735312 0.677729
0.255721 0.966751
0.663454 0.748217
0.99429 0.106731
0.228258 0.973601
0.648294 0.76139
0.982805 0.184645
0.432451 0.901657
