6.35232e-14 1.23882e-09 6
0.819158 0.750704 3.08394
0.665717 0.100696 5.15769
0.755299 0.859395 2.99163
0.688863 0.859442 3.47508
0.859214 0.708951 3.32295
0.743576 0.184908 4.39632
0.859401 0.100696 4.12446
0.251412 0.782961 4.09386
0.72554 1.23882e-09 4.89222
0.670208 0.849006 3.61866
6.35232e-14 0.754547 4.68954
0.235422 0.811772 3.97004
0.80085 0.803316 2.86084
0.683786 0.251412 4.77956
0.738438 0.858915 3.1063
0.106256 0.100696 5.6217
0.859401 0.153976 4.00015
0.786155 0.0837866 4.36085
0.85939 0.767613 2.91438
0.859383 0.859396 2.61401
0.859643 0.738438 3.1063
0.765131 1.23882e-09 4.62244
0.130799 0.859381 4.05281
0.103962 0.199888 5.41965
0.859176 0.0858566 4.15902
0.198666 0.708951 4.62757
0.251412 0.824629 3.92671
0.154454 0.845207 4.00699
0.823872 0.235183 3.93252
0.859098 0.698091 3.40517
0.214244 0.859055 3.8997
0.212518 1.23882e-09 5.5945
0.219303 0.66071 4.96419
0.70895 0.859357 3.32295
0.859044 1.23882e-09 4.30701
0.657109 0.859338 3.70901
0.169171 0.859401 3.96871
0.856119 0.682445 3.52387
0.106279 0.251412 5.37739
0.71409 0.25198 4.55046
0.859401 0.130799 4.05281
0.251412 0.749042 4.2993
0.859345 0.804161 2.72889
0.859396 0.786267 2.81057
0.664816 0.214567 4.93927
0.249539 0.683822 4.77934
0.697185 0.698092 4.2032
0.686297 0.777528 3.73749
0.69951 0.188554 4.7143
0.859401 0.251412 3.8802
0.793866 2.46756e-09 4.46656
0.106863 0.859401 4.10981
0.859411 0.657089 3.70915
6.36568e-14 0.794011 4.46589
0.859401 0.188554 3.93389
6.36568e-14 0.68125 5.22541
0.859401 0.650807 3.75311
0.792995 0.708984 3.48637
0.731308 0.804161 3.27209
0.859362 0.669657 3.61848
0.085868 0.859052 4.15899
0.859401 0.169299 3.96846
6.36568e-14 0.212948 5.59404
0.859336 0.774811 2.87228
0.647077 0.859389 3.77872
0.204074 0.103927 5.4142
0.80218 0.85933 2.73698
0.682391 0.859277 3.52385
6.35232e-14 0.725642 4.89148
0.699539 0.858292 3.39424
0.774812 0.859456 2.87228
0.109342 1.23882e-09 5.79689
0.811077 0.162051 4.07167
0.738294 0.738568 3.59868
0.852011 0.821011 2.67265
0.759659 0.251412 4.22977
0.671161 1.23882e-09 5.30042
0.820296 0.8594 2.6726
6.36568e-14 0.859037 4.30701
0.859214 0.728124 3.18032
0.859388 0.688863 3.47509
0.769774 0.772271 3.17489
0.188547 0.8594 3.9339
0.204996 0.251412 5.17643
0.198136 0.192716 5.23273
0.169068 0.771661 4.24531
0.180752 0.736768 4.45119
0.782878 0.250605 4.09431
0.786266 0.859307 2.81057
0.251412 0.205 5.17643
0.769774 0.837114 2.92079
0.0833645 0.786383 4.36064
0.251412 0.859401 3.8802
0.730648 0.859121 3.16199
0.859172 0.755298 2.99164
0.251412 0.251412 5.14639
0.859401 0.21427 3.89967
0.859401 0.113813 4.09321
6.35232e-14 0.108124 5.7998
