0.779481 2.5393
0.0202626 3.97589
0.0336485 3.95586
0.181586 3.63862
0.0787113 3.86811
0.0724788 3.88177
5.62199e-10 4
0.026974 3.96624
0.0098706 3.98921
0.059796 3.90826
0.0661683 3.89519
0.0402738 3.9448
0.81628 2.37796
0.667181 3.32959
0.0468427 3.93314
0.848139 2.31197
0.692598 3.13981
0.70694 3.03113
0.800986 2.43496
0.640318 3.51706
0.0533538 3.92093
0.096972 3.82623
0.663877 3.35357
0.159517 3.68133
0.811818 2.393
0.766192 2.61597
0.090957 3.84028
0.192772 3.62026
0.73468 2.82598
0.859387 2.307
0.786712 2.5013
0.710944 3.00091
0.114611 3.7843
0.823705 2.35598
0.732071 2.8447
0.806041 2.41444
0.682038 3.2195
0.774811 2.56527
0.717131 2.9545
0.791366 2.47837
0.142933 3.71769
0.713923 2.97852
0.841947 2.31888
0.750723 2.71483
0.198445 3.61194
0.13174 3.74359
0.154005 3.69308
0.686225 3.188
0.148482 3.70521
0.120375 3.77053
0.660703 3.37641
0.675758 3.26641
0.796046 2.45656
0.647566 3.46838
0.206746 3.60108
0.737369 2.80684
0.699985 3.0838
0.729211 2.86541
0.234452 3.57734
0.0848634 3.85427
0.76933 2.59712
0.635681 3.54733
0.762998 2.63559
0.656485 3.40641
0.170527 3.65906
0.688639 3.16977
0.213028 3.59396
0.745807 2.74807
0.678753 3.2441
0.644007 3.49249
0.187154 3.62917
0.137352 3.73051
0.649912 3.45229
0.748326 2.73094
0.758553 2.66362
0.165023 3.66997
0.835661 2.32888
0.723327 2.9085
0.653301 3.42878
0.831192 2.33778
0.720349 2.93055
0.126082 3.75695
0.784154 2.51443
0.818751 2.37022
0.726294 2.8867
0.808765 2.40405
0.176047 3.64859
0.742981 2.76753
0.827268 2.34682
0.671096 3.3009
0.703496 3.05719
0.222008 3.5855
0.696352 3.11135
0.753171 2.69858
0.102916 3.81219
0.251411 3.57319
0.772471 2.5787
0.755641 2.6824
0.740324 2.78604
0.108796 3.79819
