0.894495 6.9207e-09 0.447078
0.444268 0.441707 0.779436
0.970857 3.33642e-09 0.239662
0.555326 0.831633 2.82537e-21
0.527668 0.469516 0.707899
1.47934e-17 0.241594 0.970377
6.00609e-17 0.980868 0.194789
4.62832e-17 0.755861 0.654733
0.797474 0.398677 0.452872
0.389199 0.676779 0.624909
0.731142 0.0317714 0.681572
5.47716e-17 0.894489 0.44716
0.979204 0.200842 0.0286724
0.753828 0.657072 4.06302e-13
0.35087 0.244782 0.903865
0.677121 0.386075 0.627542
0.341815 0.748155 0.568721
3.39696e-17 0.554766 0.832006
0.466021 0.707198 0.531691
0.894035 0.447996 1.37139e-35
0.323365 0.484594 0.812834
0.286633 0.958041 1.72731e-38
0.252383 0.294565 0.921702
0.560061 0.390909 0.730474
0.766304 0.331054 0.55062
2.37785e-17 0.388332 0.921519
0.44723 0.894419 2.55639e-19
0.800026 0.599965 1.62044e-09
5.83643e-17 0.953161 0.302463
1.95259e-17 0.318883 0.947794
0.342869 0.572213 0.745024
3.71236e-17 0.606275 0.795416
4.88806e-17 0.79828 0.602286
0.746782 0.575106 0.33402
4.0142e-17 0.655568 0.755136
0.707102 0.707112 7.4785e-11
0.342105 0.939662 1.43364e-09
0.649914 0.593738 0.474433
0.554533 3.98821e-18 0.832162
0.831284 3.09252e-12 0.555847
0.772086 0.504122 0.386969
0.3879 8.31977e-33 0.921702
0.903937 0.34977 0.251053
0.398756 0.622929 0.673018
0.707122 3.23455e-10 0.707091
0.570551 0.684888 0.45321
0.470718 0.593672 0.652678
0.175726 8.14887e-10 0.984454
0.657939 2.20414e-17 0.753071
0.539919 0.653594 0.530697
0.484517 0.874787 1.37026e-16
0.491948 3.34499e-10 0.870625
0.447156 1.58556e-17 0.894456
0.571659 0.745563 0.342628
5.29044e-17 0.863994 0.503502
2.73918e-17 0.447342 0.894363
1 4.91656e-12 8.73888e-17
0.922167 0.386793 4.06302e-13
0.206575 0.978431 3.0924e-10
0.310524 0.880465 0.35834
0.921598 7.86239e-42 0.388147
0.18766 0.939898 0.285287
0.925438 0.241551 0.29192
5.08582e-17 0.830578 0.556902
0.681888 0.730754 0.0386113
0.42535 0.847303 0.318048
0.65461 0.755967 3.16845e-17
0.605628 0.795755 1.41546e-09
0.0445188 0.731813 0.68006
0.258736 0.842515 0.472466
5.64369e-17 0.921685 0.38794
6.12323e-17 1 6.01998e-10
0.848594 0.424059 0.316325
4.32995e-17 0.707134 0.70708
0.371898 0.372506 0.850287
0.948651 1.95546e-12 0.316325
0.50235 0.772079 0.38928
0.757198 4.96213e-15 0.653185
0.507196 0.337624 0.792945
0.98841 3.92639e-22 0.151922
3.09255e-17 0.505051 0.86309
0.957869 0.287335 4.4541e-23
0.706407 0.470233 0.529027
3.09074e-18 6.11543e-17 1
0.288766 9.46403e-20 0.957697
0.64454 0.645593 0.410047
0.841314 0.262614 0.472466
0.409844 0.911055 0.0448057
0.794829 2.48689e-17 0.606834
0.832433 0.554125 9.31719e-14
0.599162 0.53313 0.597309
0.601122 3.87703e-10 0.799157
0.041326 0.679464 0.732714
0.254768 0.411619 0.875022
0.662754 0.328335 0.673018
0.880473 0.305068 0.362906
0.865235 5.92918e-11 0.501366
0.872108 0.489313 8.82034e-26
0.397976 0.79826 0.45307
0.631186 0.261013 0.73051
