0.282137 0.282137 0.91695
0.79002 10.5059 4.33175e-12
0.337867 0.337867 0.87846
0.775436 2.73274 1.22084e-07
0.211999 0.211999 0.953999
0.348155 0.348155 0.870388
0.941344 9.58903 2.99462e-08
0.659737 0.659737 0.359855
0.539164 0.539164 0.646997
0.31579 0.31579 0.894736
0.428394 0.428394 0.795586
0.473016 0.473016 0.743312
0.545455 0.545455 0.636363
0.366508 0.366508 0.855187
0.150328 0.150328 0.97714
0.0497054 0.0497054 0.997526
0.03555 0.03555 0.998735
0.192449 0.192449 0.962251
0.0901668 0.0901668 0.991837
8.93813 2.36513 1.15212e-07
0.549973 0.549973 0.628538
10.2158 0.793492 5.57439e-09
1.33569 5.82487 8.7956e-08
0.704935 0.704935 0.0783157
0.696311 0.696311 0.174076
0.674579 0.674579 0.299812
0.523204 0.523204 0.672692
0.694314 0.694314 0.189355
2.9555 2.65522 5.48733e-08
0.514495 0.514495 0.685995
0.436851 0.436851 0.786335
0.408248 0.408248 0.816497
10.9682 0.785289 5.98224e-09
0.497468 0.497468 0.71067
0.680414 0.680414 0.272163
0.615457 0.615457 0.492367
0.201773 0.201773 0.958423
0.271562 0.271562 0.923314
0.702247 0.702247 0.117038
0.650945 0.650945 0.390567
1.43126 6.66508 1.64354e-08
0.431889 0.431889 0.791797
0.468293 0.468293 0.749269
0.176089 0.176089 0.968496
0.301512 0.301512 0.904534
0.691714 0.691714 0.207514
0.706207 0.706207 0.0504431
0.598672 0.598672 0.532151
0.457496 0.457496 0.762493
0.698535 0.698535 0.15523
0.534994 0.534994 0.653882
0.703527 0.703527 0.100503
0.556022 0.556022 0.617802
0.382359 0.382359 0.841192
0.619586 0.619586 0.481899
0.676716 0.676716 0.290019
0.639603 0.639603 0.4264
0.70014 0.70014 0.140026
0.0764718 0.0764718 0.994135
0.609208 0.609208 0.507673
0.506979 0.506979 0.697097
0.59655 0.59655 0.536895
0.331294 0.331294 0.883452
0.140026 0.140026 0.980197
0.162219 0.162219 0.973329
0.485069 0.485069 0.727609
0.21938 0.21938 0.950655
0.0663717 0.0663717 0.995585
0.109764 0.109764 0.987878
0.502519 0.502519 0.703526
0.604708 0.604708 0.518321
0.376288 0.376288 0.846649
0.444445 0.444445 0.777778
0.235702 0.235702 0.942809
0.529813 0.529813 0.662266
0.553372 0.553372 0.622542
0.68483 0.68483 0.249028
0.264906 0.264906 0.927173
0.601317 0.601317 0.526152
0.633724 0.633724 0.443607
0.123091 0.123091 0.984732
0.65561 0.65561 0.374634
0.32338 0.32338 0.889298
0.358978 0.358978 0.861551
0.386494 0.386494 0.837404
0.464207 0.464207 0.754337
0.276172 0.276172 0.920575
0.181236 0.181236 0.966596
0.449978 0.449978 0.771389
4.32978e-17 4.32978e-17 1
0.246632 0.246632 0.937201
0.666667 0.666667 0.333333
0.688247 0.688247 0.229415
0.631169 0.631169 0.450834
0.254456 0.254456 0.933008
0.131024 0.131024 0.982683
0.646762 0.646762 0.404226
0.624696 0.624696 0.46852
0.0990141 0.0990141 0.990148
0.57735 0.57735 0.57735
