0.429127 0.903244
0.823298 0.567609
0.981825 0.189786
0.997486 0.0708596
6.12323e-17 1
0.639331 0.768932
0.995521 0.0945453
0.94335 0.331799
0.901563 0.432648
0.755689 0.65493
0.748209 0.663463
0.49389 0.869524
0.538277 0.842768
0.256966 0.96642
0.73477 0.678316
0.464563 0.88554
0.504362 0.863493
0.966465 0.2568
0.781567 0.623821
0.60798 0.793953
0.0569832 0.998375
0.227884 0.973688
0.685141 0.728411
0.761257 0.64845
0.829138 0.559044
0.786546 0.617532
0.914247 0.405156
0.835662 0.549244
0.768809 0.639479
0.654664 0.75592
0.871345 0.490672
0.698746 0.71537
0.39074 0.920501
0.85669 0.515832
0.850545 0.525902
0.363402 0.931632
0.921884 0.387467
0.803453 0.595368
0.985255 0.171092
0.477397 0.878688
0.707111 0.707103
0.516383 0.856358
0.724112 0.689683
0.212632 0.977132
0.286111 0.958196
0.970134 0.242571
0.932025 0.362394
0.331289 0.943529
0.597089 0.802175
0.548511 0.836143
0.630228 0.77641
0.242263 0.970211
0.865236 0.501365
0.451492 0.892275
0.419645 0.907688
0.95368 0.300823
0.814545 0.5801
0.5267 0.850051
0.184647 0.982805
0.316227 0.948683
0.962466 0.271401
0.624009 0.781417
0.926928 0.37524
0.973977 0.226648
0.301092 0.953595
1 0
0.614692 0.788767
0.0825888 0.996584
0.958201 0.286096
0.843966 0.536396
0.890617 0.454755
0.379409 0.925229
0.908862 0.417096
0.670158 0.742219
0.106728 0.994288
0.774668 0.632368
0.988892 0.148636
0.885598 0.464453
0.575845 0.817559
0.896884 0.442265
0.403355 0.915044
0.559595 0.828766
0.346889 0.937906
0.793954 0.607977
0.87869 0.477393
0.585709 0.810521
0.715647 0.698462
0.948684 0.316226
0.742327 0.670038
0.438695 0.898636
0.992877 0.119144
0.567932 0.823076
0.157761 0.987477
0.978292 0.207229
0.648462 0.761247
0.93767 0.347528
0.131788 0.991278
0.663643 0.74805
0.677676 0.73536
0.271393 0.962468
