0.482376 0.875964
0.750823 0.660504
0.614772 0.788707
0.810655 0.585525
0.728413 0.685139
0.543247 0.839573
0.678209 0.734869
0.184647 0.982805
0.444475 0.895791
0.854684 0.519148
0.214058 0.976821
0.519474 0.854486
0.901387 0.433209
0.721264 0.69266
0.95368 0.300824
0.46864 0.883389
0.271233 0.962514
0.157759 0.987478
0.781568 0.62382
0.648423 0.761295
0.316224 0.948685
0.970505 0.24108
6.12323e-17 1
0.834007 0.551753
0.966751 0.25572
0.943463 0.331477
0.690075 0.723738
0.839616 0.54318
0.435155 0.900496
0.887442 0.460919
0.948683 0.316228
0.958349 0.285599
0.849971 0.526829
0.552053 0.833809
0.699429 0.714704
0.991278 0.131787
0.869795 0.493412
0.670157 0.742219
0.586379 0.810037
0.911293 0.411759
1 4.04221e-10
0.844687 0.535286
0.532595 0.846371
0.575481 0.817815
0.256845 0.966453
0.601036 0.799233
0.331383 0.943496
0.982805 0.184648
0.662846 0.748755
0.931633 0.363401
0.998844 0.0480724
0.937672 0.347522
0.395359 0.918528
0.0480701 0.998844
0.895465 0.445133
0.365908 0.930653
0.875138 0.483873
0.591984 0.80595
0.406696 0.913564
0.654928 0.755691
0.882121 0.471023
0.242541 0.970141
0.623821 0.781567
0.227775 0.973714
0.918451 0.395535
0.734568 0.678535
0.864031 0.503438
0.633052 0.77411
0.565097 0.825779
0.10673 0.994288
0.424346 0.9055
0.773998 0.633188
0.977934 0.208914
0.742741 0.669657
0.347519 0.937673
0.994361 0.106739
0.639479 0.768809
0.788692 0.614788
0.793954 0.607977
0.456937 0.889675
0.825407 0.564548
0.493889 0.869525
0.505581 0.862779
0.379408 0.925229
0.2856 0.958349
0.818948 0.573868
0.710541 0.703656
0.761168 0.648555
0.962432 0.271522
0.906314 0.422605
0.800445 0.599704
0.996584 0.0825889
0.973848 0.2272
0.92523 0.379406
0.768809 0.639478
0.198667 0.980067
0.987477 0.157761
0.131787 0.991278
0.0825898 0.996584
0.300823 0.95368
