0.820656 0.242636 3.93885
0.859354 0.786294 2.81043
4.13837e-09 0.859042 4.30701
0.859433 0.708949 3.32296
0.755297 0.85908 2.99165
0.859438 0.169294 3.96847
0.774812 0.859401 2.87228
0.106283 0.251412 5.37738
0.793967 6.0796e-09 4.46609
0.212678 6.0796e-09 5.59433
0.153943 0.859401 4.00022
0.859353 0.774812 2.87228
0.213019 0.664228 4.945
4.13837e-09 0.793736 4.46716
0.775745 0.688334 3.73207
4.13837e-09 0.725274 4.89418
0.85932 0.767614 2.91438
0.749051 0.250495 4.29925
0.859401 0.251412 3.8802
0.859292 0.682391 3.52386
0.786165 0.0838367 4.36069
0.64708 0.859401 3.7787
0.859335 0.699622 3.39356
0.859487 0.688867 3.47506
0.859393 0.859382 2.61401
0.100629 0.859425 4.12462
0.103578 0.201649 5.41818
0.130827 0.859401 4.05274
0.795798 0.16557 4.12655
0.857969 0.669751 3.61787
0.699395 0.859401 3.39528
0.738438 0.859401 3.10629
0.169305 0.859401 3.96845
0.859401 0.214274 3.89967
0.239141 0.812376 3.96641
0.110695 0.667177 5.12327
0.671422 6.0796e-09 5.2985
0.859401 0.130796 4.05282
0.8594 0.738438 3.10629
0.204999 0.251412 5.17643
0.738065 0.171918 4.4583
0.859401 0.188554 3.93389
0.214272 0.8594 3.89967
4.13837e-09 0.109437 5.79666
0.859042 6.0796e-09 4.30701
0.85931 0.0858433 4.15904
0.765112 6.0796e-09 4.62256
4.13837e-09 0.212864 5.59413
0.859488 0.755296 2.99165
4.13837e-09 0.758415 4.6645
0.85947 0.64838 3.76982
0.719603 0.719576 3.87237
0.731339 0.804161 3.27187
0.859431 0.794099 2.77248
0.725563 6.0796e-09 4.89205
0.801387 0.803324 2.85855
0.859401 0.153993 4.00012
0.106448 0.100692 5.62126
0.0857725 0.858887 4.15921
4.13837e-09 0.671325 5.29921
0.859393 0.82036 2.67241
0.19938 0.198497 5.22251
0.251412 0.204986 5.17645
0.670544 0.845167 3.61988
0.859401 0.100696 4.12446
0.113771 0.850681 4.09629
4.13837e-09 6.0796e-09 6
0.688862 0.859401 3.47509
0.859394 0.744947 3.06098
0.657089 0.859645 3.70915
0.204076 0.10369 5.41476
0.859525 0.657088 3.70915
0.759508 0.754024 3.3505
0.682397 0.85932 3.52381
0.859435 0.728124 3.18033
0.771571 0.251388 4.15712
0.801976 0.859401 2.73782
0.672442 0.221794 4.87665
0.200527 0.703647 4.66512
0.786267 0.8594 2.81057
0.665842 0.108208 5.13893
0.708949 0.859401 3.32296
0.251412 0.859401 3.8802
0.730643 0.859401 3.16202
0.686479 0.777494 3.7363
0.820299 0.859509 2.67259
0.768847 0.83565 2.92889
0.251412 0.749035 4.29935
0.109446 6.0796e-09 5.79664
0.179641 0.736769 4.45316
0.809779 0.728124 3.27364
0.251412 0.251412 5.14639
0.0868082 0.786412 4.35268
0.25188 0.771678 4.1565
0.251801 0.683802 4.77944
0.698001 0.199445 4.7094
0.859308 0.804161 2.72889
0.859352 0.113795 4.09325
0.188549 0.859401 3.9339
0.713915 0.251412 4.55177
