0.033819 0.363353 0.102828
0.236848 0.218505 0.044647
0.174743 0.222001 0.103256
0.433323 0.0666774 2.02113e-11
0.103456 0.293642 0.102902
0.292884 0.155432 0.0516845
0.083184 0.0868414 0.329975
8.43367e-11 0.5 1.05282e-09
0.37789 0.12211 6.72297e-10
0.120629 0.120375 0.258997
0.208536 0.274463 0.0170016
0.133787 0.26372 0.102493
0.137857 6.23862e-10 0.362143
0.119138 0.156803 0.224059
0.350028 0.0667157 0.0832566
0.310059 0.103773 0.0861686
0.0165626 0.433337 0.0501003
0.0686722 0.138381 0.292947
7.8715e-11 0.466671 0.033329
0.0678059 0.0163012 0.415893
0.238262 0.0517048 0.210033
0.257513 0.0847269 0.15776
4.21722e-11 0.250022 0.249978
0.141796 0.0693081 0.288896
0.0686831 0.291903 0.139414
0.189115 0.189446 0.121439
0.033574 0.202418 0.264007
0.101126 0.366102 0.0327721
0.120168 0.0343237 0.345508
0.0866973 0.256655 0.156648
0.208976 0.104227 0.186797
0.398881 0.0847189 0.0164001
0.0335509 0.0839358 0.382513
0.275938 0.103001 0.121061
0.285758 1.29318e-09 0.214242
8.08451e-10 1.08849e-09 0.5
0.0501656 0.449834 1.05282e-09
0.137758 0.362242 6.0412e-10
0.0995623 0.400438 1.05282e-09
0.0688343 0.34501 0.0861558
0.101683 4.60162e-10 0.398317
0.016597 0.31455 0.168853
0.188959 0.311041 9.99363e-10
0.415748 0.0336324 0.0506195
0.0517069 0.328056 0.120237
6.46386e-11 0.383217 0.116783
0.0500055 0.233571 0.216423
0.329532 0.170468 1.05282e-09
0.175506 0.0504158 0.274079
0.214597 0.0137882 0.271615
0.44999 2.0364e-09 0.0500095
0.172327 0.25966 0.068013
0.033311 1.50747e-10 0.466689
4.97899e-11 0.295185 0.204815
0.19771 1.53073e-10 0.30229
2.32715e-11 0.137968 0.362032
0.0333223 0.156768 0.309909
0.382242 0.0504505 0.0673077
0.0677336 0.185736 0.24653
0.0512795 0.103212 0.345508
0.396444 1.79408e-09 0.103556
0.203798 0.0679023 0.2283
0.293037 0.206963 1.05282e-09
0.034054 0.275023 0.190923
0.228833 0.183044 0.0881231
0.278107 0.0512991 0.170594
0.345156 1.56198e-09 0.154844
0.0500408 0.383061 0.0668986
0.293162 0.0684911 0.138347
7.02708e-11 0.416609 0.0833914
0.119228 0.329747 0.0510248
0.210584 0.140184 0.149233
0.103741 0.103523 0.292736
0.349671 0.101433 0.0488961
0.5 2.26272e-09 6.72297e-10
0.150107 0.333493 0.0164001
3.36415e-11 0.199448 0.300552
0.0502947 0.0503829 0.399322
8.4265e-12 0.0499575 0.450043
0.12082 0.240833 0.138347
0.160253 0.106679 0.233068
0.326686 0.138692 0.0346217
0.276342 0.18951 0.0341489
0.154284 0.0168301 0.328886
0.250849 0.148593 0.100558
0.315147 0.0150646 0.169789
0.174577 0.138626 0.186797
0.157556 0.187274 0.15517
0.0866405 0.0495101 0.363849
0.366827 0.0164298 0.116743
0.249068 1.12714e-09 0.250932
0.150961 0.300142 0.0488961
0.452482 0.0319762 0.0155413
0.326671 0.0516625 0.121666
0.0687059 0.414229 0.0170653
0.0867371 0.157618 0.255645
0.101873 0.205285 0.192842
5.828e-11 0.34552 0.15448
0.250796 0.249204 6.72297e-10
1.69026e-11 0.100209 0.399791
