0.457475 0.763284 0.456196
3.71866e-17 0.607303 0.794471
0.258407 0.413997 0.87283
0.567586 0.7211 0.397317
0.290063 0.957007 0
0.35582 0 0.934555
0.172412 0.985025 0
0.534723 0.653707 0.535479
0.871747 0 0.489955
5.09506e-17 0.832086 0.554647
0.341769 0.570243 0.747006
0.600091 0 0.799932
0.501556 0.798095 0.333896
0.655004 0.755625 0
5.63236e-17 0.919834 0.392307
0.507572 0.337892 0.79259
0.501996 0.86487 0
0.67971 0.732113 0.0447745
1.19987e-17 0.195954 0.980613
0.988061 0 0.154062
2.38072e-17 0.388801 0.921322
0.739264 0.268698 0.617487
7.82588e-18 6.07302e-17 1
0.0258376 0.732273 0.680521
0.287211 0 0.957867
0.043007 0.679488 0.732425
0.894348 0.447372 0
0.447419 0 0.894324
0.79782 0 0.602895
0.36966 0.85056 0.37403
0.534661 0.535605 0.653655
0.921658 0.388002 0
0.864161 0.503216 0
0.939797 0.341733 0
0.628157 0.629266 0.45765
1 0 0
0.921689 0 0.38793
0.894468 0 0.447131
0.803817 0.329922 0.495005
0.371433 0.92846 0
0.633199 0.692679 0.345333
5.75765e-17 0.940295 0.340361
0.554728 0.832032 0
1.67524e-17 0.273587 0.961847
2.08552e-17 0.340591 0.940212
0.955894 0.293713 0
0.607097 0.794628 0
0.578124 0.576806 0.57712
3.10225e-17 0.506636 0.86216
0.970181 0 0.24238
0.453571 0.68747 0.567149
0.412382 0.256975 0.874016
0.293878 0.910145 0.292012
5.86507e-17 0.957839 0.287307
0.372491 0.371642 0.850372
4.62807e-17 0.755822 0.654777
0.462964 0.461909 0.756508
4.86906e-17 0.795178 0.606377
0.765897 0.456105 0.453178
5.27781e-17 0.861932 0.507024
0.657852 0 0.753147
6.00442e-17 0.980597 0.196037
0.455185 0.570156 0.683907
0.943261 0 0.332052
0.552095 0 0.833781
0.502894 0 0.864348
0.755589 0 0.655045
5.47706e-17 0.894473 0.447123
0.701336 0.585793 0.40617
0.612993 0.278316 0.739446
0.629318 0.457651 0.628104
0.44742 0.894324 0
0.301572 0.300885 0.904723
0.324249 0.811179 0.486673
0.79918 0.601092 0
0.410676 0.6456 0.643852
0.982317 0.187224 0
0.189849 0 0.981813
0.3232 0.487323 0.811208
2.73814e-17 0.447172 0.894448
0.256999 0.874437 0.411474
0.707272 0.706942 0
0.754664 0.656112 0
0.653726 0.534701 0.535479
0.411257 0.875205 0.254725
0.799044 0.500042 0.333896
0.832191 0 0.554489
6.12323e-17 1 0
0.84864 0.374048 0.37403
0.732944 0.619579 0.280917
4.00841e-17 0.654624 0.755955
0.83291 0.553409 0
2.25836e-09 0.707139 0.707074
0.702595 0.408068 0.582958
0.903957 0.30257 0.302181
0.585104 0.406058 0.701976
0.707077 0 0.707137
3.39676e-17 0.554732 0.832029
0.342489 0.744866 0.572605
0.875326 0.412055 0.253012
