0.0463857 0.732649 0.679024
0.988794 0.149838 0
0.39714 0.622093 0.675442
0.875563 0.256049 0.409877
3.39858e-17 0.55503 0.831831
0.490355 0.871531 0
5.47656e-17 0.894391 0.447287
0.607403 0.794394 0
0.680113 0.0325037 0.732387
0.81794 0.473632 0.327119
4.01005e-17 0.654891 0.755788
0.956854 0.181956 0.226543
0.707012 0 0.707202
0.713403 0.465986 0.523367
0.403399 0.709353 0.578003
4.44953e-17 4.20662e-17 1
0.195794 0 0.980645
0.832158 0 0.554539
0.703288 0.582507 0.407548
0.865385 0.501108 0
0.681536 0.730426 0.0447612
0.764797 0.268309 0.585744
0.894353 0 0.447362
0.622656 0.460355 0.63275
0.463765 0.753947 0.46528
0.59902 0.535563 0.595585
5.85522e-17 0.95623 0.292617
0.794844 0.606814 0
4.65544e-17 0.760291 0.649583
0.502481 0.332733 0.797999
0.90489 0.302879 0.299064
0.555518 0.831505 0
0.940129 0.341663 0
2.22595e-17 0.363525 0.931903
0.472778 0.59122 0.653406
0.371175 0.371822 0.850892
6.12323e-17 1 0
0.631242 0.576556 0.518764
0.518221 0.513543 0.683901
5.27866e-17 0.862071 0.506787
0.53426 0.654102 0.535479
0.933525 0 0.358511
0.778491 0.447129 0.440485
0.508114 0.792417 0.338274
0.633572 0.692726 0.344553
0.755628 0 0.655001
0.567479 0.72101 0.397632
0.651238 0 0.758874
0.256913 0.874212 0.412007
0.382801 0.500842 0.77897
0.37417 0.848958 0.374167
3.71699e-17 0.60703 0.794679
0.463738 0.462625 0.755596
0.287404 0 0.957825
0.359121 0 0.933622
0.831441 0.556535 0
0.554473 0 0.832202
0.301058 0.300336 0.905221
1.78769e-17 0.291953 0.956433
2.73908e-17 0.447326 0.894371
4.32991e-17 0.707129 0.707085
0.341805 0.939771 0
0.411798 0.25661 0.874415
0.795292 0 0.606265
0.342131 0.570822 0.7464
0.00369092 0.680992 0.732282
0.70706 0.707154 0
0.255002 0.411936 0.874805
0.691067 0.338 0.641094
0.299718 0.908236 0.292021
0.502331 0 0.864675
0.628357 0.629453 0.457246
4.85226e-17 0.792434 0.610387
6.0043e-17 0.980577 0.196132
0.894505 0.447057 0
0.65282 0.757751 0
0.447684 0 0.894192
0.953063 0 0.302772
3.09632e-17 0.505667 0.862729
0.730298 0.0349021 0.682602
0.791767 0.339178 0.508616
0.757592 0.654885 0
0.861398 0 0.50793
0.273349 0.962369 0
1 0 0
1.19863e-17 0.195751 0.980654
0.850952 0.372152 0.370653
0.964551 0.263896 0
0.921909 0.387407 0
0.447029 0.894519 0
0.610396 0 0.792131
5.09585e-17 0.832215 0.554787
5.71898e-17 0.93398 0.357326
0.980795 0 0.19504
0.875662 0.409601 0.255819
0.7347 0.617669 0.280948
0.194778 0.980865 0
0.389003 0.921346 0
0.587332 0.405567 0.700398
0.337877 0.792264 0.508092
