0.7614 0.648282
0.781567 0.623821
0.997691 0.0708723
0.837092 0.547167
0.94335 0.331799
0.948683 0.316227
0.65493 0.755689
0.987478 0.157759
0.802949 0.596048
0.810722 0.585431
0.714286 0.699854
0.844589 0.535418
0.49683 0.867848
0.271499 0.962439
0.228072 0.973644
0.488481 0.872575
0.853986 0.520295
0.678368 0.734722
0.721274 0.69265
0.0480719 0.998844
0.918451 0.395535
0.774001 0.633184
0.699856 0.714284
0.76881 0.639478
0.973747 0.227635
0.97974 0.200276
0.931632 0.363402
0.316228 0.948683
0.565244 0.824924
0.742217 0.67016
0.437675 0.899133
0.11025 0.994115
0.24221 0.970227
0.901808 0.432137
0.962442 0.271486
0.422536 0.906357
0.633067 0.774097
0.645406 0.76384
0.873447 0.486919
0.286415 0.958106
0.458256 0.88882
0.39994 0.916567
0.55795 0.829875
0.895791 0.444476
0.912452 0.409388
0.976953 0.213966
0.684622 0.728898
0.300824 0.95368
0.212429 0.977177
0.448117 0.894037
0.477397 0.878688
0.331798 0.94335
0.859953 0.510374
0.692866 0.721067
0.982805 0.184648
0.410119 0.91204
0.132168 0.991227
0.882032 0.471189
0.0825888 0.996584
0.887443 0.460918
0.669791 0.742555
0.347016 0.937902
0.623821 0.781567
0.748808 0.662822
0.953679 0.300825
0.73455 0.678554
0.86508 0.501634
0.970199 0.242308
0.575848 0.817564
0.958166 0.286214
0.994288 0.106731
0.829131 0.559055
6.12323e-17 1
0.256824 0.966486
0.991278 0.131786
0.526836 0.849967
0.595517 0.803343
0.468386 0.88355
0.793517 0.608548
0.906389 0.422445
0.925955 0.377634
0.184648 0.982805
0.755691 0.654929
0.823595 0.567179
0.390439 0.920675
0.543251 0.83957
0.602465 0.798145
0.37457 0.927199
0.510375 0.859953
0.937671 0.347526
0.788662 0.61488
0.614484 0.788938
0.585025 0.811015
1 0
0.817559 0.575845
0.706922 0.707291
0.966532 0.256548
0.362208 0.932097
0.663204 0.748439
0.157762 0.987477
