0.506557 0.734051 0.452293
0.439449 0.388465 0.809925
0.286886 0 0.957965
0.796771 0.604281 0
0.501648 0.865072 0
0.777355 0.443296 0.446327
0.410045 0.910964 0.0447977
0.653804 0 0.756664
0.680571 0.0270342 0.732183
5.28159e-17 0.862549 0.505973
5.47803e-17 0.89463 0.446809
0.255344 0.4125 0.874439
0.589975 0.652274 0.475887
0.701323 0.408795 0.58398
0.0240847 0.680329 0.732511
0.57304 0.343828 0.743914
0.833263 0 0.552877
0.629055 0.458019 0.628099
0.706976 0.707237 0
1.21201e-17 0.197936 0.980215
0.894441 0 0.447187
0.342512 0.744926 0.572512
0.831996 0.554781 0
0.9614 0.275156 0
0.732371 0.620255 0.28092
0.792022 0.337894 0.508458
0.679796 0.732032 0.0447977
0.97021 0 0.242266
5.64251e-17 0.921492 0.388397
0.762059 0 0.647507
0.361842 0.87921 0.309936
0.257092 0.874767 0.410714
0.939866 0.341543 0
5.09498e-17 0.832073 0.554666
0.554591 0.832123 0
0.455465 0.569932 0.683907
0.408257 0.255873 0.876273
0.447123 0.894473 0
0.341961 0.939714 0
0.849999 0.371925 0.37306
0.373659 0.374315 0.848685
0.555287 0 0.831659
0.904673 0.301163 0.301442
0.231318 0.972801 0.0122567
0.94351 0 0.331344
6.00432e-17 0.98058 0.196121
0.980592 0.196059 0
4.3297e-17 0.707094 0.707119
0.707016 0 0.707198
0.468447 0.70645 0.530553
0.534566 0.597259 0.59793
4.86402e-17 0.794355 0.607454
0.597535 0.801843 0
3.71912e-17 0.607379 0.794413
0.606882 0 0.794792
0.380573 0.815977 0.435139
0.800293 0 0.599609
0.654932 0.755688 0
3.09613e-17 0.505637 0.862747
0.409718 0.646198 0.643863
2.87638e-17 5.40559e-17 1
0.574678 0.518174 0.633436
0.529231 0.470866 0.705832
0.894425 0.447218 0
4.01185e-17 0.655185 0.755469
0.254828 0.297058 0.920228
0.195886 0 0.980627
4.62736e-17 0.755706 0.654911
0.453705 0.797851 0.39697
1.79677e-17 0.293435 0.955979
0.0417993 0.731811 0.680224
0.732259 0.0461889 0.679458
0.633449 0.345898 0.692168
2.37826e-17 0.388399 0.921491
0.702661 0.583563 0.40709
0.753923 0.656962 0
0.874275 0.255681 0.412639
0.355327 0 0.934742
0.920214 0 0.391417
6.12323e-17 1 0
3.39739e-17 0.554836 0.83196
1 0 0
0.80078 0.498984 0.331309
0.875586 0.411501 0.253014
0.447278 0 0.894395
0.476793 0.838406 0.264091
0.288313 0.957536 0
0.505477 0 0.86284
0.388851 0.500038 0.773794
0.633658 0.693183 0.343475
0.571731 0.745621 0.342305
5.85811e-17 0.956702 0.291068
0.921444 0.38851 0
0.243311 0.924944 0.292025
2.73894e-17 0.447303 0.894383
0.988499 0 0.151229
0.866893 0 0.498495
0.863626 0.504133 0
0.342809 0.571954 0.745218
0.654015 0.535128 0.534698
