0.262573 0.841381 0.472369
0.794014 0.607899 0
0.150693 0.988626 0
0.387912 0.921696 0
2.73942e-17 0.447381 0.894359
0.235055 0.233716 0.943886
5.86498e-17 0.957824 0.289194
0.745792 0.574552 0.338277
0.488938 0.324013 0.809963
0.351471 0.903359 0.249782
0.405325 0.6548 0.63843
0.447301 0.894383 1.80776e-10
1.60711e-17 0.26246 0.964943
0.585399 0.404232 0.7028
5.60396e-17 2.46773e-17 1
0.298186 0.297516 0.906985
0.644383 0.645518 0.409972
0.187013 0 0.982396
0.498039 0.776816 0.38832
0.98072 0.196058 0
5.47666e-17 0.894406 0.447257
0.934472 0.356037 0
1.19097e-17 0.1945 0.980903
6.12323e-17 1 0
0.831554 0.555444 0
0.634651 0.517021 0.574935
0.659619 0.586865 0.469567
0.501802 0 0.865217
0.861796 0.507293 0
0.912059 0.0352649 0.408541
0.707114 0 0.707099
2.37602e-17 0.388033 0.921645
0.60731 0.794584 0
3.71946e-17 0.607435 0.79437
0.596785 0.262797 0.758146
0.730855 0.0319028 0.681786
0.872863 0 0.487965
0.904655 0.301096 0.301563
0.939969 0 0.341534
0.241502 0.9704 0
0.875786 0.411817 0.251804
0.287446 0 0.957846
0.671929 0.39303 0.628367
4.86269e-17 0.794137 0.607739
0.65849 0 0.75259
0.32888 0.944372 0
0.657634 0.753338 0
0.832825 0 0.553536
0.0254604 0.732756 0.680062
0.338807 0.565279 0.752407
4.62677e-17 0.755609 0.655022
1 0 0
0.848747 0.373823 0.374011
0.57048 0.685002 0.453206
0.424775 0.848248 0.316293
0.762779 0.253875 0.594864
0.754451 0.656357 0
0.380148 0.815071 0.437203
0.0398942 0.677879 0.73409
5.28672e-17 0.863387 0.504561
0.795892 0 0.605439
0.601502 0 0.799692
0.894553 0.446962 0
0.391538 0 0.920162
3.3983e-17 0.554984 0.831861
0.261389 0.894366 0.363022
0.791622 0.339378 0.508091
0.554388 0 0.832258
6.00432e-17 0.980581 0.196116
0.958064 0.286555 0
4.01139e-17 0.655109 0.755534
0.451367 0.450354 0.770671
4.3295e-17 0.70706 0.707153
0.707391 0.706822 0
0.894479 0 0.44711
0.342814 0.745516 0.571563
0.755826 0 0.654841
0.778894 0.444136 0.442795
0.383873 0.503896 0.773783
0.571655 0.745515 0.342669
0.68025 0.678723 0.279542
0.706169 0.470075 0.529486
0.988878 0 0.148726
0.534688 0.653744 0.535469
3.09639e-17 0.505679 0.862722
0.970139 0 0.242548
0.45518 0.570303 0.684
0.243303 0.925004 0.291989
5.64704e-17 0.922232 0.386637
0.255049 0.412005 0.874758
0.446822 0 0.894623
0.4673 0.702268 0.537084
0.416511 0.259547 0.871294
0.488842 0.872372 0
0.814534 0.486306 0.316293
0.555198 0.831718 0
0.535587 0.534391 0.653891
0.371783 0.372438 0.850334
5.09712e-17 0.832422 0.554142
0.577905 0.576614 0.57753
