0.706398 0.470258 0.529018
0.388506 0 0.921446
0.700163 0.341545 0.626992
0.657652 0 0.753322
5.86172e-17 0.957292 0.289124
1.78243e-17 0.291092 0.956695
0.151712 0.988425 0
3.09812e-17 0.505961 0.862557
0.570279 0.685127 0.453191
0.235833 0.235284 0.942881
2.35637e-12 0.707132 0.707081
0.502594 0 0.864522
4.00946e-17 0.654794 0.755807
0.611914 0.790924 0
5.95555e-17 1.42317e-17 1
2.38416e-17 0.389363 0.921084
0.47128 0.593305 0.652598
5.47683e-17 0.894434 0.447201
0.57159 0.745425 0.342967
0.385811 0.623306 0.680176
5.09489e-17 0.832059 0.554687
6.12323e-17 1 0
0.681938 0.675338 0.280856
0.87824 0.311598 0.362768
0.981698 0.190444 0
1 0 0
0.706694 0 0.707519
3.39681e-17 0.554741 0.832023
0.534814 0.653644 0.535466
0.342346 0.939574 0
0.836183 0.548451 0
0.863696 0.504013 0
0.255473 0.917647 0.304398
0.841356 0.262651 0.472371
0.614127 0.275828 0.739437
0.970128 0 0.242592
0.70715 0.707063 0
0.242375 0.970183 0
0.731496 0.0349643 0.680949
0.597403 0.534268 0.598053
0.399211 0.717561 0.570733
0.490344 0.871529 0
0.768894 0.328067 0.548793
0.988406 0 0.151832
0.254853 0.411733 0.874943
0.51371 0.514612 0.686496
0.752751 0.658306 0
0.644371 0.645502 0.410016
0.894439 0 0.447191
0.0431432 0.733168 0.678678
0.343199 0.572847 0.744353
0.894429 0.447211 0
0.942829 0 0.333278
0.774328 0.499549 0.388416
4.63286e-17 0.756603 0.653875
0.957856 0.287249 0
0.659435 0.58671 0.470019
0.868404 0 0.495857
0.924951 0.243374 0.29195
0.446312 0.894878 0
5.28061e-17 0.862388 0.506247
0.794896 0 0.606745
0.755968 0 0.654608
0.556172 0 0.831067
0.482845 0.321436 0.81458
0.464089 0.754471 0.464107
0.298632 0.301469 0.905503
0.256907 0.874501 0.411396
6.00431e-17 0.980579 0.196126
5.62377e-17 0.918431 0.39558
0.341599 0.688383 0.639874
4.81421e-17 0.786221 0.617946
0.0403781 0.171575 0.984343
0.463634 0.464449 0.75454
0.848669 0.423928 0.3163
0.903037 0.34966 0.249523
0.55538 0.831596 0
0.44731 0 0.894379
0.798172 0.396913 0.453191
0.584436 0.405928 0.702607
0.486318 0.811292 0.324498
0.325182 0.488101 0.809947
0.658401 0.752667 0
0.338927 0.791825 0.508077
0.0460693 0.680519 0.731281
0.411289 0.256313 0.874726
0.410047 0.910953 0.0450036
2.73514e-17 0.446682 0.894693
0.37327 0.848982 0.374031
0.603328 0 0.797493
0.79322 0.608936 0
0.371492 0.372144 0.85059
0.28782 0 0.957685
0.832059 0 0.554687
0.74401 0.573132 0.343466
0.195043 0 0.980795
0.921544 0.388273 0
3.70829e-17 0.605609 0.795762
0.629441 0.457493 0.628095
0.912841 0.0436323 0.405978
