0.680626 1.17047e-10 5.23009
0.695446 0.201354 4.72618
0.251412 0.859401 3.8802
0.107021 0.100678 5.61992
0.251465 0.781095 4.10378
0.848921 0.648059 3.77631
0.184087 0.736771 4.44539
0.797514 0.166916 4.11615
0.738842 0.251412 4.36964
0.803164 0.801575 2.86001
0.765059 1.17047e-10 4.62288
0.153938 0.859401 4.00023
0.708949 0.859561 3.32295
0.697738 0.698093 4.199
0.106277 0.251412 5.37739
0.859601 0.726118 3.19499
0.859363 0.774812 2.87228
0.85939 0.859388 2.61401
0.188556 0.859401 3.9339
0.199113 0.698093 4.70916
0.81905 0.750923 3.08283
0.755297 0.859239 2.99165
0.859401 0.688863 3.47508
1.99381e-12 0.725034 4.89594
0.859401 0.251412 3.8802
0.731129 0.804563 3.27178
0.167159 0.77238 4.24491
0.714091 0.252839 4.55048
0.859401 0.188554 3.93389
0.859234 0.786272 2.81054
0.102418 0.197875 5.42672
0.81108 0.240565 3.97051
0.6889 0.859545 3.4748
0.738292 0.738589 3.59855
0.800099 0.85808 2.7458
0.858842 0.699437 3.39498
0.859401 0.130803 4.0528
0.682424 0.859042 3.52361
0.647114 0.859401 3.77847
0.858794 0.214146 3.89981
0.699397 0.859412 3.39526
0.774813 0.859575 2.87227
0.686404 0.777525 3.73669
0.201213 0.188545 5.23505
0.859286 0.682409 3.52372
1.99381e-12 1.17047e-10 6
0.204075 0.103562 5.41506
0.786266 0.859401 2.81057
0.252099 0.106171 5.37765
0.25142 0.204984 5.17645
0.859401 0.657086 3.70917
0.859401 0.100694 4.12446
0.0858122 0.859309 4.15911
0.858943 0.153982 4.00015
0.251412 0.251412 5.14639
1.99381e-12 0.806732 4.41176
0.130796 0.859401 4.05282
0.859045 0.738438 3.1063
0.85905 1.17047e-10 4.30701
0.109697 1.17047e-10 5.79604
1.99381e-12 0.681198 5.2258
0.093454 0.746388 4.57858
0.16905 0.859554 3.96895
1.99381e-12 0.754601 4.68919
0.859414 0.708949 3.32296
0.793033 0.708949 3.48641
0.859401 0.755295 2.99166
1.99381e-12 0.859033 4.30701
0.771589 0.250449 4.15703
0.213419 1.17047e-10 5.59355
0.657094 0.859454 3.70911
0.251412 0.749051 4.29924
0.115131 0.859401 4.09006
0.786105 0.0838492 4.36096
0.858948 0.669683 3.61829
0.75629 0.663518 4.03436
0.769774 0.771874 3.17665
0.20499 0.251412 5.17644
0.769774 0.837206 2.92063
0.240867 0.811644 3.96841
0.730711 0.859314 3.16153
0.859925 0.113759 4.09335
0.793938 1.17047e-10 4.46622
0.251653 0.673246 4.85823
6.53219e-13 0.106565 5.80351
0.858597 0.0858444 4.15907
0.214273 0.859401 3.89967
0.672442 0.224132 4.87479
0.852979 0.767614 2.91599
1.99381e-12 0.211925 5.59514
0.251412 0.713914 4.55178
0.859383 0.80416 2.72889
0.738292 0.182868 4.43808
0.859543 0.820296 2.6726
0.738439 0.859401 3.10629
0.820294 0.85914 2.67261
0.72503 1.73429e-10 4.89598
0.669662 0.859266 3.61844
0.859147 0.169301 3.96846
0.216933 0.655927 5.01137
