0.840125 0.542392
0.575843 0.81756
0.645485 0.763773
0.825588 0.564273
0.970158 0.242474
0.998255 0.0593531
0.607984 0.793949
0.5593 0.828966
0.493886 0.869527
0.920525 0.390684
0.684201 0.729293
0.902734 0.4302
0.444478 0.89579
0.742218 0.670159
0.849965 0.526838
0.948684 0.316225
0.77641 0.630229
0.316228 0.948683
0.654466 0.756092
0.996584 0.0825894
0.761243 0.648467
0.833937 0.55186
0.707088 0.707126
0.768905 0.639363
0.805952 0.591981
0.927173 0.375004
0.699855 0.714285
0.532124 0.846666
0.477398 0.878687
0.723827 0.69044
0.509558 0.860437
0.422716 0.906304
0.17109 0.985255
0.614707 0.788755
0.692757 0.72145
0.870721 0.491777
0.346691 0.937979
0.95368 0.300822
0.750467 0.660907
0.915019 0.403435
0.973623 0.228163
0.800203 0.599729
0.239286 0.970949
0.0945464 0.99552
0.119145 0.992877
0.633028 0.774129
0.73491 0.678165
6.12323e-17 1
0.202372 0.979309
0.21398 0.976838
0.939018 0.343869
0.856478 0.516184
0.977177 0.212429
0.985255 0.171092
0.89579 0.444477
0.393565 0.919297
0.362549 0.931965
0.542008 0.840395
0.865602 0.500733
0.994293 0.106731
0.907974 0.419354
0.962702 0.270564
0.549268 0.835654
0.0697773 0.997563
0.300986 0.953659
0.878688 0.477397
0.81277 0.582584
0.271505 0.962437
0.144659 0.989482
0.184647 0.982805
0.991278 0.131786
0.965816 0.259506
0.844666 0.535317
0.987477 0.157762
0.286154 0.958184
0.887442 0.46092
0.675395 0.737541
0.958174 0.286188
0.583277 0.812274
0.94335 0.331799
0.46092 0.887441
0.591975 0.805956
0.980116 0.198427
0.566368 0.824152
0.331598 0.943449
0.81756 0.575844
0.228226 0.973608
0.663491 0.748185
0.715463 0.69865
0.932957 0.359988
0.519643 0.854455
0.433799 0.901628
0.379407 0.92523
0.406292 0.913743
0.793953 0.607979
0.599517 0.800362
1 8.45548e-10
0.623822 0.781566
0.256901 0.966438
0.786261 0.617931
