0.103991 0.188962 0.207047
0.433377 0.0666232 2.14564e-09
0.153813 0.0162223 0.329965
0.240347 0.121118 0.138536
0.0853993 0.257943 0.156658
0.250635 1.25853e-09 0.249365
0.241219 0.0517339 0.207047
2.14683e-11 0.285756 0.214244
0.0679458 0.292643 0.139411
0.138853 0.0865259 0.274621
0.181215 0.10334 0.215445
0.0689271 0.344917 0.0861558
0.241959 0.171885 0.0861558
0.294253 0.051495 0.154252
0.293511 0.206489 2.14564e-09
0.350573 0.100529 0.0488985
0.211294 0.0170965 0.27161
0.366943 0.0160177 0.117039
0.196349 0.0679973 0.235654
0.396586 1.99141e-09 0.103414
0.213091 0.270513 0.0163955
0.0838494 0.36584 0.0503103
0.0500831 0.233936 0.215981
0.0342138 0.120279 0.345507
0.293392 0.154976 0.0516323
0.415682 0.0339397 0.0503779
0.5 2.51069e-09 3.29271e-09
0.191344 0.240645 0.0680106
0.122496 0.20437 0.173134
2.49255e-11 0.331773 0.168227
0.0344008 0.309476 0.156123
0.238804 0.209773 0.0514233
0.263134 0.0167202 0.220146
0.0659891 0.0840622 0.349949
0.40026 0.0833446 0.0163955
0.183796 0.316204 3.29271e-09
1.62518e-12 0.414869 0.0851309
0.259831 0.137248 0.102921
0.450015 2.2597e-09 0.0499848
0.157555 0.187274 0.15517
0.0847969 0.101472 0.313731
0.29344 0.0858256 0.120735
0.137989 0.256853 0.105158
0.34897 1.75231e-09 0.15103
0.260957 0.0662478 0.172795
0.332981 0.0333585 0.13366
0.0978515 4.91349e-10 0.402149
0.309393 1.55358e-09 0.190607
1.91181e-11 0.254473 0.245527
1.47262e-11 0.466662 0.0333376
5.01602e-12 0.0667663 0.433234
0.0515609 0.0343245 0.414115
0.0690258 0.189287 0.241687
0.0838808 0.416119 2.14564e-09
3.94128e-10 8.60701e-10 0.5
0.379122 0.120878 3.29271e-09
0.224012 0.0857614 0.190227
0.136374 0.34723 0.0163955
0.14102 0.165632 0.193348
0.137951 6.92703e-10 0.362049
1.62914e-11 0.216849 0.283151
0.276805 0.18983 0.0333651
0.327171 0.139593 0.0332363
0.0152115 0.0837707 0.401018
0.124152 0.14331 0.232538
0.344463 0.155537 2.14564e-09
0.155314 0.051703 0.292983
2.32451e-11 0.383406 0.116594
3.7564e-11 0.5 2.14564e-09
0.120547 0.241105 0.138348
0.119239 0.329783 0.050978
1.30498e-11 0.1737 0.3263
0.120873 0.379127 2.14564e-09
0.450103 0.0335018 0.0163955
0.0526403 0.176818 0.270541
0.310266 0.103578 0.0861558
0.103413 0.032732 0.363855
0.120538 0.293306 0.0861558
0.104609 0.120074 0.275317
0.0500143 0.449986 2.14564e-09
0.066673 3.97695e-11 0.433327
8.93213e-12 0.118892 0.381108
0.382242 0.050452 0.0673059
0.195471 9.81533e-10 0.304529
0.152185 0.281154 0.0666612
0.12126 0.0487747 0.329965
0.0338657 0.361568 0.104567
0.350121 0.0666233 0.0832553
0.0669331 0.400789 0.0322783
0.207005 0.137805 0.155189
0.189116 0.189447 0.121438
0.016594 0.433399 0.0500067
0.0343072 0.155788 0.309904
0.0843757 0.311136 0.104488
0.0305741 0.275051 0.194375
0.0166854 0.0166496 0.466665
0.24987 0.25013 2.14564e-09
0.178588 0.214103 0.107309
0.0511015 0.0672519 0.381647
0.0678521 0.136734 0.295414
