0.698802 0.683092 0.273223
0.68497 0.669571 0.334785
0.70246 0.718616 0.14047
0.637106 0.651759 0.445977
0.530799 0.518866 0.691824
0.27453 0.268358 0.939259
0.619066 0.633304 0.49525
0.616319 0.602462 0.535519
0.677992 0.662749 0.361499
0.725602 0.709289 2.01683e-08
0.343016 0.335304 0.894149
0.705779 0.722012 0.100823
0.442798 0.432843 0.803845
0.642906 0.657693 0.428604
0.633303 0.619065 0.495253
0.523403 0.511636 0.702757
0.594709 0.581339 0.58134
0.608434 0.622428 0.521518
0.335304 0.343016 0.894148
0.683093 0.698803 0.273219
0.690786 0.706673 0.230256
0.500782 0.489523 0.734286
0.195106 0.199594 0.975544
0.214887 0.21983 0.967
0.461971 0.472596 0.769952
0.412647 0.422137 0.825296
0.566908 0.554162 0.633333
0.662748 0.677991 0.361501
0.543421 0.555919 0.652103
0.441312 0.451462 0.794365
0.626982 0.612886 0.51074
0.199595 0.195108 0.975543
0.244348 0.238855 0.955423
0.714773 0.698703 0.174656
4.37014e-17 4.41648e-17 1.01469
0.145284 0.142017 0.99414
0.177597 0.173604 0.983825
0.472595 0.461971 0.769952
0.50693 0.518589 0.709703
0.219829 0.214887 0.967
0.679454 0.695081 0.291197
0.64264 0.628192 0.471146
0.109981 0.111238 1.00256
0.352276 0.360378 0.880692
0.360378 0.352276 0.880692
0.379261 0.370734 0.865048
0.555918 0.54342 0.652105
0.422137 0.412647 0.825296
0.327081 0.319727 0.90575
0.518866 0.530799 0.691824
0.0419742 0.0429396 1.01291
0.706673 0.690786 0.230256
0.058838 0.0595107 1.01123
0.573057 0.560173 0.622416
0.364627 0.363808 0.874232
0.142019 0.145286 0.994139
0.305294 0.312316 0.915885
0.489522 0.500781 0.734287
0.31951 0.326858 0.905907
0.472765 0.483638 0.756424
0.389309 0.380557 0.856274
0.078656 0.080465 1.00843
0.164501 0.168285 0.987021
0.718614 0.702458 0.140491
0.390815 0.399803 0.846766
0.370718 0.378743 0.865282
0.554163 0.566908 0.633332
0.483636 0.472763 0.756427
0.669571 0.684971 0.334784
0.43284 0.442795 0.803848
0.518587 0.506928 0.709705
0.238854 0.244347 0.955423
0.60246 0.616316 0.535524
0.168286 0.164503 0.98702
0.657694 0.642907 0.428602
0.312315 0.305294 0.915885
0.459237 0.448912 0.785601
0.124649 0.124867 0.99923
0.612886 0.626982 0.510739
0.0912741 0.0933733 1.00625
0.268358 0.27453 0.939259
0.451464 0.441314 0.794363
0.622428 0.608435 0.521517
0.581339 0.594709 0.58134
0.546402 0.534117 0.667648
0.669133 0.65409 0.39245
0.695553 0.71155 0.198728
0.448913 0.459237 0.785601
0.25282 0.258634 0.94804
0.2861 0.279668 0.932482
0.628193 0.642641 0.471143
0.65409 0.669133 0.39245
0.695081 0.679454 0.291194
0.698704 0.714773 0.174648
0.399803 0.390815 0.846765
0.560174 0.573057 0.622415
0.708409 0.724702 0.0505303
0.534117 0.5464 0.66765
0.722012 0.705779 0.100823
0.651759 0.637106 0.445978
