0.880499 0.478382
0.851718 0.527925
0.785672 0.62197
0.710695 0.706427
0.778067 0.631458
0.916912 0.404228
0.910444 0.418593
0.945295 0.332483
1.00206 0
0.904604 0.431066
0.968486 0.257219
0.301759 0.955546
0.727785 0.688808
0.858252 0.517234
0.527052 0.852258
0.701226 0.715827
0.690416 0.726259
0.841715 0.543731
0.615405 0.790825
0.897638 0.445391
0.0710057 0.999543
0.972143 0.243034
0.736297 0.679702
0.928945 0.375751
0.63169 0.777879
1.00033 0.0588895
0.932802 0.36607
0.864373 0.506939
6.13586e-17 1.00206
0.923764 0.388315
0.814616 0.583548
0.434065 0.90317
0.942108 0.341408
0.998638 0.08276
0.31688 0.950639
0.670892 0.744333
0.640649 0.770517
0.649169 0.763353
0.978764 0.214823
0.984831 0.185028
0.609233 0.795589
0.551813 0.836439
0.271968 0.964448
0.885901 0.468303
0.484289 0.877264
0.203922 0.981093
0.332482 0.945295
0.446058 0.897307
0.99597 0.110323
0.587489 0.811778
0.95064 0.316878
0.9556 0.301591
0.575055 0.820633
0.59874 0.803516
0.106951 0.996338
0.960145 0.286792
0.156052 0.989836
0.892447 0.455703
0.537613 0.845636
0.721256 0.695642
0.516992 0.858398
0.964512 0.271741
0.822834 0.571902
0.372445 0.930275
0.242039 0.972391
0.13206 0.993322
0.171444 0.987286
0.625106 0.783179
0.83562 0.553053
0.504445 0.865831
0.388381 0.923736
0.975984 0.227116
0.401603 0.918065
0.46187 0.889271
0.286823 0.960135
0.762964 0.649626
0.937817 0.353026
0.993322 0.132059
0.989513 0.158087
0.770394 0.640796
0.679694 0.736304
0.754887 0.658993
0.560747 0.830476
0.474537 0.882577
0.827755 0.564755
0.417528 0.910932
0.7926 0.613117
0.871318 0.494907
0.359917 0.935194
0.807613 0.593202
0.744445 0.670768
0.661917 0.752326
0.494908 0.871317
0.848046 0.533803
0.80205 0.600703
0.185028 0.984831
0.254835 0.969116
0.981311 0.202872
0.348244 0.939603
0.228315 0.975705
