0.137669 1.64839e-10 0.362331
0.380002 0.119998 2.74603e-09
0.415873 0.0336637 0.0504631
0.155108 0.258788 0.0861044
0.34858 0.102527 0.0488937
2.3997e-09 3.88257e-09 0.5
0.0340995 0.19244 0.273461
0.184998 0.034451 0.280551
0.103078 0.275483 0.121439
0.276454 0.0508579 0.172689
0.0504765 0.119558 0.329965
0.0680607 0.345784 0.0861556
0.0838784 0.365952 0.0501695
0.13721 0.29382 0.0689699
0.30999 0.103758 0.0862521
0.102946 0.397054 1.08409e-11
6.12064e-13 0.200677 0.299323
0.345861 4.14119e-10 0.154139
0.0680388 0.086441 0.34552
0.250084 0.249916 2.74603e-09
0.397079 4.75445e-10 0.102921
0.134909 0.11856 0.246531
1.52827e-13 0.0501074 0.449893
1.26941e-12 0.416201 0.0837988
0.0689089 0.188979 0.242112
0.0326198 0.293488 0.173893
0.43316 5.18647e-10 0.0668398
0.365252 0.0159457 0.118802
0.190123 0.309877 2.74603e-09
0.0664179 0.400418 0.0331642
0.201812 0.069886 0.228302
0.0767702 0.261213 0.162017
0.0339634 0.156137 0.3099
0.207403 0.138069 0.154528
7.63392e-13 0.250293 0.249707
0.237402 0.0677983 0.194799
0.0493525 0.318164 0.132483
0.138385 0.0517154 0.3099
0.229787 0.0320915 0.238122
0.242351 0.171493 0.0861556
0.259459 0.137694 0.102847
1.16688e-12 0.382584 0.117416
0.121637 0.186377 0.191986
0.347623 0.067904 0.0844732
0.189294 2.26653e-10 0.310706
0.175082 0.292113 0.0328048
0.150111 0.333488 0.016401
0.451042 0.0334171 0.0155405
0.245924 2.94458e-10 0.254076
0.293366 0.154962 0.0516723
0.0857673 0.142622 0.271611
0.119226 0.329752 0.0510218
4.2007e-13 0.137728 0.362272
0.150948 0.0831572 0.265894
0.157556 0.187274 0.15517
0.253772 0.10416 0.142068
0.103036 1.2337e-10 0.396964
8.89043e-13 0.29149 0.20851
0.137985 0.362015 2.74603e-09
0.3095 0.0510864 0.139413
0.10356 0.0668102 0.32963
0.17474 0.222001 0.103259
0.432952 0.0670485 1.08409e-11
0.31254 0.0149356 0.172524
0.0859197 0.310726 0.103354
0.0851197 0.0510291 0.363851
0.0158182 0.0165568 0.467625
0.146319 0.160066 0.193615
3.14256e-13 0.103035 0.396965
1.04369e-12 0.342194 0.157806
0.293878 0.0859567 0.120166
0.28325 3.39152e-10 0.21675
0.0333318 0.466668 1.08409e-11
0.466667 5.58766e-10 0.0333334
0.154841 0.0163306 0.328829
0.0341662 0.397574 0.0682596
0.0344404 0.0861541 0.379405
0.138154 0.223919 0.137927
0.189116 0.189445 0.121439
0.5 5.98678e-10 2.74603e-09
0.345098 0.154902 2.74603e-09
0.196474 0.107038 0.196488
0.234831 0.216939 0.0482304
0.0666063 3.27496e-11 0.433394
0.0501413 0.234227 0.215632
0.326468 0.139297 0.034235
0.189949 0.241324 0.0687277
0.214035 0.269564 0.016401
0.0338069 0.363194 0.102999
1.525e-12 0.5 1.08409e-11
0.0492968 0.0333947 0.417309
0.310094 0.189906 2.74603e-09
0.275818 0.189154 0.0350283
0.0869131 0.226304 0.186783
1.37252e-12 0.450008 0.0499922
0.0474504 0.435955 0.0165941
0.118398 0.149063 0.232539
0.102682 0.102454 0.294865
0.399002 0.0843277 0.0166698
0.382315 0.0503771 0.067308
