0.165817 0.334183
0.344388 0.155612
0.283164 0.216836
0.211734 0.288266
0.0129001 0.4871
0.462009 0.0379911
0.00799478 0.492005
0.5 4.85598e-09
0.0639815 0.436019
0.242347 0.257653
0.34938 0.15062
0.436119 0.0638813
0.477041 0.0229592
0.104592 0.395408
0.482143 0.0178574
0.385203 0.114797
0.196398 0.303602
0.0369901 0.46301
0.0478232 0.452177
0.252551 0.247449
0.415817 0.0841834
0.329082 0.170918
0.257653 0.242347
0.0590081 0.440992
0.302441 0.197559
0.130102 0.369898
0.0840105 0.415989
0.0539134 0.446087
0.0319844 0.468016
0.272959 0.227041
0.00400196 0.495998
0.318877 0.181123
0.450713 0.0492865
0.018022 0.481978
0.221939 0.278061
0.288265 0.211735
0.0994865 0.400514
0.323979 0.176021
0.0420921 0.457908
0.0790815 0.420918
0.426021 0.0739795
4.54314e-09 0.5
0.490011 0.00998923
0.155612 0.344388
0.15051 0.34949
0.170919 0.329081
0.354592 0.145408
0.390306 0.109694
0.191112 0.308888
0.262755 0.237245
0.447001 0.0529985
0.440998 0.0590018
0.298469 0.201531
0.369898 0.130102
0.455929 0.0440712
0.339286 0.160714
0.308673 0.191327
0.109749 0.390251
0.181122 0.318878
0.495005 0.00499499
0.313775 0.186225
0.0229593 0.477041
0.0286988 0.471301
0.293368 0.206632
0.466993 0.0330072
0.0688775 0.431123
0.278055 0.221945
0.395408 0.104592
0.486405 0.0135946
0.119898 0.380102
0.40051 0.09949
0.186224 0.313775
0.380102 0.119898
0.17602 0.323979
0.114796 0.385204
0.227041 0.272959
0.0892855 0.410714
0.334184 0.165816
0.161019 0.338981
0.364796 0.135204
0.375 0.125
0.094236 0.405764
0.431123 0.0688775
0.420919 0.0790815
0.135204 0.364796
0.247449 0.252551
0.359694 0.140306
0.0739795 0.426021
0.201531 0.298469
0.472033 0.0279667
0.267857 0.232143
0.140306 0.359694
0.125 0.375
0.216836 0.283164
0.206632 0.293368
0.145408 0.354592
0.237245 0.262755
0.405612 0.094388
0.410715 0.0892855
0.232143 0.267857
