1.20078e-17 0.196102 0.980588
0.0425283 0.679354 0.73259
0.447235 8.44171e-13 0.894416
5.6293e-17 0.919334 0.393478
2.73829e-17 0.447197 0.894442
0.835766 0.439142 0.329619
0.527307 0.706237 0.472417
0.693293 0.633312 0.343957
0.504087 7.30388e-14 0.863653
0.538807 0.844047 1.02674e-09
0.706258 0.470168 0.529284
0.805659 0.388904 0.446842
0.193514 9.74398e-11 0.981098
0.654589 0.755985 1.77436e-39
0.669072 0.31541 0.673235
6.11808e-17 2.51096e-18 1
6.00433e-17 0.980581 0.196115
0.622267 0.281 0.730638
0.894451 2.33952e-12 0.447166
0.871543 0.49032 8.39943e-15
1.77351e-17 0.289637 0.957137
3.7184e-17 0.60726 0.794503
0.798971 3.35922e-10 0.601395
5.47702e-17 0.894465 0.447138
4.83247e-17 0.789202 0.614134
0.920384 6.27242e-106 0.391101
0.044178 0.732309 0.679538
6.12323e-17 1 3.273e-10
0.794642 0.607078 1.11148e-11
3.39635e-17 0.554666 0.832073
0.309694 0.879341 0.36173
5.27941e-17 0.862193 0.50658
0.96266 0.270712 1.24689e-10
0.865188 3.01459e-62 0.501448
0.344598 8.50365e-38 0.93875
4.01081e-17 0.655014 0.755617
0.286698 0.958063 2.94036e-10
0.323594 0.48721 0.81138
0.253399 0.412045 0.875219
0.751301 0.659959 3.43123e-14
0.756411 0.522324 0.393726
0.940244 9.48611e-49 0.340501
0.386087 0.623714 0.680509
0.841437 0.262309 0.472417
0.343075 0.57263 0.744576
0.59818 2.26411e-13 0.801362
0.707076 4.55125e-12 0.707234
0.499166 0.774614 0.388338
0.554398 3.40346e-123 0.832252
0.451149 0.733601 0.508384
0.598565 0.53252 0.59845
0.734624 0.280983 0.617557
0.679971 0.732127 0.0403795
0.347227 0.905143 0.245288
0.513847 0.514727 0.686337
0.381381 0.817848 0.430898
0.447218 0.894425 7.65245e-26
0.275252 6.81266e-18 0.961372
0.581754 0.409581 0.702713
0.683987 0.389929 0.616536
4.62943e-17 0.756043 0.654522
4.32958e-17 0.707074 0.707139
1 6.94671e-139 4.7275e-10
0.342471 0.745156 0.572238
0.392068 0.919936 1.02534e-09
0.543684 0.646293 0.535456
0.372335 0.372314 0.850147
0.47185 0.593223 0.65226
0.894294 0.447479 2.52676e-25
0.460994 0.461085 0.758211
5.86147e-17 0.957251 0.289587
0.909328 0.299146 0.290618
3.10369e-17 0.50687 0.862022
0.831378 1.29702e-48 0.555708
2.37801e-17 0.388359 0.921508
0.621761 0.680269 0.388185
0.411787 0.256865 0.874329
0.7691 0.328161 0.549385
0.940559 0.339632 4.36109e-11
0.488486 0.32421 0.810105
0.571458 0.745274 0.343515
0.972555 6.43268e-113 0.232862
0.301416 0.301476 0.904578
0.394358 0.677694 0.620676
0.707126 0.707087 8.51043e-13
0.879465 0.313341 0.358273
0.60492 0.796286 1.80939e-11
0.440638 0.834623 0.33072
0.243385 0.92494 0.292
5.10202e-17 0.833223 0.552937
0.802596 0.534302 0.265258
0.979204 0.200841 0.0286824
0.658033 1.81982e-141 0.752989
0.487094 0.87335 5.77786e-38
0.832415 0.554153 4.28634e-15
0.650179 0.593928 0.475879
0.262667 0.841325 0.472417
0.75599 1.7516e-57 0.65475
0.919773 0.39245 2.99707e-11
0.163517 0.986541 1.05618e-16
