0.856776 0.53621
0.88812 0.482523
0.908032 0.443918
0.524577 0.863947
0.664407 0.761675
0.931693 0.391835
0.636952 0.784779
0.963914 0.304065
0.953477 0.335361
0.465867 0.896969
0.973037 0.273466
0.832726 0.572847
0.968466 0.28924
0.750186 0.677353
0.797188 0.621351
0.482455 0.888157
0.938332 0.375657
0.736231 0.692495
0.976761 0.259852
0.949352 0.346867
0.621345 0.797192
0.882779 0.492226
0.0485886 1.00957
0.36606 0.942118
0.655144 0.769657
0.77319 0.65097
0.990773 0.199886
0.679513 0.74823
1.00728 0.0834753
0.697866 0.731142
0.757106 0.669609
0.864893 0.523016
0.848583 0.549083
0.927022 0.40276
0.984071 0.230629
0.505969 0.874975
0.895129 0.469392
0.944416 0.360089
0.688655 0.739824
0.987234 0.21669
0.274233 0.972822
0.608573 0.806985
1.00895 0.0599916
0.707368 0.721953
0.742711 0.685541
0.515856 0.869182
0.980522 0.245281
1.01074 0
0.764343 0.661336
0.998078 0.159456
0.821129 0.58935
0.920249 0.418004
0.443706 0.908136
0.958868 0.319622
0.993892 0.183753
0.0872714 1.00696
1.00291 0.125542
0.802476 0.614507
1.00496 0.107877
0.5879 0.822167
0.383482 0.935162
0.259582 0.976833
0.334966 0.953616
0.568361 0.835794
0.57801 0.82915
0.108218 1.00493
0.230018 0.984214
0.717501 0.711883
0.876643 0.503073
0.598336 0.814604
0.725165 0.704075
0.901715 0.456614
0.245157 0.980553
0.197513 0.991249
0.869182 0.515856
0.646273 0.777121
0.841004 0.560623
0.557601 0.84301
0.214709 0.987667
0.789958 0.630518
0.91344 0.432682
0.492204 0.882792
0.319623 0.958868
0.826336 0.582027
0.54063 0.853993
0.452842 0.903615
0.133483 1.00188
0.351257 0.947736
0.3991 0.928604
0.782359 0.639922
0.289293 0.96845
0.18383 0.993877
0.811058 0.603134
6.18897e-17 1.01074
0.429563 0.91491
0.670765 0.756082
0.416187 0.921072
0.630518 0.789958
0.159455 0.998078
0.304054 0.963917
