0.0165785 0.0333132 0.450108
0.246338 0.168939 0.0847228
0.189547 0.189884 0.120568
0.153446 0.0165838 0.32997
3.62723e-09 0.396514 0.103486
2.28594e-09 0.24989 0.25011
0.122859 0.15663 0.220511
0.118917 0.27953 0.101553
0.173423 0.139795 0.186782
0.189371 1.42661e-10 0.310629
0.240451 0.10438 0.15517
0.0509704 0.101625 0.347405
0.0340438 0.346615 0.119341
0.378767 0.121233 4.71773e-09
0.17761 0.288743 0.0336462
0.120905 0.0335903 0.345505
0.119404 0.330234 0.0503627
0.141885 0.0706243 0.287491
0.310066 0.10378 0.0861534
0.137585 0.362415 2.0932e-09
0.0838596 0.365867 0.0502732
0.230464 0.269536 4.71773e-09
0.158203 0.25557 0.0862261
0.182887 0.317113 2.0932e-09
0.46662 0.0333797 2.0932e-09
0.084579 0.101684 0.313737
0.293348 0.0501762 0.156476
0.260937 0.137829 0.101234
0.155996 0.188834 0.15517
0.432616 3.25907e-10 0.0673843
0.0339899 0.310839 0.155171
0.248186 0.0335717 0.218242
0.0344367 0.0861501 0.379413
0.292884 0.155428 0.0516889
0.119846 0.363753 0.0164006
0.396681 2.98836e-10 0.103319
0.344836 2.59779e-10 0.155164
0.186356 0.0330962 0.280548
0.174743 0.222015 0.103249
0.0333847 0.466615 2.0932e-09
0.24346 0.222357 0.034183
0.0164354 0.217668 0.265897
0.365404 0.0159519 0.118644
0.0512421 0.0511276 0.39763
0.0499685 0.233401 0.216631
0.380909 0.0510778 0.0680137
0.216498 0.161997 0.121505
1.78292e-09 0.194902 0.305098
1.85157e-09 2.08522e-09 0.5
0.450835 0.0163154 0.0328492
0.137562 1.03631e-10 0.362438
0.237652 0.0675492 0.194799
0.34943 0.0673141 0.0832558
0.276506 0.0851514 0.138342
6.13801e-10 0.0670983 0.432902
0.0862685 0.258561 0.155171
0.1932 0.254273 0.0525273
0.43319 0.0668097 2.0932e-09
4.26867e-09 0.466634 0.0333658
0.397958 0.0854806 0.0165614
0.0332693 0.272359 0.194372
0.162769 0.101431 0.2358
0.06907 0.291767 0.139163
0.205518 0.102749 0.191733
0.0503085 3.78994e-11 0.449692
0.314278 0.0168726 0.168849
0.067732 0.185736 0.246532
3.96378e-09 0.433305 0.0666948
0.326597 0.139351 0.0340515
0.120986 0.240671 0.138342
0.134396 0.298864 0.0667397
0.416871 0.0327173 0.0504116
0.102859 0.207271 0.18987
0.285924 2.15398e-10 0.214076
0.347306 0.102844 0.0498504
0.0689437 0.3449 0.086156
0.0682933 0.137618 0.294088
0.086949 0.309905 0.103146
1.2731e-09 0.139171 0.360829
3.15476e-09 0.344866 0.155134
0.5 3.7667e-10 2.0932e-09
0.281628 0.218372 2.0932e-09
9.32229e-10 0.101908 0.398092
2.75471e-09 0.301134 0.198866
0.332588 0.167412 8.01574e-10
0.203401 0.0682962 0.228303
0.08332 0.41668 2.0932e-09
0.0798213 0.154282 0.265897
0.119861 0.120074 0.260064
0.085865 0.06863 0.345505
0.0672196 0.0157181 0.417062
0.101017 7.61002e-11 0.398983
4.57389e-09 0.5 4.71773e-09
0.235025 1.77054e-10 0.264975
0.322919 0.053688 0.123393
0.0327043 0.399989 0.0673071
0.0498902 0.433709 0.0164006
0.270097 0.194875 0.0350286
0.216505 0.216022 0.0674733
0.0342222 0.155874 0.309903
