0.99552 0.0945463
0.575845 0.817559
0.788708 0.614768
0.768809 0.639478
0.985255 0.171092
0.532587 0.846375
0.93792 0.346851
0.698711 0.715411
0.793952 0.60798
0.958214 0.286052
0.761205 0.648511
0.95368 0.300824
0.639478 0.768809
0.721394 0.692531
0.596191 0.803058
0.822072 0.569436
0.84598 0.533443
0.368435 0.929654
0.931961 0.362593
0.428086 0.903738
0.91845 0.395536
0.837965 0.545724
0.356037 0.934472
0.499373 0.866387
0.648379 0.761318
0.970295 0.241941
0.675375 0.738091
0.693067 0.720873
0.982805 0.184648
0.584528 0.811484
0.343214 0.939355
0.663034 0.748762
0.812368 0.583145
0.615058 0.788482
0.623821 0.781567
0.604215 0.796821
0.316227 0.948683
0.805951 0.591982
0.900651 0.434544
0.905999 0.423279
0.567194 0.82366
0.887441 0.46092
0.72867 0.684865
1 0
0.200419 0.979743
0.559593 0.828768
0.998237 0.0593534
0.781567 0.623821
6.12323e-17 1
0.707134 0.70708
0.750297 0.661193
0.859951 0.510377
0.96246 0.271422
0.989481 0.144661
0.830392 0.557179
0.977177 0.212429
0.444477 0.89579
0.216904 0.976193
0.0480725 0.998844
0.390788 0.920481
0.0935078 0.995619
0.256866 0.966447
0.460918 0.887443
0.234181 0.972193
0.992877 0.119144
0.800559 0.599254
0.184646 0.982805
0.510378 0.85995
0.740407 0.672159
0.925229 0.379409
0.51986 0.85443
0.119144 0.992877
0.774199 0.632943
0.973449 0.228903
0.853503 0.521125
0.948684 0.316227
0.654931 0.755689
0.144661 0.989481
0.171091 0.985255
0.541902 0.840442
0.477397 0.878688
0.271488 0.962442
0.869524 0.493891
0.413166 0.910656
0.979839 0.199789
0.403534 0.914965
0.301128 0.953586
0.633013 0.774141
0.489922 0.871766
0.965715 0.259603
0.68464 0.728882
0.911862 0.410496
0.895197 0.445954
0.878688 0.477397
0.331502 0.943454
0.381262 0.924467
0.285601 0.958349
0.715052 0.699071
0.94351 0.331344
0.549778 0.83531
