0.976192 0.217136
0.477397 0.878687
0.80595 0.591983
0.911289 0.411767
0.899327 0.437276
0.749927 0.661521
0.864152 0.503231
0.96329 0.268464
0.444474 0.895792
0.933223 0.359299
0.663341 0.748321
0.24259 0.97013
0.454545 0.890859
0.958169 0.286206
0.316227 0.948684
0.979789 0.200032
0.972939 0.231064
0.923017 0.384758
0.825152 0.565174
0.856384 0.516339
0.869716 0.493553
0.570601 0.821275
0.728412 0.685139
0.684454 0.729056
0.132551 0.991176
0.692708 0.721218
0.648356 0.761337
0.678334 0.734753
0.347005 0.937863
0.557788 0.829984
0.699856 0.714284
0.74297 0.669325
0.892876 0.450303
0.0825893 0.996584
0.982805 0.184648
0.799682 0.600424
0.781568 0.62382
0.228177 0.97362
0.719729 0.694255
0.520756 0.853705
0.887441 0.46092
0.998237 0.0593525
0.63149 0.775398
0.363401 0.931633
0.0511263 0.998693
0.614827 0.788662
0.58649 0.809957
0.669494 0.742826
0.917735 0.397194
0.953679 0.300825
0.875355 0.483481
0.966648 0.25611
0.184648 0.982805
0.943448 0.331521
0.903738 0.428087
0.395536 0.91845
0.203245 0.979128
0.881744 0.471727
0.987477 0.15776
0.989482 0.144658
0.419321 0.907845
0.768876 0.639408
0.639478 0.768809
0.535522 0.844521
0.270563 0.962702
0.734916 0.678158
0.331418 0.943484
0.378456 0.925619
0.256593 0.96652
0.710905 0.703288
0.654932 0.755688
0.488379 0.872631
0.830881 0.556449
0.996508 0.0839482
0.510376 0.859951
0.409956 0.912238
0.157761 0.987477
0.467946 0.883757
0.500073 0.865988
0.602345 0.798236
0.83957 0.543252
0.937809 0.347322
0.428761 0.903418
0.849967 0.526836
0.774362 0.632743
0.948683 0.316228
0.816369 0.577531
0.844651 0.535342
0.787403 0.616439
0.761244 0.648465
0.927152 0.374685
0.992877 0.119144
1 0
0.300825 0.953679
6.12323e-17 1
0.793952 0.60798
0.10673 0.994288
0.548334 0.836259
0.285601 0.958349
0.623821 0.781567
