0.859951 0.510377
0.568394 0.822761
0.852387 0.522912
0.535181 0.844739
0.483932 0.875105
0.714284 0.699856
0.654563 0.756007
0.91129 0.411765
0.872786 0.488104
0.645601 0.763675
0.256193 0.966634
0.788531 0.614995
0.728413 0.685138
0.903738 0.428086
0.755688 0.654931
0.362576 0.931954
0.331311 0.943522
0.678275 0.734817
0.213867 0.976863
0.691781 0.722107
0.923081 0.384605
0.800934 0.598753
0.953679 0.300825
0.793952 0.607981
0.448377 0.893967
0.81112 0.584879
0.948683 0.316228
1 1.336e-10
0.699855 0.714285
0.768808 0.63948
0.943352 0.331793
0.660581 0.750872
0.493891 0.869524
0.617799 0.786336
0.558525 0.829487
0.30115 0.953577
0.781567 0.623821
0.931633 0.363402
0.761334 0.64836
0.422689 0.906296
0.973977 0.226649
0.992877 0.119142
0.742218 0.670159
0.286108 0.958197
0.832796 0.55358
0.271348 0.962487
0.54325 0.839571
0.144656 0.989482
0.0480692 0.998844
0.50817 0.861257
0.748605 0.663016
0.928289 0.37186
0.989481 0.144661
0.957288 0.289139
0.995384 0.0959711
0.435952 0.89997
0.395535 0.918451
0.865949 0.500142
0.669226 0.743072
0.379406 0.92523
0.184642 0.982806
0.607981 0.793951
0.917841 0.396948
0.887442 0.46092
0.316227 0.948683
0.997757 0.0671331
0.242453 0.970183
0.823358 0.567539
0.89579 0.444477
0.599026 0.80073
0.633293 0.773918
6.12323e-17 1
0.411766 0.911289
0.97718 0.212428
0.347092 0.937831
0.119145 0.992877
0.985255 0.171092
0.774092 0.633073
0.171091 0.985255
0.844693 0.535372
0.706681 0.707533
0.818711 0.574205
0.721094 0.69284
0.579551 0.814936
0.83957 0.543251
0.0825864 0.996584
0.460918 0.887443
0.982449 0.186533
0.966751 0.255721
0.227689 0.973734
0.62393 0.78148
0.19997 0.979802
0.735124 0.677933
0.962457 0.271434
0.591981 0.805952
0.970505 0.241081
0.472993 0.881066
0.880145 0.474706
0.519766 0.854309
0.93767 0.347526
