0.319416 0.947615 0
0.552341 0 0.833618
0.755601 0 0.655032
6.12323e-17 1 0
0.790275 0.612752 0
2.37781e-17 0.388325 0.921522
2.71123e-09 0.654941 0.75568
0.350335 0.246636 0.903569
0.707193 0.707021 0
0.841328 0.262762 0.47236
1.46636e-17 0.239474 0.970903
3.10374e-17 0.506878 0.862018
0.652621 0 0.757684
0.900588 0.353444 0.253017
0.74418 0.57226 0.344551
0.410033 0.91097 0.0448016
0.88006 0.309956 0.359752
0.534362 0.535312 0.654139
5.47724e-17 0.894501 0.447067
0.455528 0.569887 0.683902
0.706378 0.470246 0.529055
0.920324 0 0.391157
0.375847 0 0.926682
0.0369385 0.155576 0.987133
0.678474 0.679682 0.278758
1 0 0
0.586621 0.405075 0.701278
0.75227 0.658855 0
0.644344 0.64549 0.410078
0.921569 0.388216 0
0.732076 0.0349981 0.680323
0.848484 0.424296 0.316305
5.09374e-17 0.83187 0.55497
0.69083 0.346451 0.634607
3.39625e-17 0.55465 0.832084
4.804e-14 0.755751 0.65486
0.300663 0.90539 0.299785
2.03985e-17 0.333134 0.94288
7.26132e-11 0.707127 0.707087
0.490174 0 0.871625
0.196947 0 0.980414
0.470009 0.705409 0.530556
0.372979 0.849066 0.37413
0.410049 0.645998 0.643853
0.463895 0.46472 0.754212
6.06739e-17 8.25101e-18 1
0.0462806 0.731752 0.679997
0.980513 0.196453 0
0.34323 0.572675 0.74447
0.447172 0.894448 0
0.598883 0 0.800837
0.581762 0.739103 0.33953
0.872268 0.489029 0
0.970098 0 0.242715
6.05198e-17 0.988363 0.152116
0.633622 0.517876 0.574741
0.768719 0.327977 0.549091
0.0430367 0.680153 0.731806
0.707249 0 0.706964
0.864544 0 0.502557
0.371468 0.372129 0.850606
0.685052 0.570374 0.453185
0.220934 0.975289 0
0.77431 0.499534 0.388471
0.343457 0.744426 0.572604
0.624065 0.277903 0.730283
0.988366 0 0.152097
0.399093 0.797087 0.453185
0.44723 0 0.894419
5.9235e-17 0.967381 0.253325
0.255425 0.41263 0.874354
3.71176e-17 0.606176 0.79533
0.5035 0.795886 0.336234
0.832085 0 0.554649
0.324352 0.488678 0.809932
0.957831 0.287333 0
0.65332 0.757082 0
0.517957 0.633555 0.574741
0.243014 0.29198 0.925036
0.832332 0.554278 0
0.597581 0.596237 0.536094
0.509392 0.731534 0.453185
0.287288 0 0.957844
4.86913e-17 0.79519 0.60636
5.75207e-17 0.939384 0.342868
0.483068 0.327371 0.81208
5.64133e-17 0.921299 0.388854
0.894414 0 0.447239
0.894275 0.447518 0
0.554442 0.832222 0
5.27975e-17 0.862249 0.506485
0.940395 0 0.340084
0.924894 0.243504 0.292021
0.257006 0.874483 0.411372
0.798339 0.396584 0.453185
0.629004 0.458084 0.628103
1.19858e-12 0.447209 0.894429
0.491298 0.870991 0
0.611067 0.791579 0
0.794554 0 0.607194
