0.0724781 3.88177
0.0468421 3.93314
0.793257 2.4694
0.742522 2.77071
0.0533523 3.92094
0.126082 3.75695
0.0101243 3.98891
0.0597964 3.90826
0.0661738 3.89518
0.0787104 3.86811
0.0202686 3.97588
0.137353 3.7305
0.713923 2.97852
0.120376 3.77052
0.0402735 3.9448
0.647501 3.46883
0.814512 2.38376
0.726292 2.88671
0.0269783 3.96624
0.750717 2.71487
0.0848693 3.85426
0.774811 2.56527
0.181584 3.63862
0.740044 2.788
0.170528 3.65906
0.73192 2.84579
0.843304 2.31711
0.65864 3.39113
0.80853 2.40493
0.796045 2.45656
0.781816 2.52673
0.73739 2.8067
0.83649 2.32739
0.716653 2.95807
0.734646 2.82622
0.710891 3.00131
0.114618 3.78428
6.29433e-09 4
0.75816 2.66613
0.720347 2.93056
0.198444 3.61195
0.142932 3.7177
0.159519 3.68132
0.187155 3.62917
0.671095 3.30091
0.766732 2.61269
0.213014 3.59397
0.03365 3.95586
0.176044 3.6486
0.696352 3.11135
0.760591 2.65067
0.131738 3.7436
0.635212 3.55035
0.0969727 3.82623
0.148482 3.70521
0.74824 2.73152
0.753194 2.69843
0.77247 2.5787
0.640257 3.51746
0.666322 3.33584
0.68869 3.16939
0.655456 3.41367
0.831914 2.33625
0.850069 2.31041
0.19277 3.62026
0.723924 2.90411
0.703515 3.05705
0.204092 3.60438
0.684514 3.20089
0.238352 3.57566
0.820401 2.36528
0.811502 2.39411
0.102914 3.8122
0.662781 3.36149
0.762999 2.63559
0.755623 2.68252
0.707244 3.02883
0.777148 2.55214
0.0909569 3.84028
0.165024 3.66997
0.700163 3.08245
0.729111 2.86613
0.786501 2.50238
0.769312 2.59722
0.251412 3.57319
0.800984 2.43497
0.859389 2.307
0.790429 2.48289
0.108798 3.79819
0.803519 2.42448
0.680225 3.23309
0.745712 2.74873
0.692614 3.13969
0.823774 2.35579
0.644023 3.49238
0.222013 3.5855
0.675758 3.26641
0.652141 3.43686
0.827267 2.34682
0.154008 3.69308
