0.358978 0.358978 0.861551
0.315789 0.315789 0.894737
0.271562 0.271562 0.923314
0.666667 0.666667 0.333334
0.706207 0.706207 0.0504391
0.246631 0.246631 0.937201
0.683499 0.683499 0.256239
0.633724 0.633724 0.443607
0.549972 0.549972 0.62854
0.436851 0.436851 0.786334
0.659736 0.659736 0.359857
0.684832 0.684832 0.24902
0.680414 0.680414 0.272166
0.21938 0.21938 0.950655
0.201773 0.201773 0.958424
0.698536 0.698536 0.15523
0.502518 0.502518 0.703527
0.703526 0.703526 0.100504
0.639602 0.639602 0.426402
0.123091 0.123091 0.984732
0.235701 0.235701 0.94281
0.449977 0.449977 0.771389
0.0764668 0.0764668 0.994136
0.382359 0.382359 0.841192
0.428393 0.428393 0.795588
0.444444 0.444444 0.777778
0.497468 0.497468 0.71067
0.468292 0.468292 0.749269
0.650945 0.650945 0.390566
0.331294 0.331294 0.883453
0.70014 0.70014 0.140029
0.596549 0.596549 0.536896
0.19245 0.19245 0.962251
0.601316 0.601316 0.526154
0.707107 0.707107 7.8214e-07
0.539164 0.539164 0.646997
0.619585 0.619585 0.4819
4.32978e-17 4.32978e-17 1
0.615457 0.615457 0.492367
0.67828 0.67828 0.282617
0.523204 0.523204 0.672692
0.386494 0.386494 0.837404
0.688247 0.688247 0.229416
0.282137 0.282137 0.91695
0.140027 0.140027 0.980196
0.545454 0.545454 0.636364
0.0663719 0.0663719 0.995585
0.0498491 0.0498491 0.997512
0.0901664 0.0901664 0.991837
0.631168 0.631168 0.450836
0.624695 0.624695 0.468521
0.408248 0.408248 0.816497
0.348155 0.348155 0.870389
0.702247 0.702247 0.117039
0.176089 0.176089 0.968497
0.658146 0.658146 0.365634
0.556022 0.556022 0.617802
0.473016 0.473016 0.743311
0.529812 0.529812 0.662267
0.457498 0.457498 0.762491
0.485071 0.485071 0.727607
0.55337 0.55337 0.622546
0.644831 0.644831 0.410348
0.65561 0.65561 0.374635
0.366508 0.366508 0.855186
0.464206 0.464206 0.754337
0.181236 0.181236 0.966596
0.38949 0.38949 0.834623
0.506979 0.506979 0.697098
0.0990136 0.0990136 0.990148
0.0369257 0.0369257 0.998636
0.604708 0.604708 0.518321
0.696311 0.696311 0.174076
0.131024 0.131024 0.982683
0.32338 0.32338 0.889298
0.264906 0.264906 0.927173
0.109764 0.109764 0.987878
0.598671 0.598671 0.532153
0.150329 0.150329 0.97714
0.57735 0.57735 0.577351
0.171219 0.171219 0.970241
0.211998 0.211998 0.953999
0.254455 0.254455 0.933009
0.337869 0.337869 0.878459
0.376288 0.376288 0.846649
0.705362 0.705361 0.0702411
0.694314 0.694314 0.189358
0.431889 0.431889 0.791798
0.646762 0.646762 0.404226
0.676715 0.676715 0.290022
0.693103 0.693103 0.19803
0.674578 0.674578 0.299813
0.514495 0.514495 0.685995
0.691714 0.691714 0.207515
0.276172 0.276172 0.920575
0.162221 0.162221 0.973329
0.30151 0.30151 0.904535
0.534994 0.534994 0.653882
0.0827289 0.0827289 0.993132
0.609207 0.609207 0.507674
