0.0859113 0.30816 0.105928
0.162009 0.182108 0.155883
0.344697 1.20911e-10 0.155303
0.398583 1.39813e-10 0.101417
0.237767 0.0801613 0.182072
0.275447 0.0512848 0.173268
0.0500182 0.233636 0.216346
0.3822 0.0504915 0.0673082
0.208616 0.274548 0.0168358
0.326392 0.139263 0.034345
0.173103 0.0813566 0.245541
0.121548 0.104367 0.274086
0.0288066 0.210149 0.261045
0.120576 0.241075 0.138348
0.398668 0.0676126 0.0337197
0.0170352 0.314113 0.168852
0.416661 0.083339 3.67676e-09
1.82104e-10 0.5 8.7016e-10
0.0504648 0.363377 0.0861584
0.0663365 0.400699 0.0329642
0.367244 0.0160338 0.116722
1.63896e-10 0.450007 0.049993
9.10402e-11 0.249968 0.250032
0.241207 8.46092e-11 0.258793
0.257081 0.207894 0.0350245
1.25543e-10 0.344702 0.155298
0.034109 0.344455 0.121436
0.206712 0.0691902 0.224098
0.189117 0.189447 0.121436
0.250226 0.249774 8.7016e-10
0.0333268 0.466673 8.7016e-10
0.156003 0.275984 0.0680131
0.292944 0.15547 0.0515865
0.5 1.75387e-10 3.67676e-09
0.176916 0.136301 0.186783
0.0838518 0.365837 0.0503111
0.30851 0.0149828 0.176508
0.0166787 0.0166422 0.466679
0.349814 0.06693 0.0832558
2.34469e-11 0.297494 0.202506
0.466664 0.0333363 3.67676e-09
0.085314 0.0508322 0.363854
0.138217 0.361783 8.7016e-10
0.19954 6.99936e-11 0.30046
0.2601 0.137388 0.102512
0.123863 0.157898 0.218239
0.0340798 0.102066 0.363854
1.81741e-11 0.0499005 0.4501
0.0333211 0.15677 0.309909
0.150111 0.333489 0.0164001
0.0991344 0.0168128 0.384053
0.325854 0.0507464 0.1234
0.288953 0.0845158 0.126531
0.0674461 2.36584e-11 0.432554
0.137262 0.125368 0.23737
0.0499008 0.433583 0.0165163
0.19777 0.251939 0.050291
0.252903 0.0331666 0.21393
0.153813 0.0162271 0.32996
0.381641 0.118359 8.7016e-10
0.102278 0.329709 0.0680131
0.135386 0.261664 0.102949
0.450013 1.57853e-10 0.0499866
0.0688351 0.291753 0.139412
0.140358 2.16236e-11 0.359642
0.343608 0.104644 0.0517474
4.25011e-11 0.116695 0.383305
0.416709 0.0166206 0.0666706
0.283332 9.93858e-11 0.216668
0.0860052 0.10026 0.313735
1.44435e-10 0.396573 0.103427
0.0499467 0.066249 0.383804
0.29358 0.20642 3.67676e-09
0.0331276 0.273032 0.193841
0.434241 0.0502153 0.0155432
0.102368 0.397632 3.67676e-09
0.0677326 0.185739 0.246528
0.224681 0.207305 0.0680131
0.171757 0.22604 0.102202
7.36834e-11 0.202312 0.297688
0.0168285 0.415863 0.067309
0.0875235 0.257307 0.15517
0.239957 0.173885 0.0861584
0.138247 0.0518446 0.309909
0.218888 0.142969 0.138143
0.0503497 0.0335181 0.416132
0.249887 0.100913 0.1492
4.9026e-09 1.70048e-09 0.5
0.34477 0.15523 8.7016e-10
0.197664 0.105842 0.196494
5.63406e-11 0.154694 0.345306
0.0167363 0.0675493 0.415714
0.137081 0.311183 0.0517363
0.3099 0.103729 0.0863711
0.10234 0.0676994 0.32996
0.0856708 0.138398 0.275931
0.10252 0.20659 0.19089
0.189654 0.310346 8.7016e-10
0.197291 0.0337562 0.268953
0.0480452 0.118263 0.333692
