0.487969 0.872861 0
5.47689e-17 0.894444 0.447388
0.242525 0.970145 0
0.678661 0.734452 0
0.980595 0.196043 0
0.957986 0.286816 0
0.912792 0.0436339 0.406094
0.842168 0.260059 0.472359
0.37148 0.372133 0.8506
0.988293 0 0.152565
0.864852 0 0.502027
0.62755 0.460084 0.628095
0.607927 0.793993 0
3.69475e-17 0.603398 0.79744
0.44721 0.894429 0
0.525442 0 0.850831
0.388029 0 0.921647
0.681123 0.0271701 0.731665
1.76687e-17 0.288552 0.958131
0.802959 0.393341 0.447818
0.325124 0.488223 0.809897
3.39628e-17 0.554655 0.83208
0.730895 0.00689218 0.682458
0.373567 0.84885 0.374035
0.195594 0 0.980685
0.706353 0.470227 0.529105
0.336319 0.561144 0.756422
0.463115 0.463931 0.755177
0.324157 0.811149 0.486797
0.344588 0.694378 0.631742
0.288202 0 0.95757
0.656529 0 0.754803
0.303095 0.907338 0.292076
0.970239 0 0.242149
0.596065 0.536561 0.597335
5.59629e-17 2.48507e-17 1
0.302793 0.30211 0.90391
0.446477 0.771546 0.453184
0.496112 0.324055 0.805691
1.19422e-17 0.195032 0.980797
0.256313 0.411711 0.87471
0.894422 0 0.447225
6.12323e-17 1 0
0.792351 0.610066 0
0.86542 0.501048 0
0.694095 0.346663 0.630917
0.648908 0.756407 0.0909681
0.599573 0.271382 0.752959
0.388953 0.92132 0
2.73819e-17 0.44718 0.894444
5.11019e-17 0.834558 0.552135
3.06481e-17 0.500522 0.865724
0.707111 0.707103 0
0.396373 0.62467 0.673139
0.894426 0.447216 0
0.848372 0.424534 0.316292
0.922486 0.386042 0
0.685432 0.569918 0.453184
0.584414 0.409763 0.700396
0.404986 0.257802 0.877225
0.235366 0.235781 0.942873
0.877844 0.310832 0.36438
0.795303 0 0.606239
5.90441e-17 0.964264 0.264943
0.831909 0 0.554912
0.534524 0.653874 0.535474
0.256983 0.874435 0.41149
0.51393 0.514835 0.686164
0.943212 0 0.332192
0.507057 0.794682 0.333907
0.567633 0.72119 0.397087
0.64439 0.645526 0.409948
2.37836e-17 0.388416 0.921484
0.447193 0 0.894438
5.75783e-17 0.940324 0.343772
0.0472225 0.681506 0.730288
0.394743 0.707461 0.58624
0.925048 0.24293 0.292012
0.831717 0.555213 0
4.89208e-17 0.798937 0.601415
0.773398 0.505174 0.382955
0.342138 0.93965 0
0.904995 0.351487 0.239668
5.63316e-17 0.919964 0.392002
0.707032 0 0.707182
6.00504e-17 0.980697 0.195533
4.01192e-17 0.655196 0.755459
0.556736 0.830704 0
0.75855 0 0.651615
0.151996 0.988381 0
1 0 0
5.27831e-17 0.862014 0.506885
0.753167 0.657829 0
1.08473e-08 0.707092 0.707122
0.756554 0.336276 0.561435
0.633701 0.575549 0.516881
0.471326 0.593348 0.652525
0.592842 0 0.806432
0.745298 0.570813 0.344535
4.62855e-17 0.7559 0.654688
