0.914833 0.403832
0.680342 0.732894
0.966452 0.256849
0.958199 0.286102
0.444475 0.895791
0.515529 0.856872
0.458323 0.888786
0.953581 0.301136
0.526839 0.849965
0.828767 0.559593
0.763874 0.645365
0.380936 0.924601
0.208758 0.977967
0.610522 0.791999
0.573831 0.818973
0.698421 0.715687
0.846595 0.532238
0.725758 0.68795
0.602526 0.798099
0.583278 0.812273
0.130081 0.991503
0.92831 0.371806
0.931633 0.363402
0.818891 0.573949
0.549068 0.835778
0.66336 0.7483
0.286008 0.958227
0.331472 0.943465
0.883838 0.467793
0.899706 0.436496
0.642436 0.76634
0.301151 0.953576
0.980116 0.198426
0.983823 0.179142
0.987478 0.157759
0.907528 0.419991
0.93767 0.347527
0.623822 0.781567
0.976135 0.217163
0.707177 0.707037
0.671108 0.741359
0.242459 0.970162
0.921897 0.387435
0.962448 0.271465
0.75569 0.654929
0.87336 0.487075
0.50345 0.864024
0.973707 0.227806
0.34433 0.938849
0.477398 0.878687
0.994288 0.106731
0.887443 0.460918
0.431825 0.901957
0.802089 0.597204
0.748192 0.663483
0.22814 0.973628
0.998844 0.0480722
0.271555 0.962423
0.94345 0.331514
0.793956 0.607975
0.0530586 0.998591
0.411767 0.911289
0.836215 0.548402
0.948684 0.316227
0.810089 0.586307
0.651447 0.758694
0.742645 0.669685
0.39396 0.919127
0.422803 0.906221
0.633093 0.774076
0.970233 0.242173
0.892004 0.452028
0.859953 0.510373
0.358974 0.933348
6.12323e-17 1
0.865883 0.500246
0.49037 0.871514
0.591977 0.805955
0.171092 0.985255
0.538364 0.842713
0.991279 0.131783
1 0
0.186597 0.982437
0.467775 0.883847
0.854568 0.51934
0.78669 0.617348
0.316228 0.948683
0.10673 0.994288
0.717422 0.696639
0.779087 0.626916
0.256823 0.966458
0.996739 0.0806934
0.559593 0.828767
0.734764 0.678323
0.0825897 0.996584
0.878687 0.477398
0.77156 0.636156
0.15776 0.987477
0.690053 0.723759
0.371556 0.928411
