0.14966 0.121823 0.983048
0.57679 0.0245281 0.816896
0.0633431 0.485386 0.879254
0.263005 0.0356292 0.964814
0.141344 0.0104623 0.98998
0.800702 0.638988 0.0317374
0.996828 0.0774099 0.0796616
0.861945 0.140755 0.507006
0.624871 0.0229505 0.780734
0.60969 0.0761485 0.792653
0.300196 0.672482 0.739641
0.048741 0.561393 0.899059
0.16982 1.01848 0.156702
0.970165 0.0311253 0.242469
0.640191 0.14967 0.768219
0.767374 0.646723 0.0268046
0.948732 0.0228422 0.316179
1 8.71625e-08 0.51151
0.0851912 0.94742 0.320406
0.242266 0.0148115 0.970221
0.554735 0.0864001 0.832046
0.800205 0.045524 0.599757
0.282156 0.146377 0.959373
0.768215 0.148192 0.640198
0.631897 0.751301 0.349333
0.874366 0.0536288 0.48527
0.964928 0.0620305 0.262522
0.529999 0.0677381 0.848
0.650788 0.0211025 0.759268
0.989037 0.0116521 0.147917
0.400864 0.0211342 0.916209
0.806451 0.0963245 0.591326
0.656295 0.788268 0.232152
0.465704 0.0346542 0.884954
0.169928 0.715048 0.739118
0.884961 0.0462221 0.465672
0.680453 0.0207829 0.732793
0.959396 0.100627 0.28208
0.759254 0.0657232 0.650817
0.841189 0.0473054 0.540755
0.91626 0.027674 0.400619
0.994014 0.0205539 0.109481
0.31991 0.833574 0.589353
0.192622 0.982266 0.0830488
0.183447 1.21795 0.0686938
0.93637 0.0223294 0.35106
0.419626 0.397358 0.838057
0.438756 0.38698 0.838057
0.114461 0.0320349 0.99343
0.954471 0.0172435 0.298312
0.739886 0.313711 0.672735
1 2.55279e-07 2.7504e-09
0.211553 0.698649 0.738951
0.92853 0.0373633 0.371299
0.906228 0.0759395 0.4228
0.823862 0.0465928 0.566798
0.345743 2.55279e-07 0.938329
0.514525 0.0349263 0.857495
0.0738049 0.0288485 0.997275
0.506689 0.0864649 0.862153
0.162488 20.7543 0.159217
1.15918e-07 3.76268e-07 13.3151
0.985223 0.127542 0.171283
0.973459 0.106526 0.228865
0.59135 0.128467 0.806434
0.853139 0.0181692 0.521691
0.765738 0.653404 0.0168989
0.672796 0.137101 0.739837
0.816994 0.0387398 0.576673
0.792602 0.162182 0.609766
0.599986 0.0974086 0.800044
0.203925 0.0329863 0.978995
0.0345588 0.947418 0.341161
0.447235 0.0660979 0.894417
0.979005 0.027201 0.203876
0.780467 0.0239417 0.625238
0.0887454 0.47853 0.89782
0.169992 1.07075 0.11214
0.301138 0.0392298 0.953628
0.0322542 0.980471 0.319993
0.70724 0.0468712 0.707023
0.245382 0.674682 0.738916
0.341632 0.819632 0.561606
0.894473 0.132372 0.447144
0.425759 0.0340075 0.904839
0.732719 0.0393131 0.680548
0.380735 0.0420996 0.924691
0.566522 0.0936539 0.824049
1.1567e-08 3.83389e-06 1
0.679548 0.749339 0.22719
0.330346 0.116135 0.943862
0.165636 4.56945 0.159398
0.630536 0.794236 0.264673
0.943923 0.0891093 0.330179
0.832059 0.25801 0.554694
0.173308 0.98272 0.0729003
0.361792 0.0363189 0.932263
0.050453 0.576529 0.879253
0.485645 0.0759689 0.874163
0.787052 0.134354 0.616896
