0.743284 0.340252 0.668981
0.485654 0.0242715 0.874154
0.496143 0.246616 0.868248
0.0992501 0.0373517 0.995063
0.566562 0.0796974 0.824037
0.90797 0.0373186 0.41904
1.27254 3.52909e-07 1.87863e-07
0.75926 0.100041 0.650795
0.957834 0.033687 0.287364
0.380768 0.145249 0.92468
0.857502 0.119521 0.514485
0.19611 0.0312175 0.98059
0.630686 0.0427167 0.776043
0.55471 0.140786 0.832059
0.330384 0.0877931 0.943851
0.658512 0.467086 0.75258
0.707108 0.179215 0.707107
0.995041 0.0291433 0.0994975
0.768227 0.0719868 0.640185
0.924684 0.0702161 0.380751
0.99691 0.114178 0.0258566
0.613934 0.0249182 0.789361
0.847996 0.019242 0.530011
0.789363 0.17181 0.613929
0.581253 0.239054 0.813735
0.863782 0.0234541 0.503875
0.316216 0.059272 0.948693
0.8222 0.0278197 0.569205
0.242496 0.101964 0.970165
0.894467 0.145962 0.447151
0.422866 0.0340905 0.906197
0.529997 0.137457 0.848005
0.813738 0.0641988 0.58124
0.97619 0.127345 0.216927
0.588178 0.121437 0.808739
0.707109 0.0561864 0.707122
6.91779e-08 1.65264e-07 1.00015
0.989968 0.0310538 0.141354
0.47411 0.66736 0.880475
0.961552 0.0990142 0.274687
0.780861 0.0283923 0.624723
0.808711 0.0311931 0.58822
0.94869 0.0668399 0.316223
0.775936 0.018714 0.630816
0.503862 0.0644219 0.863794
0.514482 0.264945 0.857502
0.853303 0.0428416 0.521457
6.68664e-09 0.186666 1.00001
0.678406 0.0334279 0.734694
0.350897 0.0368075 0.936422
0.98389 0.153353 0.178851
0.99228 0.0787125 0.12403
0.521473 0.0410898 0.853291
0.624696 0.0417486 0.780872
0.880476 0.233722 0.474094
0.800016 0.0264056 0.599986
0.123999 0.0204498 0.992285
0.970154 0.0350888 0.242491
0.884849 0.0449932 0.4659
0.16435 0.0445957 0.986407
0.447208 0.0333218 0.894442
0.943856 0.093598 0.330365
0.274717 0.0440595 0.961527
0.868247 0.0941206 0.496139
0.393904 0.314604 0.919152
0.980599 0.0317256 0.19603
0.936365 0.00871236 0.351094
0.216917 0.0650359 0.976191
0.536956 0.0709948 0.843616
1.9171 4.41583e-07 2.53732e-08
0.84362 0.0209884 0.536946
0.964771 0.059956 0.263096
0.734718 0.0327965 0.678381
0.913816 0.0356352 0.406139
0.178877 0.103647 0.983876
0.640194 0.0216741 0.768225
0.070868 0.0240436 0.997489
1 0.410926 5.75828e-13
0.413799 0.259914 0.91037
0.928485 0.0481309 0.371388
0.573502 0.0241742 0.819247
1.73482 2.75564e-07 0.00366589
0.999469 0.0228993 0.0325757
0.874186 0.0315022 0.485598
0.919151 0.392664 0.393921
4.77729e-08 1.55116e-07 1.51574
0.141346 0.0388249 0.989964
0.406138 0.0380801 0.913828
0.599956 0.024422 0.800044
0.252276 0.0217309 0.96766
0.371393 0.0345344 0.928486
0.75258 0.110055 0.658512
0.650763 0.0201213 0.759284
0.986408 0.0332243 0.164327
0.465728 0.0411635 0.88493
0.29807 0.0385881 0.954545
0.287345 0.118754 0.957832
0.832052 0.0209007 0.554708
0.668936 0.604355 0.743324
3.49727e-08 5.67739e-07 2.0165
