0.0356423 0.0235783 0.999371
0.979039 0.0201559 0.203676
0.0420942 1.0071 0.0427694
0.824026 0.0234335 0.566553
0.425833 0.0739056 0.904902
0.699378 0.745169 0.0804629
0.600083 0.0761055 0.799968
0.768205 0.0819655 0.640211
0.993431 0.0254794 0.114554
0.195974 0.0313384 0.980648
0.145482 0.625314 0.794367
0.931953 0.37759 0.0450076
0.0357488 0.999365 0.07522
1.00034 0.017301 6.34444e-09
0.345795 0.0384731 0.93832
0.916115 0.0442905 0.400964
0.507038 0.0395118 0.861925
0.576513 0.0144066 0.81719
0.924705 0.0698215 0.380716
0.521403 0.0184002 0.853314
0.276909 0.973588 0.182345
1.37334e-06 2.24562e-06 8.775
0.114437 0.0316712 0.993453
1.03965e-11 0.0413799 1.00004
0.948721 0.0329023 0.316176
0.799986 0.0537809 0.600026
0.624766 0.0175894 0.780816
0.989898 0.0378013 0.141795
0.707139 0.0374407 0.707094
0.73995 0.205744 0.672682
0.829445 0.569502 0.164771
0.931999 0.06354 0.362477
0.371451 0.0921702 0.928458
0.967657 0.0196614 0.252275
0.0752535 0.625317 0.812901
0.87412 0.0737877 0.485731
0.680453 0.011182 0.732794
0.157857 0.0250843 0.987465
0.0734401 0.0079193 0.9973
0.471426 0.896256 0.0540972
0.153389 0.364183 0.935259
0.931997 0.370366 0.0689626
0.862008 0.118291 0.506908
0.847122 0.554197 0.213268
0.554699 0.206226 0.832055
0.0253013 27.8519 0.0252054
0.792596 0.136881 0.609753
0.616406 0.651159 0.583789
0.640221 0.285897 0.768195
0.650799 0.0412703 0.759266
0.841207 0.0252389 0.54074
0.615243 0.682574 0.557488
2.71639 7.99416e-07 0.063643
0.5583 0.780823 0.35822
2.73835 7.99416e-07 1.13679e-08
0.287143 0.041158 0.957894
0.884595 0.0219287 0.466366
0.045704 0.875208 0.515513
0.252353 0.0206678 0.96764
0.0681028 0.999078 0.0364576
0.615832 0.631536 0.592223
0.676029 0.745761 0.169849
0.044314 0.884672 0.483829
0.540748 0.022552 0.841206
0.906256 0.0741371 0.422898
0.485692 0.0514762 0.874138
0.973162 0.174855 0.230137
0.983874 0.154742 0.17893
0.806401 0.0142527 0.591372
0.0456062 0.392274 0.935007
0.938379 0.0364143 0.345618
0.47688 0.896256 0.0443735
0.609707 0.0142776 0.792628
0.780884 0.0209427 0.624679
0.591374 0.0751214 0.80641
0.548067 0.791523 0.346784
0.957877 0.03456 0.287241
1.00001 0.0797761 1.14487e-08
0.465919 0.0404333 0.884861
0.191937 0.973542 0.281109
0.759172 0.0903986 0.650891
0.316221 0.0728348 0.948738
0.146049 0.87524 0.489515
0.447053 0.0407345 0.894526
2.64055 7.99416e-07 0.967257
0.853282 0.0220738 0.521452
0.566526 0.0130288 0.824046
0.732999 0.0116315 0.680232
0.672677 0.32069 0.739943
0.0722976 0.372943 0.935009
0.894436 0.0800536 0.447216
0.830132 0.562558 0.0253634
0.816939 0.0289084 0.576732
0.0303294 0.650831 0.780306
0.389366 0.386538 0.875541
0.356138 0.538647 0.875522
0.997301 0.0135539 0.0734496
0.405948 0.0378126 0.913928
0.221532 0.131589 0.975154
0.832145 0.157688 0.554586
