0.57012 0.245175
1.95108e-08 0.999984
0.914268 0.0440767
0.799043 0.10618
0.755124 0.131051
0.548109 0.259674
0.727644 0.147065
0.0308104 0.826158
0.181241 0.574355
0.0768064 0.72337
0.4782 0.308743
0.295281 0.456759
0.318916 0.435583
0.114764 0.661302
0.879533 0.062239
0.626377 0.208641
0.421672 0.350657
0.527389 0.273836
0.896846 0.0531991
0.714566 0.154912
0.233316 0.517118
0.151498 0.610875
0.377821 0.385425
0.144328 0.620136
0.558725 0.252575
0.467874 0.316029
0.327768 0.427659
0.166124 0.592635
0.458385 0.323039
0.18824 0.566413
0.225799 0.524949
0.173667 0.58346
0.394866 0.371706
0.263887 0.48646
0.303304 0.449318
0.403611 0.36488
0.614421 0.216199
0.24156 0.508651
0.0187643 0.86652
0.386235 0.378581
0.537538 0.266925
0.360384 0.399864
0.335693 0.420738
0.271756 0.478798
0.287626 0.463841
0.00378686 0.942269
0.0846588 0.709221
0.603103 0.223444
0.487353 0.301938
0.846176 0.080222
0.129081 0.641028
0.099723 0.6845
0.249195 0.501076
0.439612 0.337212
0.0465318 0.78526
0.107245 0.672773
0.580531 0.238157
0.675087 0.17845
0.279433 0.471572
0.687922 0.170665
0.412815 0.357566
0.0387602 0.804527
0.217924 0.533412
0.506936 0.288054
0.0125755 0.889886
0.430713 0.343738
0.591974 0.230726
0.769315 0.122953
0.343862 0.413706
0.702233 0.162254
0.969891 0.0155584
0.986686 0.00733383
0.158886 0.601513
0.0618248 0.75171
0.0920636 0.697291
0.951862 0.0251796
0.069453 0.736746
0.814482 0.0975967
0.0083183 0.909096
0.650067 0.193996
0.496995 0.295115
0.0542322 0.767326
0.662678 0.186098
0.741573 0.139012
0.829927 0.0890086
0.449188 0.329825
0.369267 0.392389
0.136653 0.630655
0.203364 0.54911
0.195824 0.557651
0.862986 0.07114
0.2108 0.540968
0.0225737 0.850936
1 1.39918e-08
0.932515 0.0348201
0.638188 0.201205
0.35213 0.406714
0.784244 0.114505
0.121898 0.650995
0.517054 0.281021
