0.319372 0.43498
0.477211 0.309362
0.421557 0.350761
0.279823 0.471249
1.673e-08 0.999996
0.0544663 0.766686
0.107412 0.672286
0.0143385 0.881733
0.3032 0.449442
0.122127 0.650699
0.468 0.315925
0.203274 0.54927
0.240995 0.509246
0.248982 0.501349
0.570294 0.245008
0.158514 0.602047
0.166189 0.592642
0.829962 0.0889983
0.741127 0.139152
0.412391 0.358046
0.55875 0.252556
0.0692887 0.737115
0.335659 0.420828
0.0773014 0.722281
0.00545882 0.929638
0.91401 0.0441091
0.458384 0.323003
0.662162 0.186412
0.0465414 0.78546
0.0843477 0.710019
0.784363 0.114483
0.548106 0.259686
0.0197325 0.860277
0.377561 0.385679
0.44008 0.336742
0.218346 0.532888
0.769593 0.122811
0.614822 0.21599
0.180902 0.574787
0.687632 0.17079
0.368945 0.392673
0.295053 0.45721
0.517039 0.28102
0.195935 0.557372
0.00193162 0.964175
0.84583 0.0803746
0.637979 0.201303
0.00910767 0.905176
0.360683 0.399444
0.136884 0.630106
0.755375 0.130997
0.394869 0.371725
0.173787 0.583138
0.144115 0.620509
0.033458 0.817913
0.675433 0.178306
0.602965 0.22351
0.114698 0.661492
1 2.39652e-08
0.969477 0.0157171
0.580671 0.238043
0.344136 0.413497
0.386453 0.378502
0.487178 0.302051
0.986835 0.00721665
0.863056 0.0711226
0.727443 0.147149
0.714783 0.154797
0.0995461 0.684914
0.352216 0.406571
0.527485 0.273803
0.649838 0.194012
0.897329 0.0531301
0.799571 0.106095
0.0618084 0.751753
0.62615 0.208709
0.0923672 0.696636
0.225774 0.525003
0.403596 0.364787
0.0276206 0.833919
0.188569 0.565766
0.507331 0.28781
0.93208 0.0347153
0.700557 0.163046
0.430642 0.343861
0.263827 0.486605
0.271717 0.47904
0.879638 0.0622369
0.210573 0.54143
0.537594 0.266839
0.95092 0.0253477
0.591582 0.231048
0.448808 0.330186
0.814936 0.0974909
0.129117 0.640802
0.151392 0.611021
0.311448 0.441992
0.233568 0.516788
0.49733 0.294859
0.0387776 0.804184
