0.181237 0.574635
0.558772 0.252512
0.580643 0.238044
0.421488 0.350861
0.106484 0.673951
0.203281 0.549288
0.846879 0.079958
0.727437 0.147192
0.1142 0.662652
0.570064 0.245147
0.271971 0.478611
0.188198 0.56646
0.368926 0.392898
2.34339e-08 1
0.319394 0.434856
0.863071 0.0711323
0.248658 0.501583
0.815475 0.0973436
0.0109122 0.899472
0.00184778 0.964574
0.0848186 0.708921
0.128677 0.641704
0.507323 0.287834
0.166025 0.592993
0.675335 0.178406
0.977657 0.0117304
0.700551 0.163025
0.548487 0.259506
0.478103 0.308659
0.0527764 0.770722
0.638259 0.201189
0.159031 0.601215
0.173759 0.583184
1 3.48077e-08
0.394795 0.371859
0.663576 0.185765
0.468448 0.315744
0.829964 0.0890232
0.343862 0.413917
0.799504 0.106118
0.929909 0.0365462
0.0618881 0.751776
0.12227 0.650446
0.038711 0.804804
0.0190562 0.862468
0.488334 0.301508
0.0768342 0.723536
0.0916202 0.698551
0.527615 0.273764
0.755327 0.130996
0.741535 0.139025
0.448992 0.330107
0.303434 0.449227
0.652344 0.192569
0.94765 0.0269716
0.59245 0.230512
0.263798 0.486631
0.715006 0.154756
0.196144 0.557271
0.218695 0.532623
0.00524441 0.931823
0.516947 0.281174
0.027209 0.836619
0.151169 0.611397
0.0998734 0.684221
0.614745 0.216032
0.403648 0.364855
0.439978 0.336793
0.240669 0.509732
0.033762 0.816803
0.287072 0.464569
0.880392 0.0621718
0.89758 0.0531557
0.458355 0.323048
0.0693745 0.737316
0.0450213 0.788914
0.352244 0.40657
0.628333 0.207437
0.295362 0.45654
0.771042 0.122203
0.687564 0.170851
0.361129 0.399436
0.311242 0.442243
0.210593 0.54132
0.327543 0.427715
0.538173 0.266652
0.496941 0.295193
0.914059 0.0440391
0.785143 0.11423
0.143798 0.621122
0.232843 0.51783
0.96152 0.0196254
0.412782 0.357613
0.0226146 0.850342
0.430696 0.343745
0.377538 0.385727
0.603907 0.223167
0.13656 0.630846
0.386499 0.378392
0.0143274 0.881211
