0.506817 0.288232
0.303293 0.449704
0.311362 0.44241
0.700562 0.163235
0.158831 0.601871
0.271721 0.47918
0.817158 0.0967308
0.421159 0.351458
0.602981 0.223824
0.527176 0.274083
0.151611 0.610901
0.287553 0.463959
0.799543 0.106019
0.173438 0.583814
0.625789 0.209114
0.487754 0.301814
0.477335 0.309406
0.591585 0.231117
0.713951 0.155114
0.122012 0.651103
0.343744 0.414028
0.91858 0.042479
0.689244 0.170198
0.847175 0.0798664
0.950402 0.0252621
0.755082 0.131083
0.210835 0.540935
1.97017e-08 0.999971
0.327556 0.428053
0.674917 0.1785
0.497703 0.294739
0.640368 0.200169
0.241239 0.509341
0.0849319 0.708955
0.188359 0.566092
0.458226 0.323311
0.548113 0.259819
0.727502 0.147204
0.467872 0.31608
0.203006 0.549785
0.0773598 0.72227
0.662142 0.186599
0.0542476 0.767309
0.769326 0.122911
0.0924301 0.696243
0.225944 0.524688
0.517049 0.280995
0.107341 0.672571
0.00188555 0.95671
0.129329 0.640605
0.386512 0.378419
0.0999068 0.684075
0.0698611 0.736421
0.369075 0.392714
0.00556331 0.926026
0.00914059 0.904674
0.144269 0.620309
0.181082 0.574758
0.195779 0.55768
0.233488 0.516952
0.8625 0.0713842
0.377455 0.386049
0.570559 0.245016
0.615101 0.215863
0.319225 0.435647
0.360583 0.399607
0.335795 0.420781
0.279468 0.471743
0.0464965 0.784647
0.448799 0.330457
0.263847 0.486589
0.412344 0.358253
0.39548 0.371226
1 3.85808e-08
0.0142839 0.880951
0.558874 0.25245
0.0387284 0.80388
0.650878 0.19352
0.580526 0.238182
0.439748 0.336943
0.0243216 0.844226
0.901685 0.051503
0.0307956 0.825555
0.982741 0.0116281
0.932778 0.0348125
0.829815 0.0890668
0.0619687 0.751274
0.784055 0.114572
0.0194035 0.86106
0.114803 0.661623
0.431006 0.343675
0.21825 0.533028
0.166222 0.592629
0.970339 0.0167427
0.255965 0.494341
0.886435 0.0595263
0.537537 0.267008
0.741974 0.138863
0.136668 0.630508
0.352235 0.406765
