0.256262 0.49408
0.143746 0.621363
0.303209 0.449474
1.00002 1.29279e-08
0.854894 0.0757596
0.210772 0.541345
0.217968 0.533696
0.67523 0.178749
0.203192 0.549678
0.343859 0.413729
0.626068 0.209075
0.990713 0.00549248
0.225628 0.525279
0.404321 0.364556
0.318893 0.435808
0.492507 0.298511
0.448549 0.331069
0.311109 0.442401
0.955377 0.0230079
0.0542575 0.76792
0.48186 0.306033
0.729733 0.146029
1.65561e-08 0.999991
0.263787 0.486714
0.591455 0.231126
0.715257 0.154925
0.504935 0.289582
0.687957 0.170702
0.395223 0.371508
0.662382 0.186206
0.271298 0.47959
0.335016 0.421494
0.107008 0.673336
0.700884 0.163313
0.0243716 0.844378
0.248033 0.502482
0.844586 0.0816626
0.544492 0.262416
0.188328 0.566409
0.0091234 0.904677
0.43958 0.337489
0.60268 0.22402
0.458414 0.323338
0.173212 0.584251
0.650234 0.193704
0.580488 0.238517
0.385569 0.379647
0.166092 0.593301
0.880296 0.0619239
0.3275 0.428162
0.0771334 0.722578
0.295102 0.457135
0.746603 0.136484
0.0194 0.861655
0.0141598 0.88141
0.0618501 0.751763
0.517022 0.281362
0.0999467 0.684464
0.00187137 0.956994
0.00554715 0.925609
0.377362 0.38608
0.558329 0.253294
0.15081 0.612001
0.900348 0.0518512
0.287273 0.4643
0.358974 0.401165
0.278925 0.472472
0.430657 0.344304
0.0850048 0.708894
0.937865 0.0330087
0.869469 0.0680027
0.129198 0.640902
0.069349 0.737227
0.195784 0.557767
0.114605 0.661813
0.158619 0.602597
0.467634 0.316468
0.240535 0.510396
0.830322 0.089078
0.0386159 0.803988
0.764816 0.126291
0.81252 0.0992339
0.0925101 0.695956
0.122082 0.651371
0.421562 0.351371
0.976536 0.013447
0.784029 0.114642
0.233265 0.517332
0.527204 0.274153
0.180619 0.575705
0.920113 0.0411831
0.801487 0.105731
0.136658 0.630858
0.0305979 0.825795
0.570273 0.24521
0.614443 0.216695
0.0465471 0.785432
0.412368 0.358227
0.638058 0.201392
0.368756 0.393066
