0.172452 0.585564
0.143901 0.621454
0.0924109 0.697319
0.377903 0.385443
0.56669 0.247383
0.33526 0.421731
0.545993 0.261263
0.947426 0.0271826
0.599408 0.226291
0.0617742 0.75248
0.764775 0.125865
0.706837 0.159719
0.268827 0.481768
0.858824 0.0736648
0.95602 0.0229782
0.681108 0.175017
0.165546 0.594555
0.874751 0.0653432
0.279107 0.472233
0.845876 0.0803352
0.447784 0.330984
0.0018906 0.957071
0.611388 0.218358
0.180624 0.575599
0.403428 0.365131
0.576421 0.240971
0.00553165 0.926101
0.318756 0.435598
0.414321 0.356522
0.640673 0.200072
0.434471 0.341307
0.781226 0.116286
0.309198 0.444197
0.900807 0.0518998
0.12204 0.651445
0.650435 0.193878
0.00903686 0.905399
0.916077 0.0437429
0.73102 0.145149
0.287839 0.46395
0.38609 0.379383
0.0542374 0.767876
0.076888 0.723478
0.244407 0.506204
0.0843139 0.710448
0.35424 0.405189
0.423261 0.34949
0.365906 0.395382
0.186547 0.568673
0.129123 0.641189
0.744321 0.13756
0.0464926 0.785525
0.827674 0.0905924
0.0510477 0.775509
0.467216 0.316689
0.458024 0.323775
0.692982 0.167628
0.884261 0.0601844
0.495674 0.296578
0.20327 0.549727
0.22825 0.522492
0.194574 0.559518
0.515742 0.282138
0.256232 0.494373
0.029165 0.83023
0.220984 0.530067
0.158505 0.602462
0.0386292 0.80459
0.531088 0.271554
0.929647 0.0370338
0.069283 0.737676
0.213874 0.537889
0.626534 0.209215
0.107148 0.673807
0.150887 0.61242
0.811478 0.0994767
0.327514 0.427965
0.303223 0.449866
0.0242978 0.845043
0.55706 0.253817
0.792977 0.109766
0.477119 0.309832
0.395081 0.371571
0.136696 0.630925
0.722013 0.151261
0.588292 0.233341
0.0339696 0.817228
0.974002 0.0134108
0.668765 0.182451
0.0194525 0.861171
0.506864 0.288374
0.29518 0.457097
0.11383 0.663144
0.485824 0.303139
0.345979 0.4122
0.0993526 0.685159
0.235592 0.514819
1.0005 5.59151e-08
2.79424e-08 0.999976
0.0143476 0.880936
