0.34204 0.415262
0.038616 0.80454
0.877698 0.0639605
0.23269 0.518368
0.0618214 0.752007
0.468545 0.315804
0.448402 0.331153
0.982196 0.0111914
0.933364 0.0346875
0.188291 0.566519
0.173599 0.583775
0.863474 0.0710826
0.303161 0.449874
3.59387e-08 0.999936
0.271818 0.478862
0.0340257 0.816944
0.00192149 0.956551
0.770417 0.12255
0.195814 0.557682
0.498825 0.294021
0.352523 0.406443
0.0924215 0.696868
0.11461 0.662046
0.889433 0.0572358
0.430649 0.343833
0.652741 0.192261
0.394938 0.371656
0.403626 0.364909
0.136713 0.630716
0.0226755 0.850341
0.844743 0.0814705
0.525917 0.275061
1.00001 4.35377e-08
0.129172 0.641114
0.0542615 0.767942
0.0771474 0.722587
0.558522 0.252894
0.510163 0.286113
0.687683 0.170949
0.478482 0.30841
0.0693306 0.73711
0.203186 0.549605
0.438641 0.33828
0.0998827 0.684353
0.335905 0.420638
0.386154 0.378895
0.287415 0.464193
0.107053 0.673178
0.627845 0.207912
0.546755 0.260852
0.18112 0.574961
0.638086 0.201494
0.724815 0.149082
0.151014 0.61215
0.122119 0.651211
0.295252 0.456768
0.328099 0.428721
0.225421 0.525635
0.667162 0.183601
0.615008 0.216328
0.700523 0.163581
0.311278 0.44271
0.0465376 0.785116
0.0176702 0.868132
0.969738 0.0173476
0.362026 0.398605
0.537703 0.267152
0.750308 0.134074
0.279447 0.47161
0.602998 0.223736
0.736772 0.142022
0.084467 0.70993
0.143709 0.621724
0.21056 0.541895
0.79321 0.10971
0.585807 0.234806
0.569699 0.245308
0.00905258 0.904932
0.48957 0.30061
0.711375 0.156737
0.0288268 0.83123
0.251313 0.498989
0.166058 0.593173
0.783695 0.115116
0.319429 0.435424
0.377084 0.386612
0.217968 0.533714
0.158323 0.602969
0.679351 0.176958
0.830224 0.089246
0.00548504 0.926224
0.413694 0.356986
0.259264 0.491093
0.949818 0.0267608
0.914416 0.0446577
0.0125965 0.888024
0.460394 0.321708
0.818055 0.0966165
0.240414 0.510486
0.805117 0.103261
