0.508575 0.327387
0.471675 0.354522
0.475278 0.351885
0.461365 0.609698
0.480254 0.348085
0.519634 0.319472
0.498257 0.334804
0.482455 0.346495
0.492475 0.338972
0.48886 0.341657
0.47336 0.35327
0.507378 0.328259
0.478973 0.348857
0.504616 0.330228
0.548728 0.300013
0.515821 0.322277
0.478358 0.34956
0.462812 0.383921
0.47409 0.352611
0.505715 0.329482
0.499708 0.333808
0.521954 0.317956
0.491613 0.339603
0.502181 0.331976
0.484634 0.344823
0.531497 0.311249
0.462195 0.414679
0.530299 0.312027
0.515271 0.32262
0.470736 0.355042
0.512566 0.324643
0.554836 0.298288
0.547477 0.3004
0.488256 0.342081
0.54156 0.304365
0.545503 0.301716
0.472309 0.353843
0.544461 0.30261
0.526004 0.315012
0.584146 0.298082
0.464181 0.360381
0.48549 0.344182
0.521139 0.318495
0.522727 0.317431
0.496726 0.335922
0.463456 0.362798
0.524229 0.316237
0.5173 0.321125
0.487225 0.34284
0.481112 0.347256
0.468773 0.356551
0.462964 0.374435
0.513552 0.323947
0.500865 0.332878
0.476438 0.350866
0.465705 0.358982
0.46374 0.361007
0.497358 0.335519
0.518655 0.320205
0.495574 0.336781
0.535661 0.308474
0.529408 0.312586
0.536701 0.307706
0.469788 0.355808
0.533148 0.310147
0.510773 0.325897
0.465393 0.359445
0.509709 0.326786
0.467013 0.357829
0.514519 0.323282
0.534921 0.308835
0.494485 0.337566
0.462468 0.407539
0.527553 0.314026
0.466299 0.358359
0.543401 0.303137
0.525346 0.315585
0.486258 0.343568
0.511582 0.325253
0.5036 0.330989
0.499008 0.334179
0.467877 0.357173
0.540438 0.305159
0.546173 0.301365
0.539169 0.306072
0.490626 0.340274
0.550334 0.29856
0.550851 0.298432
0.482851 0.346017
0.493719 0.338059
0.534293 0.30952
0.48375 0.345464
0.538031 0.306827
0.523459 0.316869
0.461624 0.422109
0.50641 0.328991
0.528395 0.31356
0.477268 0.350283
0.489884 0.340911
0.547049 0.30088
