0.137966 0.675669
0.135337 0.678144
0.380238 0.425909
0.776661 0.137646
0.122677 1.07216
0.787605 0.132337
0.126116 0.917633
0.659897 0.259881
0.1299 0.827593
0.140791 0.672498
0.874085 0.100873
0.978664 0.0126887
0.512641 0.345374
0.722171 0.211689
0.118792 1.1643
0.159543 0.655739
0.353025 0.445898
0.7837 0.132713
0.820679 0.129852
0.555483 0.316186
0.428823 0.362961
0.302299 0.516575
0.770916 0.145807
0.723046 0.205556
0.132315 0.760066
0.380465 0.422583
0.900598 0.0852712
0.753633 0.182306
0.619555 0.299305
0.865169 0.125936
0.629477 0.290741
0.45257 0.351378
0.488204 0.349002
0.42024 0.378708
0.506172 0.346095
0.648307 0.259939
0.925514 0.0845076
0.421662 0.368396
0.634861 0.269879
0.968143 0.0183403
0.135189 0.681197
0.883716 0.0883571
0.482338 0.350831
0.188962 0.612014
0.210934 0.576071
0.76927 0.171361
0.876147 0.0947757
0.204381 0.576184
0.770703 0.155314
0.124564 0.989487
0.192084 0.589951
0.147803 0.670172
0.746265 0.188626
0.643972 0.260648
0.345772 0.459575
0.27639 0.553554
0.151673 0.665355
1.69426 0.0065055
0.302794 0.498965
0.154768 0.663248
0.191479 0.594509
0.73111 0.197779
0.171581 0.630701
0.827971 0.129753
0.439351 0.351816
0.635419 0.262573
0.198778 0.581267
0.771914 0.142417
0.277587 0.551144
0.382901 0.415109
0.312538 0.484315
0.272124 0.567991
0.765106 0.176039
0.390065 0.411316
0.958986 0.0238098
0.742472 0.190684
0.732957 0.195667
0.320875 0.481717
0.359471 0.444823
0.548306 0.328189
0.606104 0.310928
0.306287 0.490114
0.563836 0.31291
0.174332 0.630401
0.991513 0.00708635
0.283556 0.548697
0.303013 0.496939
0.726036 0.201894
0.431778 0.353743
0.348088 0.448194
0.622996 0.293083
0.18988 0.606384
0.954833 0.0287758
0.16651 0.634769
0.391347 0.411169
0.566455 0.31249
0.551254 0.321033
0.318513 0.481924
0.986014 0.0099871
0.161487 0.652974
