0.116668 0.735522
0.350046 0.437346
0.122926 0.722556
0.440287 0.411164
0.994161 0.0128771
6.41049 0
0.312192 0.461723
0.564774 0.291516
0.710607 0.203042
0.299762 0.477537
0.462897 0.36285
0.292662 0.504666
0.106628 0.775821
0.573464 0.290199
0.14693 0.689368
0.936953 0.114285
0.973264 0.0267111
0.824387 0.164619
0.451594 0.386249
0.69849 0.21248
0.747832 0.200506
0.462227 0.365156
0.298448 0.484671
0.599591 0.26388
0.69136 0.215241
0.305226 0.463884
0.118563 0.732231
0.561294 0.293121
0.492286 0.343824
0.983054 0.0180124
0.287793 0.510529
0.547559 0.305106
0.723285 0.200771
0.684725 0.233193
0.839702 0.146625
0.283165 0.535793
0.177681 0.664668
0.138809 0.69774
0.95724 0.0353028
0.102681 0.813642
0.704545 0.207916
0.281032 0.568594
0.283584 0.529078
0.828016 0.162139
0.813229 0.180605
0.544604 0.319999
0.187459 0.633433
0.61207 0.253947
0.357459 0.43159
0.478195 0.350278
0.326442 0.45812
0.605743 0.257119
0.896806 0.130477
0.111116 0.752418
0.623753 0.252219
0.336438 0.448707
0.87092 0.131652
0.842198 0.142916
0.546043 0.30852
1.84633 0.00710719
0.95566 0.0542474
0.59559 0.274634
0.556475 0.299594
0.210931 0.608113
0.484402 0.346235
0.215801 0.60229
1.04233 0.0116649
0.190937 0.632315
0.441816 0.397938
0.371249 0.427624
0.234882 0.582559
0.820257 0.168042
0.155983 0.68709
0.470217 0.356279
0.24252 0.578355
0.142452 0.691723
0.229765 0.587219
0.301592 0.469676
0.129179 0.712454
2.54283 0.00443086
0.942544 0.108128
0.965648 0.0278586
0.944675 0.105696
1.33035 0.00714634
0.813744 0.173785
0.448675 0.390361
0.855995 0.135244
0.596429 0.266446
0.18193 0.640088
0.284884 0.522046
0.84807 0.137376
0.687061 0.22122
0.222734 0.593908
0.202406 0.619161
0.328988 0.455616
0.105605 0.778603
0.363791 0.427907
0.342796 0.443797
0.17859 0.648677
0.103268 0.80589
