0.55434 0.69947
0.553322 0.709559
0.998801 0.0242784
0.818992 0.333611
0.84204 0.294422
0.220837 0.953909
0.406315 0.840166
0.89314 0.215814
0.198583 0.963765
0.956139 0.105792
1.00215 4.168e-05
0.934786 0.139771
0.736297 0.481791
0.901284 0.201709
0.256547 0.940386
0.799973 0.37283
0.739432 0.456509
0.882259 0.229408
0.00387178 1.00021
0.990122 0.0326074
0.182222 0.970968
0.602265 0.639044
0.448232 0.816564
0.559753 0.697288
0.577977 0.666785
0.634765 0.61436
0.667611 0.555194
0.729647 0.496338
0.486663 0.769939
0.9598 0.0953223
0.763576 0.438316
0.695037 0.526168
0.15774 0.984926
0.361004 0.876593
0.969815 0.0633928
0.911826 0.171214
0.456297 0.799237
0.749874 0.443921
0.989044 0.0544269
0.838892 0.315836
0.890184 0.223336
0.371905 0.863055
0.694201 0.528271
0.175968 0.973101
0.666697 0.570866
0.21973 0.955629
0.0791868 0.994893
0.62887 0.630757
0.63512 0.597539
0.859893 0.269018
0.271676 0.933107
0.42505 0.830434
0.300911 0.917866
0.722009 0.498058
0.124165 0.987888
0.51439 0.746269
0.418246 0.834295
0.942843 0.121281
0.85611 0.292001
0.750609 0.442598
0.0182299 1.00001
0.162669 0.978206
0.567265 0.68745
0.96873 0.0683691
0.709356 0.509231
0.335614 0.89055
1.0002 4.26185e-05
0.775793 0.43036
0.425923 0.827214
0.910782 0.181268
0.706268 0.515961
0.781441 0.400092
0.935698 0.127749
0.273945 0.927868
0.493076 0.768553
0.46496 0.792326
0.17487 0.974967
0.549094 0.711678
0.325204 0.903471
0.188396 0.969612
0.285536 0.925355
0.341999 0.888587
0.517272 0.742058
0.790273 0.387238
0.302943 0.909411
0.917232 0.168632
0.411419 0.835471
0.625373 0.634869
0.508657 0.749597
0.100501 0.993319
0.617464 0.637608
0.387081 0.861963
0.656988 0.584757
3.47898e-05 1.00092
0.529681 0.724387
0.243108 0.948645
0.450694 0.814368
0.485695 0.779103
0.965356 0.0819108
0.86618 0.264802
