0.527836 0.732314
0.951878 0.100976
0.0547259 0.998099
0.177381 0.972662
0.137022 0.986314
0.892257 0.206525
0.611304 0.637175
0.835731 0.307654
0.575117 0.686925
0.881705 0.230082
0.341042 0.889463
0.657433 0.569408
0.708197 0.513449
0.783719 0.400361
0.958929 0.0965391
0.971549 0.0719201
0.993071 0.0217765
0.0880843 0.995065
0.112068 0.991059
0.499566 0.765194
0.911932 0.178796
0.569677 0.690677
0.743059 0.456028
0.350793 0.884652
0.556507 0.694768
0.751548 0.448402
0.710142 0.511803
0.952546 0.0989866
0.45467 0.797958
0.489739 0.773761
0.31353 0.90839
0.503832 0.751195
0.610248 0.641324
0.968649 0.0911547
0.375102 0.867987
0.579382 0.680703
0.926245 0.152246
0.530842 0.727139
0.833187 0.319686
0.622833 0.619319
0.277089 0.927667
0.788194 0.385064
0.288088 0.918895
0.990652 0.0241477
0.761862 0.42857
0.00378011 1.00002
0.706211 0.532335
1.00083 1.67778e-05
0.254333 0.943032
0.4368 0.823412
0.169821 0.976993
0.821084 0.333589
0.475109 0.788947
0.411835 0.832793
0.972874 0.0635473
0.872341 0.243143
0.269099 0.940699
0.668001 0.55602
0.207553 0.958009
0.398641 0.847151
0.876451 0.241032
0.715824 0.501476
0.493699 0.772078
0.541819 0.709958
0.922204 0.157484
0.627238 0.617522
0.680832 0.546269
0.856682 0.268867
0.96377 0.0941665
0.932119 0.144435
0.465739 0.793752
0.193015 0.964785
0.487751 0.782234
0.110213 0.991675
0.94379 0.121329
0.524186 0.739281
0.451694 0.816716
0.618497 0.626863
0.24445 0.945399
0.639229 0.597961
0.80422 0.36053
0.776776 0.411949
2.619e-05 1.00112
0.227551 0.952403
0.58977 0.653627
1.00003 0.00111814
0.146226 0.983085
0.166496 0.978925
0.719223 0.484879
0.949632 0.116206
0.0678189 0.996815
0.325259 0.897013
0.385281 0.852498
0.231178 0.950699
0.731101 0.475562
0.92084 0.167597
0.331043 0.895387
0.847749 0.293026
0.98332 0.0506436
0.651748 0.595569
