0.391171 0.864295
0.382978 0.864478
0.937225 0.12326
0.662786 0.584925
0.662893 0.583344
0.362001 0.87108
0.219865 0.970548
0.604017 0.638689
0.800333 0.364158
0.682117 0.54116
0.464654 0.832843
0.678146 0.541261
0.693477 0.527526
0.333644 0.894118
0.668025 0.555664
0.359755 0.875152
0.344502 0.885443
0.240333 0.950362
0.581561 0.690669
0.797908 0.370907
0.46481 0.798698
0.134944 0.983046
0.549956 0.728174
0.665528 0.566494
0.951794 0.107868
0.701486 0.512213
0.883252 0.23959
0.365653 0.870838
0.133894 0.985643
0.550088 0.723707
0.348123 0.881753
0.22532 0.950887
0.8838 0.237883
0.467917 0.783997
0.673881 0.552152
0.510078 0.765457
1.34511e-05 1.0018
1.00143 1.40628e-05
0.665094 0.569574
0.625336 0.615616
0.619375 0.628744
0.61972 0.622516
0.937183 0.139636
0.890605 0.217784
0.0389291 0.999312
0.162186 0.977851
0.552876 0.715132
0.897447 0.208877
0.962265 0.0914024
0.482739 0.768228
0.695255 0.523855
0.569607 0.690744
0.482247 0.773798
0.622496 0.616339
0.667281 0.558213
0.816431 0.349559
0.171565 0.977156
0.702494 0.509925
0.797871 0.375088
0.759519 0.507771
0.495771 0.765598
0.801216 0.363541
0.714219 0.507787
0.465292 0.785523
0.942749 0.122197
0.273335 0.927062
1.00001 0.00146859
0.557542 0.691945
0.677891 0.545323
0.271017 0.929491
0.333385 0.899561
0.154432 0.97957
0.886381 0.218558
0.603971 0.658884
0.554664 0.694966
0.335455 0.889614
0.346067 0.882099
0.231491 0.950388
0.28849 0.917888
0.564617 0.691299
0.553763 0.69543
0.270805 0.936656
0.279313 0.926909
0.816487 0.335764
0.000786095 1.00002
0.955952 0.091756
0.894502 0.208928
0.630127 0.615574
0.952983 0.0981542
0.464735 0.811924
0.820381 0.333947
0.837111 0.331296
0.220017 0.957146
0.301083 0.91783
0.604651 0.635968
0.816568 0.33434
0.996279 0.0178348
0.138546 0.982669
0.494953 0.767693
0.220709 0.952242
