0.902994 0.193163
0.94296 0.112719
0.215353 0.962009
0.568289 0.685703
0.508056 0.745071
0.00433578 1.00012
0.128974 0.984662
0.477754 0.785988
0.57414 0.67815
0.672121 0.555389
0.000378602 1.00027
0.66935 0.557222
0.978163 0.060561
0.613288 0.625163
0.457485 0.822963
0.280352 0.923765
0.213671 0.962702
0.557101 0.703565
0.839579 0.328942
0.650561 0.58054
0.791013 0.374941
0.0207522 1.00003
0.64498 0.600211
0.616395 0.624202
0.383339 0.859357
0.66791 0.558711
0.360753 0.876622
0.648453 0.584219
0.666844 0.568699
0.790672 0.389455
0.245034 0.944009
0.339034 0.889071
0.948239 0.102064
0.876051 0.252134
0.981806 0.0419982
0.457686 0.8042
0.190385 0.96988
0.554482 0.705048
0.905355 0.183809
0.568892 0.681474
0.458036 0.791379
0.124667 0.985065
0.879165 0.230743
0.466021 0.786758
0.70318 0.520373
0.0606808 0.998264
0.239888 0.946496
0.371243 0.86289
0.287704 0.921593
0.85698 0.295257
0.804231 0.365635
0.998448 0.018175
0.704357 0.513347
0.174695 0.975208
0.54712 0.70725
0.054508 0.998404
0.27623 0.92539
0.506406 0.747527
0.708337 0.499232
0.0392943 0.999328
0.66566 0.570152
0.173119 0.981701
0.839722 0.295582
0.839616 0.307713
0.878854 0.231218
0.233994 0.947829
0.212919 0.967223
0.544681 0.710169
0.133677 0.983726
0.610537 0.632469
0.336008 0.889662
0.609659 0.64463
0.98211 0.0365943
0.579478 0.674771
0.00037681 1.00102
0.706791 0.508257
0.729057 0.498145
0.315905 0.901525
0.315698 0.910615
0.894693 0.205512
0.694126 0.527734
0.316626 0.900709
0.481157 0.785601
0.625074 0.62216
0.790655 0.399711
0.611524 0.63151
0.179577 0.969985
1.00082 0.000477912
0.575704 0.676636
0.5622 0.693495
0.999851 0.00440634
0.695277 0.526622
0.949961 0.101887
0.218374 0.955541
0.333202 0.894424
0.942815 0.130381
0.142083 0.983531
0.8946 0.21845
0.392458 0.859298
0.517103 0.743753
