0.736976 0.479921
0.614714 0.627828
0.703318 0.526561
0.00358868 1.00002
0.479864 0.772505
0.985602 0.0346176
0.171448 0.97598
0.60159 0.640302
0.271771 0.93961
0.658576 0.581865
0.99816 0.0178186
0.24241 0.947788
0.906773 0.19298
0.816938 0.335332
0.906844 0.182908
0.185289 0.972948
0.755504 0.443125
0.147949 0.984789
0.517909 0.752259
0.688325 0.526976
0.272952 0.92841
0.601099 0.654916
0.281636 0.925548
0.424456 0.823426
0.573497 0.68368
0.177216 0.973492
0.721283 0.483559
0.831203 0.315363
0.580496 0.670675
1.00002 0.0015831
0.486214 0.769914
0.755404 0.454846
0.861174 0.309145
0.984762 0.0518361
0.934002 0.136514
0.437574 0.819563
0.985246 0.0431756
0.934046 0.132911
0.39799 0.849743
0.343527 0.883417
0.576488 0.672021
0.908181 0.179383
0.502516 0.755661
0.574148 0.676941
0.277345 0.926593
0.914593 0.178675
0.77116 0.424683
0.331427 0.893059
0.396528 0.85005
0.388274 0.855065
0.654448 0.583572
1.84102e-05 1.00018
0.285604 0.92358
0.814572 0.342848
0.49092 0.766025
0.829946 0.319453
0.679175 0.545646
0.0651298 0.997204
0.150143 0.983617
0.573454 0.689562
0.813343 0.348579
0.756133 0.429563
0.164198 0.977529
0.682129 0.544754
0.943498 0.11315
1.0001 1.86351e-05
0.52177 0.752228
0.247125 0.942255
0.33524 0.890679
0.676942 0.552048
0.976594 0.0960018
0.0394894 0.999516
0.935595 0.129297
0.367462 0.873697
0.817601 0.334274
0.667559 0.55542
0.337916 0.88977
0.651455 0.584615
0.499321 0.759491
0.612993 0.62794
0.0634086 0.997498
0.943908 0.111977
0.956709 0.0971773
0.728272 0.481298
0.318413 0.902846
0.356186 0.877425
0.110015 0.991591
0.161578 0.977676
0.836948 0.311505
0.507377 0.754902
0.0746951 0.997119
0.664739 0.56218
0.357867 0.876915
0.153671 0.978776
0.611602 0.631003
0.24085 0.953614
0.0908531 0.994172
0.600202 0.659959
0.427064 0.822309
0.0932328 0.992242
