0.550001 0.515017
0.784968 0.515017
0.550001 0.515048
0.611869 0.562785
0.619661 0.515017
0.619661 0.515017
0.619661 0.531962
1.23105 0.971693
1.17905 0.980907
1.19344 1.00712
1.44726 1.47748
1.29872 1.45919
1.50886 1.65293
1.50867 1.65305
1.50924 1.65434
1.51009 1.65605
1.51011 1.70386
1.51078 1.65769
1.51329 1.65767
1.51071 1.65788
1.58607 1.65771
1.55594 1.7309
1.85952 2.44562
6.86438 6.70968
3.74144 8.05022
6.69025 5.90695
5.17208 5.52298
6.28285 7.23489
4.09308 7.23042
6.13541 7.0868
5.57556 5.97151
8.21838 7.18934
7.37841 6.71812
6.54587 5.30678
8.35941 6.63175
5.94799 4.74246
7.20104 5.56938
6.31973 5.82992
5.73354 5.9557
5.75164 5.53214
7.13703 4.51459
4.86018 6.751
5.63624 7.69959
6.4176 7.93689
3.98227 7.12517
5.46238 5.16664
7.31156 5.27027
5.55526 6.38641
5.90293 6.55229
5.46841 5.42811
6.09733 5.52593
5.95303 6.34572
6.69548 5.64245
4.96007 5.36737
5.59782 5.4495
6.94408 6.3735
6.52604 6.67453
4.57073 6.64406
5.87912 5.57263
6.04091 5.09197
4.76838 5.47948
5.1993 6.29144
6.61637 5.07691
5.19415 5.8427
6.53082 6.39679
5.08819 6.45987
5.4166 4.94124
5.8365 5.98907
5.95051 5.43034
7.25007 4.71744
7.91213 4.95234
4.77264 6.44168
4.03088 5.24206
5.59475 4.38777
6.58731 5.15344
6.82331 5.10978
5.90539 3.61521
5.87197 7.23321
6.32682 5.04516
5.21081 6.89435
7.33759 4.53059
6.07857 4.9582
4.8935 7.06654
5.36177 5.35599
6.87831 5.91763
6.20661 5.12863
5.15885 5.37276
4.20919 6.81198
5.58847 6.35445
6.30822 5.8844
5.00041 8.18365
5.403 5.32118
4.46282 6.45063
4.39919 5.61551
6.3464 5.47302
5.00641 7.42349
5.95628 6.16379
7.72005 5.59485
6.17137 5.81744
4.32286 3.84661
