0.869661 0.2
0.935735 0.21494
0.899501 0.2
0.882094 0.210823
0.871167 0.265018
0.869661 0.308717
0.897577 0.343418
3.73484 3.3476
1.55689 0.673768
1.80767 0.811734
2.10454 1.57284
2.19461 1.36376
2.38837 1.38246
2.34384 2.51786
3.37779 1.61053
3.34937 1.62929
2.92516 1.79437
2.92502 1.79719
2.94145 1.78829
3.06729 1.75824
3.21826 1.7123
5.65323 6.61202
3.37367 5.17815
6.01044 5.70163
7.83391 5.77003
7.20141 7.0857
5.5708 5.9355
5.78314 5.99306
5.4438 6.13946
4.26464 6.91982
6.19502 5.16225
5.12321 5.66851
6.91165 5.21593
8.66399 4.64881
4.61847 4.84659
6.3065 5.34105
6.22017 3.18092
3.34591 6.13976
4.97559 5.27034
5.85636 4.54458
5.97044 5.96467
5.24581 5.09358
6.30829 3.42868
6.10371 6.39936
7.46718 5.72557
6.1509 5.60134
4.93084 6.58555
6.37934 4.60091
6.18444 5.50822
6.49016 6.51887
5.65437 5.50151
5.20523 5.90628
5.96078 6.53599
6.23194 5.78336
6.92417 7.33267
6.34865 5.17363
5.87232 6.19583
4.05676 3.31993
6.75438 6.21267
5.76823 6.08634
6.50357 5.82636
6.55903 5.47188
6.15516 4.53836
5.90634 7.61849
3.6885 7.18833
5.55182 7.05689
5.43315 6.95154
4.58281 9.29389
3.91332 6.49284
6.57569 6.17908
4.40736 5.50401
3.97686 5.74027
4.51434 6.6472
4.96664 7.79287
4.48561 7.06842
5.54154 6.579
6.38063 5.79454
5.80903 5.40803
3.62562 5.77305
6.66077 5.22333
6.97064 7.85099
4.32655 4.99831
7.06264 4.53509
5.35697 5.97632
8.16103 4.79776
5.76038 6.85925
5.50014 7.30306
4.61093 7.23773
5.34443 6.16875
6.40416 5.52437
6.70438 5.4834
5.33476 5.58617
6.17528 5.07596
6.80879 5.73967
5.48063 5.07213
6.49501 3.96295
7.28587 5.15377
5.43602 8.18734
5.11603 6.17716
5.9415 6.26615
