6.64912e-05 1
0.202467 0.8
0.102478 0.9
0.0515628 0.95
0.104436 0.9
0.152372 0.85
0.00728091 1
0.55 0.452255
0.00401482 1
0.553475 0.45
0.8 0.212033
0.55 0.460452
0.354579 0.767327
0.45 0.567045
0.451301 0.55
0.4288 0.714785
0.359235 0.765503
0.0552798 0.95
0.20002 0.801023
0.154147 0.85
0.65 0.358785
0.150014 0.854809
0.55 0.462935
0.656018 0.350003
0.9 0.105887
0.453405 0.55
0.441934 0.683835
0.207308 0.8
0.900621 0.102792
0.203987 0.8
0.714873 0.32299
0.715663 0.320387
0.446801 0.655913
0.660834 0.35
0.65 0.359351
0.431905 0.698371
0.95632 0.0647227
0.650433 0.350902
0.854766 0.150227
1 7.47981e-08
0.8 0.215909
0.00557875 1
0.45 0.554202
0.801559 0.200003
0.8 0.20463
0.558915 0.45
0.850001 0.152957
0.956299 0.0709314
1 0.0068124
0.200001 0.807375
0.957986 0.0615506
0.738333 0.317664
0.8 0.207357
0.430287 0.703013
0.796534 0.312832
0.714838 0.343572
0.920344 0.100002
0.730462 0.317702
0.65 0.35579
1.00011 0.68159
0.95632 0.068563
0.956654 0.0632689
0.733484 0.317679
0.150001 0.863497
0.9 0.104412
0.85 0.187736
0.90886 0.100029
1 0.00511844
0.0540579 0.95
0.850001 0.154544
0.650001 0.352915
0.758878 0.31764
0.85 0.156983
0.8 0.213319
1.00011 7.17097e-09
0.45 0.558066
0.9 0.107526
4.9661 3.06357
0.796514 0.315846
1.00039 0.312419
0.804998 0.200002
0.861086 0.150001
0.956347 0.079171
1.00056 0.042704
0.8 0.208957
3.05562e-09 1
0.956388 0.0811519
1.04241 7.17097e-09
0.860485 0.150002
1.37285 1.94778e-08
0.862844 0.150002
1.06812 0.02899
1.00136 0.28107
1.18448 3.41342e-08
6.84182e-09 1
0.965773 0.0648424
0.85756 0.150002
0.91999 0.100002
1.00248 0.687355
1 3.41342e-08
