0.819661 0.315017
0.895774 0.315017
0.840035 0.315017
0.849346 0.473595
0.848413 0.405517
0.848413 0.415842
1.10228 0.640147
1.16796 0.66335
1.53531 0.77104
1.74667 1.30744
2.616 1.87394
6.27176 3.98869
6.10781 4.95902
5.66258 5.2865
6.5121 7.23165
6.40095 5.67167
6.39741 6.14523
5.82493 4.65672
6.37034 5.08634
5.03339 5.46675
4.24509 6.26969
7.70284 5.32747
7.33405 4.6806
3.99113 7.56876
5.28398 4.64409
6.58299 6.51211
3.85132 6.97035
4.74504 5.59043
5.97447 5.53711
3.66015 5.51577
6.75606 7.30502
6.03415 5.00981
6.53264 5.88821
5.79064 5.4762
5.66353 4.61266
4.90964 6.59295
5.91446 7.11017
5.65642 6.44918
5.4037 5.03095
6.56839 5.19343
7.14969 6.37096
6.51554 4.1302
8.37979 9.01382
5.71887 6.13911
5.1703 5.71722
5.86947 5.19559
6.03736 6.44465
6.23384 7.7712
6.75015 6.54535
5.12081 5.60622
6.00349 5.06264
5.66164 6.06795
5.90602 4.72884
4.67576 6.10133
8.13602 6.90235
6.86477 6.43038
6.50823 7.04662
5.26102 5.38583
4.45015 6.76104
5.84987 6.72565
7.26209 5.08802
4.99702 6.77578
6.52131 6.91658
6.65116 6.30824
5.08028 4.94173
4.4788 6.57901
4.87685 4.82003
5.6455 7.02032
6.47895 5.19078
5.49898 6.17265
5.10621 7.29439
5.67942 6.07248
6.53333 6.56349
5.77419 6.35776
7.55377 5.77791
6.84278 6.70687
4.10869 5.23904
4.62477 6.38704
6.50996 5.76551
4.83566 5.6577
7.38348 6.72567
4.89563 6.09613
4.16526 6.77721
6.19558 5.67395
5.55764 6.03572
5.26851 6.29818
4.18281 6.72186
6.91219 6.26223
7.16425 4.8311
6.25618 4.51528
5.28156 5.86229
7.96136 7.28911
5.48178 5.70331
5.65023 4.90127
8.49682 4.13399
6.29911 5.96967
4.89209 6.31965
6.78001 5.51472
5.29023 5.57533
5.31655 4.0289
