0.773928 0.300003
0.769663 0.300393
0.419805 0.650007
0.419661 0.655466
0.419661 0.660999
0.769663 0.301455
0.419661 0.667147
1.06966 7.80892e-12
1.06966 0.00286755
0.0696605 1
1.07127 0.00370371
0.422516 0.65
0.0696605 1
1.06966 2.88897e-05
0.788407 0.300003
1.06966 0.102561
1.08146 0.0807799
1.06966 0.00221875
1.06966 1.49866e-10
0.0696605 1
1.06966 0.0283137
1.06966 0.0142508
1.27466 0.0208529
1.16239 4.44066e-05
1.06986 0.0039963
0.819874 0.300126
1.08272 0.401355
1.21834 0.663635
0.805446 0.375965
0.425617 0.715029
0.769667 0.394683
1.13053 0.369511
0.887395 0.68428
1.05308 0.433244
1.08838 0.526795
0.793741 0.489128
0.793312 0.55299
0.821638 0.494986
6.29104 6.69637
0.877742 0.993235
0.871941 1.00603
0.88192 0.988004
0.876267 0.995324
0.890029 0.979742
0.874582 0.998244
0.891315 0.978635
0.877013 0.994194
0.89183 0.978127
0.880968 0.989081
0.894463 0.976092
0.879168 0.991106
0.889038 0.980633
0.880794 0.989195
0.874972 0.997538
0.872751 1.00272
0.875463 0.996628
0.888723 0.980938
0.886125 0.983383
0.886814 0.982808
0.890485 0.979236
0.874185 0.999052
0.888916 0.980712
0.878804 0.991629
0.879543 0.9908
0.877567 0.993343
0.879613 0.990616
0.878947 0.991414
0.878653 0.991797
0.877909 0.993035
0.872957 1.00212
0.87734 0.993556
0.881213 0.988557
0.873811 0.999893
0.879918 0.990161
0.87801 0.992635
0.883653 0.985908
0.873882 0.999727
0.894553 0.9758
0.894331 0.976385
0.874472 0.998519
0.875601 0.996478
0.877208 0.993922
0.878368 0.992219
0.887867 0.981631
0.883887 0.985742
0.891746 0.978205
0.882644 0.98692
0.88356 0.986041
0.887591 0.98208
0.884232 0.985295
0.883063 0.986473
0.885301 0.984123
0.886495 0.983154
0.878232 0.992403
0.876638 0.994735
0.87577 0.996094
0.888337 0.981397
0.883999 0.985655
0.882697 0.986877
0.87688 0.9943
