0.102292 0.900002
0.00192831 1
0.750014 0.254609
0.250002 0.750001
0.00378919 1
0.35 0.660638
0.150307 0.854297
0.821436 0.218432
0.663705 0.453045
0.25 0.764972
0.150007 0.862779
0.104305 0.9
0.501786 0.5
0.401923 0.600299
0.152219 0.85
0.154715 0.85
0.160841 0.85
0.253476 0.75
0.638232 0.492608
0.408825 0.600001
0.400002 0.60688
0.400003 0.605622
0.450113 0.555227
0.100001 0.920134
0.165878 0.85
0.75 0.257964
0.350916 0.650002
0.765975 0.250002
0.711374 0.300013
0.400002 0.615139
0.827481 0.218008
0.816444 0.236746
0.500004 0.503817
0.663086 0.458645
0.7 0.305605
0.510642 0.5
0.450001 0.56649
0.503704 0.5
0.358146 0.65
0.700015 0.30072
0.100212 0.909754
0.453106 0.550001
0.85 0.154578
0.750194 0.250189
0.250001 0.750002
0.464673 0.55
0.150003 0.886128
0.500001 0.505137
0.716673 0.300011
0.356172 0.650001
0.900005 0.108868
0.25 0.772879
0.816458 0.231192
0.85 0.161849
0.745559 0.30001
0.95 0.0569458
0.40309 0.600001
0.35 0.682411
0.150006 0.877131
0.95 0.0605825
0.750285 0.250079
0.257796 0.75
0.452497 0.550017
0.353044 0.650001
0.704107 0.300668
0.900784 0.103174
0.773897 0.250002
0.819685 0.21877
0.900005 0.111352
0.512936 0.5
0.450002 0.558585
0.416761 0.600001
1 0.000102744
0.456769 0.55
1.21909e-08 1.00009
0.850001 0.152638
0.816932 0.22507
0.916054 0.102665
1 0.00217466
0.7 0.301395
0.95 0.0538003
0.852476 0.150053
0.456948 0.55
0.366979 0.65
1 0.00645003
0.900007 0.104308
0.450002 0.563322
0.950735 0.0526898
1 1.16765e-08
0.459843 0.55
0.816925 0.227733
0.863398 0.150001
0.75 0.263351
1 0.00297281
1.00002 0.326595
1.44785 0.0697858
1 8.91055e-09
0.950001 0.053858
2.34151e-08 1
0.86113 0.150003
