0.784158 0.215842
0.78416 0.21584
0.784192 0.215809
0.784043 0.215959
0.784139 0.215861
0.784194 0.215807
0.784226 0.215775
0.78424 0.215761
0.784148 0.215852
0.784102 0.215899
0.784107 0.215894
0.784097 0.215903
0.784095 0.215906
0.78413 0.21587
0.784186 0.215815
0.784136 0.215865
0.784079 0.215922
0.784112 0.215888
0.784069 0.215931
0.784075 0.215926
0.784022 0.215987
0.784057 0.215944
0.784202 0.215799
0.784176 0.215824
0.78428 0.215722
0.7841 0.215901
0.784037 0.215964
0.784019 0.215991
0.78422 0.21578
0.784143 0.215858
0.784053 0.215948
0.784118 0.215882
0.784029 0.215972
0.784257 0.215744
0.784105 0.215895
0.784035 0.215966
0.784062 0.215939
0.78423 0.21577
0.784189 0.215811
0.784083 0.215917
0.784017 0.215993
0.784212 0.215788
0.78405 0.215951
0.784268 0.215733
0.784238 0.215763
0.784155 0.215845
0.784277 0.215725
0.784236 0.215765
0.784125 0.215876
0.784244 0.215757
0.784251 0.21575
0.784048 0.215954
0.784288 0.215714
0.784163 0.215837
0.784033 0.215969
0.784228 0.215773
0.784138 0.215863
0.784151 0.215849
0.7842 0.2158
0.784087 0.215914
0.784017 0.237574
0.784114 0.215886
0.784127 0.215874
0.784041 0.215961
0.78411 0.215891
0.784222 0.215779
0.784178 0.215822
0.784315 0.215712
0.784215 0.215786
0.784132 0.215868
0.784091 0.215909
0.78406 0.215941
0.784073 0.215927
0.784255 0.215747
0.784283 0.21572
0.784261 0.215741
0.784285 0.215717
0.784183 0.215817
0.784274 0.215727
0.784172 0.215828
0.784169 0.215831
0.784292 0.215713
0.784305 0.215713
0.784272 0.21573
0.784145 0.215855
0.784046 0.215955
0.784167 0.215834
0.784065 0.215936
0.784181 0.215819
0.784197 0.215804
0.784207 0.215794
0.784233 0.215768
0.784122 0.215879
0.784247 0.215754
0.784264 0.215737
0.784217 0.215784
0.784204 0.215796
0.784067 0.215934
0.78421 0.215791
0.784081 0.21592
