1.24701 0.899266
1.24666 0.899266
1.24722 0.899266
1.24666 0.981332
1.27634 0.899274
1.61544 0.899288
1.76075 0.900216
1.24736 0.900253
1.24738 0.900221
1.24738 0.900221
1.24736 0.900264
1.25995 0.900221
1.24738 0.900249
1.24738 0.900247
1.24738 0.900242
1.24739 0.900241
1.24739 0.900234
1.24739 0.900236
1.2474 0.900232
1.24739 0.900233
1.24736 0.931852
1.2474 0.900231
1.24741 0.900226
1.24743 0.900222
1.24743 0.901908
1.25668 0.914295
1.25668 0.914294
1.30796 1.02815
1.28091 0.929904
1.28091 0.929902
1.38647 0.929902
1.28091 0.929903
1.28091 0.929902
1.28091 0.929903
1.28091 0.929902
1.28092 0.929902
1.2809 0.929923
1.45853 1.46719
6.72901 7.3054
11.1396 7.17151
7.68986 5.67692
10.734 9.14641
7.44015 4.56483
7.3056 5.43449
7.01384 7.04522
7.0747 6.00651
5.7987 10.68
8.19048 10.7504
3.31327 10.7603
8.52472 6.13786
9.38513 9.59687
10.2923 3.0518
10.165 11.507
6.32402 6.90404
9.10867 7.73393
4.91021 5.28968
6.67196 11.4633
6.56354 9.1653
13.1886 7.11401
4.35216 8.76652
9.71839 9.42084
7.80576 10.2444
9.98461 11.0468
10.0477 7.09196
9.68054 8.76461
5.77677 9.3261
6.11395 6.22673
9.30592 7.64019
6.26303 6.82649
5.15525 7.56195
7.23393 5.57222
5.53955 4.33154
6.714 6.22805
7.05441 6.17874
7.67639 9.41631
7.3266 8.57163
8.12832 7.34083
7.92214 7.84318
8.07863 4.49439
8.27292 6.89896
9.28651 9.36126
7.66729 9.24257
7.48324 7.86974
8.33495 7.71226
8.39269 5.80876
5.67131 5.53039
8.13482 7.95095
10.4346 7.53789
7.93257 8.28123
5.28861 6.62792
9.81805 10.912
10.3194 3.98128
7.03958 9.80427
6.31289 8.37718
7.80599 5.64684
6.43681 7.15795
9.44047 3.98668
7.36709 8.31255
8.4389 11.9174
7.0275 5.26977
