0.282556 0.759719
0.00165611 1
0.282556 0.786135
0.408222 0.624373
0.282556 0.808456
0.288864 0.758593
0.286384 0.758819
0.322448 0.741922
0.399353 0.63118
0.496135 0.520167
0.333567 0.670146
0.291973 0.758589
0.336735 0.666897
0.316125 0.748779
0.329349 0.71213
0.400937 0.624375
0.965568 0.0958891
0.497647 0.515263
0.380772 0.657317
0.317027 0.742575
0.339859 0.66644
0.798838 0.22745
0.330052 0.698807
0.479806 0.569561
0.866586 0.140828
0.799353 0.214551
0.394165 0.651891
0.798838 0.254275
0.866482 0.154485
0.521731 0.515263
0.982784 0.0784445
0.333637 0.6685
0.798838 0.224885
0.382972 0.651911
0.475217 0.569562
0.503 0.515263
1 0.00715492
0.544668 0.515263
0.464805 0.5852
1 0.0100297
0.31792 0.741951
0.471895 0.569565
0.514124 0.515263
0.939559 0.123501
0.386095 0.6519
0.466363 0.569565
0.464801 0.598683
0.866587 0.136233
0.464805 0.591025
0.498806 0.515263
0.507544 0.515263
0.318793 0.741928
0.866586 0.142763
0.982783 0.0827075
0.949063 0.0984039
0.282555 0.901651
0.798839 0.218518
0.496126 0.528661
3.4014e-08 1.00039
0.798839 0.220702
0.953491 0.0966625
0.866586 0.138397
0.798838 0.235369
0.892068 0.133409
0.399352 0.640072
0.824266 0.214416
0.949058 0.099816
0.496126 0.545517
1 0.00358727
0.996669 0.0753421
0.805999 0.214416
0.982783 0.0899007
0.464853 0.574414
1.46052 7.46031e-10
1.00847 7.46031e-10
1.00209 3.26567e-10
0.873112 0.133437
1 3.26567e-10
1.23498 0.344729
0.492508 0.569561
0.982784 0.0806498
0.939556 0.126178
0.805109 0.214417
0.5043 0.515263
0.798839 0.222074
1 0.0100131
1 1.18105
1 4.1467e-09
0.833019 0.214418
0.866587 0.147356
1.24413 0.00192361
1.31493 0.00386366
0.905765 0.133423
2.09387 0.000368283
1.00424 4.89537e-09
1.60915 2.2695
0.464808 0.576386
1.31134 0.0106167
1.32392 0.0106167
1.03403 0.222656
