0.0187631 1
0.331277 0.679517
0.260598 0.764465
0.251426 0.797385
0.251428 0.768406
0.351217 0.666669
0.418146 0.585563
0.331277 0.685909
0.762464 0.270483
0.331277 0.698949
0.251428 0.782465
0.499573 0.506158
0.41444 0.600483
0.414443 0.587006
0.30087 0.736141
0.0207868 1
0.331835 0.668976
0.254285 0.764466
0.956011 0.0818803
0.331277 0.718742
0.466936 0.566119
0.251426 0.811551
0.458609 0.56932
0.3008 0.758543
0.463314 0.566187
0.41444 0.610623
0.833276 0.167133
0.761384 0.272716
0.309461 0.735947
0.336992 0.668714
0.308518 0.735947
0.333748 0.668714
0.449962 0.585546
0.791871 0.238225
0.8329 0.171585
0.911424 0.1234
0.331277 0.712535
0.354671 0.666669
0.499572 0.510306
0.997952 0.00975325
0.252258 0.764982
0.8329 0.17771
0.502026 0.500063
0.911424 0.119509
0.761379 0.295688
0.423286 0.585546
0.796045 0.232805
0.997948 0.0307751
0.911535 0.113339
0.911426 0.116314
0.91802 0.101829
0.331315 0.67085
0.769439 0.26739
0.792073 0.232855
0.41444 0.64475
0.778601 0.267358
0.501774 0.502817
0.8329 0.186374
0.463861 0.56612
0.414441 0.590566
0.768334 0.269553
0.76138 0.274025
0.997957 0.00389565
0.997951 0.0179798
0.302308 0.735947
0.761378 0.343869
0.761379 0.323421
0.41444 0.639844
0.251426 0.943201
0.318763 0.735947
0.997957 0.00535013
0.761378 0.416224
0.955846 0.0858925
0.922136 0.0980872
0.8329 0.18355
0.839793 0.166729
0.0170139 1.02636
0.504802 0.500063
0.918013 0.103222
0.929048 0.0979038
1.01702 4.74396e-09
2.15862 4.74396e-09
0.972029 0.0758883
1.49713 0.394536
0.017014 1.02636
0.972032 0.072987
0.984392 0.0729467
0.776206 0.267394
0.918024 0.0984708
1.01702 4.74396e-09
1.01702 4.74396e-09
0.840464 0.166769
1.03394 4.74396e-09
0.840604 0.166776
0.761992 0.309673
0.017014 1.02636
2.455 0.0429587
1.58122 1.55663e-09
1.01704 0.535086
0.0170143 1.02646
