0.805289 0.194711
0.805299 0.194702
0.805458 0.194544
0.805318 0.194683
0.805471 0.19453
0.805366 0.194634
0.805311 0.194689
0.80527 0.194731
0.805395 0.194605
0.805378 0.194623
0.805237 0.194764
0.805347 0.194653
0.805459 0.194542
0.805243 0.194758
0.805249 0.194752
0.805393 0.194607
0.805275 0.194726
0.805449 0.194552
0.805266 0.194734
0.80534 0.194661
0.805327 0.194674
0.805208 0.194794
0.805282 0.194718
0.805353 0.194647
0.80521 0.194792
0.805402 0.194598
0.805246 0.194755
0.805207 0.194801
0.805292 0.194709
0.805411 0.194589
0.805217 0.194787
0.805331 0.194669
0.805273 0.194728
0.805477 0.194525
0.805416 0.194585
0.8054 0.1946
0.805305 0.194695
0.805263 0.194738
0.805258 0.194743
0.805425 0.194576
0.805443 0.194557
0.805308 0.194693
0.805232 0.19477
0.805361 0.194639
0.805214 0.194789
0.805277 0.194723
0.805432 0.194569
0.805329 0.194671
0.805385 0.194615
0.805302 0.194698
0.805388 0.194613
0.805234 0.194767
0.805376 0.194624
0.805222 0.194779
0.805251 0.19475
0.80528 0.194721
0.805466 0.194536
0.805371 0.19463
0.805343 0.194658
0.805229 0.194772
0.805935 0.194524
0.805238 0.194763
0.805346 0.194654
0.805422 0.194579
0.805321 0.19468
0.805397 0.194603
0.805358 0.194642
0.805418 0.194583
0.805475 0.194526
0.805436 0.194565
0.805314 0.194687
0.805413 0.194587
0.805295 0.194705
0.805434 0.194567
0.805391 0.194609
0.805463 0.194538
0.805454 0.194547
0.805355 0.194645
0.805336 0.194665
0.805259 0.194741
0.805284 0.194717
0.805428 0.194573
0.805219 0.194783
0.805287 0.194714
0.805374 0.194627
0.805381 0.194619
0.805368 0.194632
0.805315 0.194685
0.80542 0.194581
0.805469 0.194532
0.805225 0.194777
0.805408 0.194592
0.805452 0.194549
0.805439 0.194561
0.805254 0.194748
0.805324 0.194676
0.805405 0.194595
0.805364 0.194637
0.80535 0.19465
0.805447 0.194554
