0.98031 0.0952053
0.00370601 1
0.00185274 1
0.322197 0.718801
0.328159 0.694588
0.295251 0.749107
0.363082 0.638216
0.365202 0.63813
0.444689 0.556299
0.294237 0.777023
0.294238 0.757898
0.323281 0.710736
0.334421 0.666649
0.506263 0.518082
0.295428 0.732809
0.506596 0.513769
0.454915 0.55551
0.895687 0.140811
0.328236 0.684776
0.299067 0.730968
0.863245 0.1748
0.443769 0.562931
0.37461 0.63813
0.444971 0.555527
0.328302 0.684483
0.451462 0.555513
0.294238 0.765276
0.29558 0.732411
0.840854 0.180251
0.777094 0.287483
0.294237 0.813804
0.878875 0.141004
0.443768 0.566484
0.777094 0.236947
0.778198 0.225497
0.777094 0.245514
0.361874 0.647996
0.306266 0.730904
0.983837 0.0259236
0.863348 0.172349
0.517112 0.513581
0.295339 0.737155
0.294237 0.826253
0.361875 0.642851
0.935534 0.120604
0.322174 0.726405
0.50626 0.521493
0.777096 0.229341
0.443768 0.594515
0.840306 0.180257
0.778227 0.222182
0.878871 0.149691
0.777102 0.225848
0.520931 0.513581
1.51193 0.0161522
0.330874 0.683233
0.328159 0.69565
0.935535 0.115341
0.777094 0.24159
0.983837 0.0271042
0.935535 0.116087
0.983837 0.0200616
0.878872 0.142522
0.839594 0.18769
0.839594 0.193026
0.853769 0.180251
0.983843 0.0180228
0.878871 0.158897
0.878872 0.144355
0.337315 0.666649
0.334809 0.666649
0.443768 0.624695
0.448259 0.555513
1.01787 0.05444
0.507595 0.513581
0.935534 0.123139
0.863319 0.173237
1.02198 0.0161522
0.369499 0.63813
0.839594 0.182068
0.333403 0.67493
0.935534 0.125425
0.936485 0.11354
1.01787 0.0161522
3.89713e-07 1.06844
1.42898 0.0161522
1.01787 0.130923
1.01788 0.0831486
4.08834e-07 1.06658
1.52856 0.0252388
4.60713e-07 1.03244
1.35578 0.104354
1.02595 0.0411349
0.778813 0.222183
1.15735 0.283069
1.04025 0.186865
1.06252 0.597503
0.00189652 1.19565
0.863319 0.178007
1.89674 0.0430062
