0.00188168 1
0.335616 0.674351
0.255869 0.779474
0.433799 0.593302
0.490818 0.509647
0.305775 0.749643
0.333621 0.687111
0.765049 0.318456
0.363456 0.665125
0.421094 0.649786
0.25587 0.767115
0.784142 0.259566
0.356453 0.665696
0.340896 0.674347
0.439308 0.593237
0.257418 0.76264
0.432368 0.609297
0.432361 0.64242
0.255869 0.892644
0.306552 0.749638
0.922141 0.0976819
0.432362 0.621248
0.432564 0.605538
0.432364 0.615272
0.869886 0.168098
0.823457 0.192792
0.432698 0.602458
0.255869 0.827144
0.765067 0.260093
0.495499 0.509639
0.420845 0.65809
0.358152 0.665159
0.500859 0.509639
0.258413 0.762631
0.366409 0.665125
0.823458 0.178306
0.76505 0.263802
0.768702 0.259587
0.432732 0.598555
0.765049 0.447189
0.333622 0.677107
0.512614 0.509636
0.334433 0.674402
0.765049 0.279987
0.333622 0.679642
0.765057 0.263132
0.333621 0.715007
0.871803 0.164625
0.765049 0.276924
0.776066 0.259566
1.00002 0.00391047
0.999986 0.0139292
0.824691 0.176543
0.432361 0.625899
0.25587 0.767782
0.360724 0.665152
0.922089 0.130387
0.490474 0.512098
0.999986 0.0243381
0.885559 0.164527
0.92209 0.0998563
1.00002 2.73221e-09
0.262099 0.76263
0.922089 0.104317
0.999989 0.00975921
0.434683 0.593278
0.823457 0.184944
0.823457 0.183032
0.765049 0.268093
0.304559 0.751955
0.491503 0.509647
0.517422 0.509636
0.420941 0.651047
0.429435 0.649736
0.490144 0.517997
0.899412 0.164527
0.876347 0.16456
0.765049 0.359813
0.999986 0.0117303
4.5476e-08 1.02631
0.999986 0.044883
1.00002 0.00495373
1 0.00797308
0.931284 0.0964287
0.832068 0.176543
1.56428 1.53011
1 0.300121
0.78735 0.259577
0.869955 0.17065
1 0.281426
1.00011 0.924344
1.0027 0.00797314
0.511873 0.509652
1.00012 0.00995139
1.0027 1.37136
1.00249 0.517043
1.08236 0.588848
0.823551 0.195253
1.55371 0.00797348
1.00322 0.00797348
