0.22956 0.770465
0.127979 0.872078
0.423326 0.576883
0.402961 0.597309
0.780998 0.219087
0.535783 0.464296
0.617527 0.382483
0.0559733 0.944099
0.454153 0.545919
0.873048 0.127221
0.11207 0.88799
0.198981 0.801048
0.464131 0.535974
0.270338 0.729755
0.760321 0.239716
0.811593 0.188536
0.944129 0.0559976
0.648407 0.351927
0.443955 0.556104
0.341836 0.658199
0.249977 0.750107
0.157987 0.84205
0.689809 0.310655
0.515162 0.485354
0.586657 0.413467
0.658641 0.341574
0.392772 0.607344
0.852671 0.148091
0.700181 0.300347
0.958817 0.0417063
0.90482 0.0959269
0.924446 0.075986
0.00988519 0.990296
2.05908e-08 1
0.792132 0.208339
0.104049 0.896
0.413166 0.58695
0.474902 0.525373
0.97678 0.02399
0.750595 0.249664
0.13804 0.862069
0.801519 0.198804
0.607083 0.393081
0.188744 0.811298
0.382394 0.617855
0.483676 0.516604
0.966761 0.0340548
0.638093 0.362088
0.668849 0.33137
0.566255 0.433848
0.260111 0.739966
0.362214 0.637796
0.556082 0.444004
0.628237 0.372079
0.741106 0.259375
0.209171 0.790914
0.98741 0.0139036
0.730181 0.270053
1 1.11e-08
0.433501 0.56666
0.311269 0.689125
0.219371 0.780671
0.239817 0.760211
0.0840247 0.916221
0.934005 0.0661108
0.915778 0.0861292
0.576519 0.423505
0.893539 0.106751
0.290839 0.709204
0.0459962 0.954046
0.77151 0.228907
0.148015 0.852137
0.178561 0.821465
0.832175 0.168015
0.546445 0.453873
0.119976 0.880159
0.59689 0.40349
0.30107 0.699004
0.526239 0.474321
0.862311 0.138006
0.494882 0.505182
0.6787 0.321361
0.842034 0.15801
0.505196 0.495043
0.168349 0.83168
0.331637 0.668397
0.884991 0.116125
0.82216 0.178103
0.280558 0.719491
0.352054 0.647967
0.0760291 0.924029
0.321406 0.678665
0.0359656 0.964076
0.709222 0.290947
0.0659927 0.934069
0.0179944 0.982087
0.372255 0.627821
0.0259328 0.974145
0.096208 0.903893
0.720096 0.280227
