0.842672 0.157849
0.763195 0.238251
0.773609 0.227807
0.142084 0.85801
0.056161 0.94397
0.851568 0.148996
0.94678 0.0540388
0.740752 0.259717
0.796287 0.206454
0.27032 0.729867
0.750562 0.249687
0.53623 0.464137
0.884579 0.116202
0.433723 0.566285
0.250137 0.749951
0.48401 0.516587
0.134187 0.866033
0.229663 0.770366
0.474162 0.526587
0.831945 0.168135
0.87423 0.126137
0.188843 0.811189
0.300947 0.699365
0.700892 0.300298
0.341803 0.658396
0.454277 0.545824
0.556173 0.444052
0.966904 0.0339979
0.49592 0.504874
0.515653 0.484539
0.362291 0.63774
0.158133 0.841921
0.178641 0.821385
0.710271 0.290172
0.546487 0.453819
0.331635 0.668415
0.803098 0.19695
0.783892 0.217298
0.0742249 0.925878
0.923545 0.076498
0.576834 0.423309
0.444552 0.555979
0.608032 0.392362
0.372619 0.627488
0.290922 0.709131
0.219456 0.780607
0.0159559 0.984122
0.505645 0.494732
0.648237 0.35193
0.99042 0.0119007
0.19906 0.801073
0.128095 0.871995
0.596971 0.403189
0.209257 0.79085
0.321431 0.67898
0.280664 0.719644
0.586692 0.413464
0.094113 0.905964
0.671591 0.330049
0.351961 0.648169
0.239908 0.76031
1 1.58569e-08
0.628244 0.372016
0.52668 0.473903
0.908429 0.0940156
0.000106292 0.999894
0.382525 0.617608
0.567171 0.433224
0.403107 0.59699
0.976996 0.0240221
0.958966 0.0420761
0.639233 0.361498
0.464222 0.535917
0.150232 0.849932
0.720387 0.280145
0.86271 0.137467
0.16824 0.831832
0.822453 0.178032
0.10794 0.892155
0.0260905 0.973974
0.679119 0.321089
0.413597 0.586588
0.311112 0.689023
0.811558 0.188597
0.893452 0.106839
0.392911 0.607119
0.0841074 0.915963
0.260253 0.73978
0.61799 0.382306
0.0460826 0.95395
0.0660371 0.934069
0.118154 0.88195
0.658212 0.34205
0.00780649 0.992329
0.934472 0.0659156
0.102035 0.89803
0.423235 0.577054
0.690262 0.310233
0.73034 0.270023
0.0360045 0.96403
