0.19895 0.801179
0.0915533 0.908613
0.955924 0.046284
0.924017 0.0762236
0.0139403 0.986603
0.987579 0.0135213
0.0639866 0.936466
0.596914 0.403249
0.668999 0.331421
0.81152 0.188624
0.423026 0.577356
0.893632 0.106665
0.587202 0.413077
0.794388 0.207326
0.270428 0.729617
0.679633 0.321016
0.741826 0.258789
0.351988 0.648127
0.853992 0.146721
0.967259 0.0334204
0.689065 0.311115
0.546871 0.453463
0.803813 0.196303
0.0560067 0.944099
0.301012 0.699019
0.0372947 0.962864
0.63915 0.361541
0.48457 0.515584
1 2.01843e-08
0.750184 0.249901
0.127686 0.872638
0.311308 0.688849
0.607641 0.392656
0.885271 0.116071
0.138055 0.862164
0.525712 0.474423
0.762469 0.238977
0.934883 0.065816
0.0217893 0.978322
0.90461 0.0958827
0.658166 0.342056
0.874102 0.126615
0.0740211 0.926266
0.372073 0.628201
0.341788 0.658353
0.45448 0.545878
0.362145 0.637932
0.280604 0.719421
0.617375 0.382641
0.821721 0.178346
0.555937 0.444275
0.831482 0.169728
0.0319342 0.96822
0.516007 0.484371
0.69968 0.300601
2.39206e-08 1
0.158007 0.842116
0.917614 0.0841166
0.464994 0.535413
0.709708 0.290537
0.732047 0.269011
0.392774 0.607433
0.723272 0.278293
0.474821 0.525419
0.321528 0.678563
0.576887 0.423346
0.209107 0.791003
0.433295 0.567009
0.506184 0.494511
0.567327 0.433283
0.445204 0.555705
0.944944 0.0554465
0.771248 0.229014
0.290816 0.709186
0.535328 0.465223
0.784341 0.2173
0.250015 0.750076
0.0819381 0.918204
0.841908 0.158214
0.148026 0.85224
0.178538 0.821561
0.105895 0.894257
0.0459932 0.954167
0.382817 0.617387
0.219293 0.780804
0.168256 0.831835
0.413122 0.587049
0.494895 0.505128
0.188742 0.811351
0.64875 0.351641
0.229582 0.770597
0.980585 0.020037
0.331628 0.668696
0.863149 0.137157
0.260099 0.739955
0.628531 0.371969
0.118039 0.882044
0.239794 0.760361
0.0992916 0.900859
0.402815 0.597365
