0.0100044 0.990362
0.270381 0.729676
0.699605 0.300672
0.168346 0.831672
0.811586 0.188599
0.300819 0.699373
0.219386 0.780683
0.596882 0.403194
0.905034 0.0960092
0.923478 0.0765277
0.843107 0.157393
0.504069 0.496413
0.239748 0.760374
0.987623 0.0139558
0.576797 0.423369
0.158011 0.842021
0.0660385 0.933962
0.935146 0.0660415
0.382429 0.617769
0.280346 0.719745
0.147962 0.852129
0.86243 0.137664
0.70997 0.290446
0.740589 0.259655
0.821693 0.178407
0.0560144 0.944049
0.966962 0.0340704
0.874972 0.126135
0.474246 0.526146
0.894129 0.106166
0.803208 0.196937
0.515735 0.484449
0.854365 0.146651
0.546792 0.453719
0.321651 0.678537
2.11495e-08 1
0.20911 0.790993
0.118014 0.882066
0.97696 0.0240195
0.648843 0.35185
0.443722 0.556478
0.689922 0.310518
0.782579 0.218026
0.0199687 0.980448
0.942415 0.0579296
0.884406 0.116435
0.679231 0.321031
0.628647 0.372027
0.413906 0.586331
0.311153 0.689171
0.607434 0.392796
0.331603 0.668544
0.949681 0.0519629
0.198953 0.801136
0.730575 0.2699
0.351975 0.648091
0.720146 0.280396
0.484662 0.515455
0.61797 0.38241
0.567434 0.433194
0.361992 0.638163
0.638316 0.362035
0.587461 0.412992
0.795816 0.206295
0.0861228 0.913898
0.250011 0.750142
0.290473 0.709791
0.0360271 0.964341
0.555988 0.444325
0.832938 0.167739
0.045893 0.954204
0.76292 0.238633
0.260025 0.740149
0.453373 0.547128
0.097985 0.902078
0.464206 0.53588
0.495149 0.50557
0.10802 0.89206
0.0273781 0.972968
0.137807 0.862325
0.75058 0.24969
1 1.69582e-08
0.392693 0.60751
0.341792 0.658301
0.0764753 0.923601
0.402679 0.597545
0.188788 0.811278
0.525412 0.474934
0.536715 0.463849
0.433997 0.566573
0.771656 0.228891
0.958794 0.0416028
0.42367 0.57645
0.229507 0.770609
0.178553 0.821586
0.658936 0.341336
0.670533 0.33067
0.372291 0.627869
0.918882 0.0839739
0.127974 0.872102
