0.951029 0.0489904
0.959148 0.0409107
0.955622 0.0443974
0.947562 0.0524606
0.949917 0.0500927
0.941567 0.0584964
0.949198 0.050814
0.946298 0.0537167
0.952366 0.0476643
0.958983 0.0411198
0.948408 0.0516286
0.955979 0.0440544
0.9558 0.0442601
0.954486 0.0455463
0.940427 0.0596333
0.942881 0.0571574
0.958708 0.0413749
0.942754 0.0573047
0.958025 0.0420594
0.942582 0.0574661
0.956753 0.0433031
0.947368 0.0526582
0.952995 0.0470311
0.940388 0.339723
0.942398 0.0577251
0.946532 0.0535001
0.946682 0.0533483
0.948732 0.0512896
0.944269 0.0557617
0.947214 0.0528188
0.951888 0.0481287
0.950123 0.0498814
0.944518 0.0555134
0.961411 0.0402313
0.957014 0.0430593
0.953539 0.0464932
0.959393 0.0406811
0.957653 0.042387
0.94309 0.0569852
0.954278 0.0457501
0.953923 0.046103
0.94895 0.0510649
0.955142 0.0448817
0.941386 0.0586589
0.95336 0.0466576
0.945951 0.0540909
0.943242 0.0567918
0.953208 0.0468253
0.957825 0.0422208
0.941883 0.0581735
0.952203 0.0478281
0.951727 0.0482851
0.950854 0.0491631
0.947816 0.0522128
0.943717 0.0563414
0.957169 0.0429005
0.943445 0.0566048
0.949577 0.0504335
0.955478 0.0445587
0.950335 0.0496677
0.944755 0.0552673
0.942123 0.0579347
0.959845 0.0403718
0.954905 0.0451095
0.958192 0.0418745
0.945263 0.054793
0.942265 0.0578379
0.95057 0.0494384
0.949775 0.0502337
0.955253 0.0447755
0.945432 0.0546095
0.943954 0.0560761
0.940803 0.0593298
0.946843 0.0531778
0.951593 0.0484286
0.957356 0.0426829
0.940951 0.0592199
0.991904 0.040187
0.956294 0.04374
0.948185 0.0518465
0.95656 0.0434887
0.95258 0.0474452
0.952723 0.0472996
0.951409 0.0486067
0.944977 0.055043
0.948543 0.051471
0.941128 0.0589768
0.960332 0.0402549
0.948044 0.0519778
0.951167 0.048845
0.953761 0.046278
0.952028 0.0479972
0.945719 0.0543126
0.958561 0.0415145
0.949406 0.0506108
0.954703 0.0453182
0.946092 0.0539282
0.959664 0.0404342
0.947016 0.0530164
0.954158 0.0458689
