0.311209 0.688954
0.956585 0.0440449
0.668742 0.331504
0.597948 0.402645
0.678727 0.321367
0.423439 0.576661
2.14622e-08 1
0.168112 0.831987
0.403195 0.596897
1 1.99941e-08
0.120038 0.880061
0.586796 0.41324
0.781815 0.218557
0.557197 0.443283
0.689263 0.310969
0.745568 0.256676
0.035923 0.96416
0.576963 0.423245
0.617987 0.382219
0.158107 0.841938
0.444099 0.556073
0.41319 0.586893
0.771523 0.228801
0.372488 0.627568
0.882745 0.117285
0.525465 0.475001
0.351965 0.648101
0.249908 0.750217
0.72957 0.270662
0.362212 0.637804
0.0099775 0.99014
0.229593 0.770481
0.915416 0.086057
0.14796 0.8521
0.752085 0.248628
0.433178 0.567029
0.842181 0.15803
0.188766 0.811359
0.341802 0.658382
0.966947 0.0339927
0.14208 0.85811
0.289994 0.710269
0.321352 0.678763
0.647957 0.352129
0.710196 0.290193
0.0459214 0.954206
0.873781 0.126719
0.924095 0.075977
0.270293 0.729837
0.895529 0.105935
0.065989 0.934059
0.494671 0.505489
0.638206 0.362061
0.719441 0.28072
0.974665 0.0272892
0.382778 0.617283
0.80156 0.198876
0.700024 0.300382
0.832161 0.168045
0.658146 0.342154
0.934541 0.0660019
0.987502 0.0139835
0.280498 0.719662
0.464118 0.536074
0.331617 0.668465
0.107981 0.892127
0.19897 0.801086
0.219387 0.780625
0.566585 0.433544
0.453956 0.546205
0.0175196 0.982626
0.546028 0.454029
0.514795 0.485687
0.0996143 0.900459
0.607528 0.392677
0.627723 0.372373
0.13607 0.864183
0.0755773 0.924475
0.239767 0.76028
0.945338 0.0558451
0.128079 0.872064
0.209491 0.790531
0.47405 0.526023
0.791763 0.208635
0.300941 0.699164
0.904779 0.095912
0.82227 0.17809
0.484629 0.515473
0.761206 0.239171
0.178561 0.821474
0.862447 0.137868
0.0257716 0.974364
0.504956 0.495269
0.0560093 0.944065
0.851611 0.148719
0.26017 0.739856
0.811229 0.188782
0.536305 0.464027
0.0867136 0.913317
0.392805 0.607291
