0.285807 0.157945 0.791531
0.0319458 0.305068 0.67904
0.138095 0.613492 0.276791
0.248914 0.517404 0.310446
0.256003 0.652856 0.130252
0.0282585 0.740321 0.236214
0.0998267 0.272996 0.638358
0.201076 0.461655 0.385496
0.251011 0.725472 0.0344535
0.235886 0.545752 0.272688
0.209172 0.559983 0.254827
0.204844 0.569667 0.240551
0.383273 0.600076 0.20002
0.0657764 0.915687 0.0343089
0.0782193 0.10759 0.8595
0.102649 0.557061 0.345627
0.208901 0.529123 0.295166
0.212715 0.619641 0.175481
0.171108 0.537376 0.304316
0.358953 0.428596 0.42863
0.0268513 0.0343102 0.961197
7.2499e-08 1.87981 1.8643e-07
0.100446 0.507127 0.407952
0.101026 0.388024 0.515502
2.00547e-08 1.8747e-08 1
0.0336142 0.873502 0.101617
0.139907 0.214635 0.717679
0.0233705 0.269936 0.708932
0.170084 0.411709 0.45329
0.0318015 0.167867 0.812607
0.0633112 0.537082 0.402884
0.247698 0.590737 0.212944
0.36449 0.631997 0.15797
5.91644e-08 2.07173 6.88279e-08
0.61872 0.714589 0.0476345
0.177637 0.364928 0.518806
0.0669139 0.340453 0.611513
0.218707 0.333576 0.555947
0.169146 0.446906 0.40626
0.18594 0.230894 0.693218
0.293899 0.577482 0.231006
0.0973797 0.244999 0.678144
0.293644 0.500434 0.33332
0.0677915 0.0655407 0.916245
0.169306 0.643866 0.19959
0.238326 0.699009 0.0698843
0.142122 0.316406 0.580052
0.191423 0.187633 0.750376
0.231769 0.12005 0.840804
0.0332844 0.638339 0.335933
0.0326516 0.377502 0.607611
0.20154 0.30023 0.600821
0.100649 0.481615 0.449227
0.0081733 0.962569 0.0343654
0.344606 0.685988 0.0857491
0.394371 0.35294 0.529798
0.0675095 0.20201 0.742824
0.126999 0.713329 0.169789
0.13218 0.346125 0.539555
0.394676 0.46894 0.375337
0.513509 0.206963 0.725038
0.135355 0.148637 0.802769
0.0317219 0.606871 0.373742
0.0323421 0.0870636 0.896953
0.148253 0.82586 0.0340452
0.236635 0.67821 0.0968904
0.140422 0.79212 0.0685852
0.0223029 0.23887 0.751221
0.210787 0.261391 0.653385
0.344818 0.0446745 0.941715
0.0665086 0.434104 0.507718
0.338924 0.0958146 0.874094
0.305257 0.668285 0.109241
0.270251 0.37549 0.499996
0.168166 0.708739 0.134913
0.245195 0.645879 0.140116
0.25864 0.250572 0.668605
0.0314307 0.77277 0.202252
0.0678214 0.785076 0.170502
0.0311068 0.0537228 0.93
0.0328147 0.678289 0.307607
0.0187594 0.494346 0.492768
0.16802 0.734028 0.100201
0.0829656 0.647331 0.271504
0.338329 0.387337 0.484332
0.102228 0.28372 0.624026
0.232697 0.481116 0.360598
0.10146 0.0750699 0.902558
0.0891575 0.680887 0.238867
0.173719 0.393701 0.47512
0.181061 0.429565 0.429522
0.16818 0.487157 0.356722
0.0240571 0.546279 0.443515
4.45094e-08 1.91788 7.43848e-08
0.118116 0.176749 0.765968
0.0626542 0.171008 0.783225
0.066494 0.818891 0.136641
0.0571959 0.134309 0.822136
0.0298164 0.415631 0.569478
0.151735 0.324363 0.568012
