0.810329 0.106028 0.0998923
0.0318231 0.734512 0.241913
0.215793 0.0974892 0.716192
0.139882 0.765792 0.105861
0.72799 0.10565 0.176034
0.376015 0.0596108 0.575268
0.0296081 0.773582 0.201789
0.0945669 0.896358 0.034349
0.348831 0.699458 0.117028
0.0161921 0.0344256 0.96582
0.212103 0.687084 0.142378
0.0999957 0.749118 0.173387
0.842442 0.132279 0.0669519
0.851131 0.0334771 0.127898
0.274394 0.0675225 0.687718
0.0336244 0.136246 0.851013
0.133294 0.318968 0.602611
0.449009 0.147063 0.409067
0.551813 0.031614 0.444747
3.16968 6.42933e-08 5.66921e-08
0.243495 0.0358222 0.73447
0.130294 0.461778 0.426039
0.254677 0.746313 0.035867
0.643042 0.0261271 0.339992
2.64708e-08 1 6.81705e-09
0.517264 0.206663 0.310351
0.604303 0.0283386 0.376403
0.243444 0.731951 0.0597652
0.301862 0.103109 0.609321
0.539294 0.169845 0.30632
0.0340322 0.389327 0.60039
0.0919487 0.510298 0.408329
0.76862 0.0343075 0.208366
0.0657501 0.288136 0.658263
0.0279503 0.646262 0.352125
0.140549 0.0612481 0.817836
0.0172821 0.535466 0.463607
0.401895 0.133839 0.471829
0.0235085 0.274546 0.719537
0.155739 0.504295 0.368103
0.0292354 0.102177 0.891115
0.0203235 0.341579 0.648254
0.131455 0.448412 0.444012
0.0646735 0.669961 0.271605
0.415875 0.136567 0.452998
0.59012 0.271727 0.213227
0.105667 0.335024 0.577531
0.0167803 0.961377 0.0342997
0.206013 0.722202 0.0881535
0.687702 0.215431 0.0977
0.312286 0.138673 0.584462
0.141441 0.355621 0.554829
0.88837 0.0960641 0.030836
0.910416 0.0330164 0.0655
0.545877 0.204641 0.281698
0.349858 0.0257658 0.655836
1.50202e-08 2.80148e-08 1.00024
0.138464 0.525368 0.349222
0.0521865 0.175425 0.805846
0.102172 0.0324328 0.885518
0.467335 0.154935 0.381549
0.725507 0.252248 0.03492
0.418518 0.0594915 0.537985
0.177955 0.427129 0.46829
0.0954628 0.257953 0.70449
0.0660937 0.875112 0.0660238
0.0717713 0.429408 0.50222
0.021768 0.584209 0.413542
0.100559 0.616352 0.29046
0.105211 0.387618 0.514366
0.356433 0.139765 0.526299
0.172429 0.014665 0.821242
0.939624 0.0327587 0.0301792
0.248029 0.659267 0.167812
0.0326683 0.20559 0.771565
0.578048 0.188327 0.237628
0.428139 0.0230569 0.574391
0.138471 0.483335 0.399705
0.62124 0.208123 0.173205
0.514523 0.031537 0.481947
0.03198 0.881863 0.0994303
0.0642358 0.810822 0.137007
0.428674 0.206963 0.428658
0.138304 0.682008 0.205718
0.487551 0.197214 0.350384
0.377009 0.175718 0.497585
0.279956 0.13911 0.630649
2.10132 9.31768e-08 3.9652e-08
0.0332178 0.453681 0.530614
0.201786 0.592265 0.256538
0.699192 0.251014 0.0693401
0.175217 0.816632 0.0675419
0.173398 0.638967 0.212582
0.649573 0.239485 0.134312
0.668534 0.106148 0.24987
0.172774 0.552614 0.310019
0.169959 0.0613438 0.781599
0.244498 0.0995594 0.674503
0.226072 0.623323 0.222098
0.697814 0.0320798 0.277943
