0.273113 0.252581 0.636826
0.57226 0.04372 0.563651
0.750061 0.162575 0.0978886
0.90245 0.0924317 0.369639
0.681189 0.113054 0.266581
0.239985 0.102711 0.681323
0.428458 0.28516 0.428894
0.39761 0.134666 0.471551
2.8869e-08 3.0646e-08 1.0618
0.521853 0.0993673 0.394065
0.202844 0.101801 0.729933
0.0326895 0.0333616 0.963761
0.16578 0.0681067 0.784292
0.101446 0.0350196 0.86746
0.413727 0.0672586 0.539639
0.0702583 0.101631 0.906995
0.620831 0.206357 0.174605
1.2903 0.0670289 0.399453
1.14119 0.104617 0.314297
0.480131 0.241354 0.361382
0.489524 0.200649 0.347319
0.261832 0.22614 0.655214
0.120495 0.0508075 0.843687
0.451698 0.0390231 0.586522
0.789301 0.0867222 0.391096
0.264462 0.0683909 0.684501
0.286264 0.0370577 0.779847
0.648434 0.238777 0.136713
0.409584 0.138349 0.454749
0.0809072 0.245811 0.895769
0.667828 0.0533904 0.534096
0.513403 0.175037 0.316119
0.808203 0.175838 0.0255184
0.333666 0.141946 0.556574
0.698825 0.239806 0.0690738
0.685847 0.403152 0.0860422
0.577766 0.338627 0.230596
0.374277 0.0658682 0.57205
0.87433 0.123149 0.205624
0.0494552 0.0574632 0.936018
0.312133 0.132005 0.584476
0.0880899 0.28157 0.883025
0.669595 0.326915 0.111823
0.389224 0.133463 0.487078
0.727173 0.249786 0.0351393
0.214349 0.121444 0.714971
0.534698 0.247479 0.28876
0.365609 0.196025 0.513657
0.546266 0.524445 0.273646
0.809288 0.156709 0.0987647
0.349783 0.0634468 0.607389
0.448997 0.147086 0.408972
0.600873 0.239771 0.200814
0.187708 0.183291 0.752265
1.07953 0.0587872 0.430588
0.575619 0.194204 0.239286
0.68388 0.21408 0.10315
0.256408 2.90141e-08 1.00007
0.565891 0.101787 0.354609
0.471864 0.159427 0.378075
4.88479e-08 2.71657e-08 1.17095
0.631706 0.385857 0.157842
0.567891 0.395337 0.242842
0.172284 0.09563 0.774002
0.694331 0.138292 0.178313
1.09975 0.144404 0.144868
0.13651 0.0917959 0.819363
0.286543 0.104233 0.621091
0.458801 0.207055 0.389063
0.341447 0.115062 0.545744
0.517229 0.200425 0.310787
0.712673 0.628578 0.0510323
0.23075 0.104725 0.692739
0.556918 0.227725 0.257456
5.22151e-08 6.8427e-08 1.00007
1.75206 0.144365 0.144868
0.300067 0.207644 0.600248
0.157801 0.0895123 0.790494
0.58981 0.287494 0.21359
0.235127 0.0600727 0.709214
0.14651 0.133927 0.805926
0.107239 0.0645463 0.858305
0.250067 0.142575 0.667527
0.65221 0.371375 0.13085
0.663768 0.118367 0.239011
0.463411 0.083815 0.457827
0.50025 0.360637 0.333515
0.619238 0.122632 0.27085
0.204227 0.0359054 0.796885
0.325488 0.13708 0.569125
0.570174 0.0670214 0.4672
2.34258e-08 3.18821e-08 1.08915
0.524882 0.295718 0.300319
0.375112 0.183228 0.50046
0.829451 0.161831 0.0814985
1.03873 0.126744 0.189457
0.0572769 0.0348012 0.927494
1.0222 0.451751 0.000426151
0.039284 0.12764 0.948567
0.352706 0.173788 0.530259
