0.175846 0.594628 0.235946
0.00878997 0.962842 0.0336903
0.0330464 0.596024 0.386079
0.021503 0.753894 0.2415
0.0663888 0.272839 0.679888
5.33345e-08 1.72743 1.42143e-07
0.165734 0.187184 0.752819
0.17653 0.260906 0.654442
0.208955 0.569078 0.241735
0.00370457 0.465225 0.535483
0.064493 0.895651 0.068464
0.13677 0.345032 0.540121
0.24142 0.702163 0.0675595
0.0826597 0.207536 0.727182
0.275735 0.469019 0.375072
0.277949 0.724916 0.03379
0.390015 0.631738 0.157862
0.148843 0.510248 0.347351
0.198206 0.518449 0.310124
0.326992 0.667633 0.11033
0.208606 0.366213 0.512614
0.0677503 0.30463 0.632136
0.0936417 0.106319 0.858902
4.55807e-08 2.96609 1.58532e-07
0.197302 0.489132 0.348561
0.275492 0.500774 0.333583
0.656277 0.714467 0.0475854
0.0170048 0.516128 0.4816
0.130629 0.214826 0.715292
0.0214185 2.41509 1.29606e-07
0.0971658 0.742359 0.169633
0.167903 0.447694 0.404544
0.231293 0.589962 0.213389
0.142779 0.563876 0.309513
0.000296789 2.74201 1.25917e-07
1.75224e-05 2.94381 1.08123e-07
0.236981 0.649002 0.135288
5.54801e-08 4.47705 1.29606e-07
0.27593 0.0429639 0.943405
0.104975 0.287128 0.620938
0.270257 0.577946 0.230452
0.0254594 0.693669 0.316856
0.188953 0.42918 0.428929
0.412809 0.0968143 0.872471
1.9263e-08 3.4674 1.60942e-07
0.0677003 0.169406 0.775508
0.234275 0.158266 0.790103
0.0920956 0.681094 0.238636
0.0312359 0.817103 0.169613
0.188987 0.786782 0.0338521
0.181239 0.300133 0.600599
0.105004 0.61101 0.287854
0.133058 0.375523 0.500004
1.6e-08 1.61324e-08 1
0.227728 0.230815 0.692604
0.0299256 0.41535 0.587104
0.0340057 0.135791 0.833354
0.0319274 0.875766 0.0987229
0.15097 0.826733 0.0343465
0.217313 0.333427 0.555936
0.171579 0.462067 0.385418
0.112358 0.136392 0.819265
0.0317791 0.034069 0.957332
0.323624 0.545614 0.272869
0.169136 0.324637 0.567611
0.0346293 0.239703 0.781166
0.101182 0.273092 0.638443
0.033943 0.848667 0.1372
0.902121 0.428579 0.428622
0.140755 0.793341 0.0684979
0.132079 0.684451 0.195309
0.213487 0.620054 0.175557
0.232946 0.480292 0.360148
0.204622 0.610186 0.186803
0.281978 0.352958 0.529858
0.394971 0.600158 0.200006
0.034001 0.0537675 0.929545
0.0648033 0.197457 0.739953
0.343669 0.693029 0.0770793
0.234425 0.679198 0.0965281
0.137877 0.314577 0.584024
0.0289293 0.65427 0.344072
0.139356 0.386232 0.487003
0.19847 0.395538 0.473263
0.163525 0.707615 0.134821
0.168109 0.732496 0.100694
0.104635 0.244088 0.675445
0.103617 0.45625 0.461103
0.0325445 0.357576 0.673975
0.124359 0.0752498 0.900207
0.203837 0.119955 0.840359
0.252475 0.652336 0.130423
0.251619 0.532258 0.290656
0.0318449 0.0699571 0.910886
0.171018 0.4114 0.452947
0.0867924 0.914273 0.0343132
0.0874441 0.399183 0.519641
0.0273069 0.380184 0.622066
0.0545202 0.0880952 0.883742
0.0329435 0.549592 0.436386
