0.069178 1.57945 0.207621
0.377375 0.631862 0.1582
0.142753 0.806895 0.0665357
0.38125 0.600235 0.200345
0.127408 0.573029 0.305595
0.0329432 0.168005 0.808054
0.10187 0.390184 0.519447
0.213338 0.333337 0.555983
0.240398 0.405354 0.45966
0.572369 0.677302 0.0970019
0.301012 0.300304 0.600745
0.0679135 0.170832 0.78037
0.0325521 0.053878 0.929302
0.0611132 0.560176 0.384974
0.139328 0.421377 0.460452
0.208253 0.634599 0.173695
0.135551 0.346412 0.54104
0.106649 0.4824 0.41528
0.144053 0.0431314 0.942903
0.188487 0.784939 0.0342568
0.0899187 0.679948 0.239004
0.333306 0.577292 0.231189
0.0625513 0.896998 0.254114
0.171056 0.487874 0.356108
0.028089 0.47931 0.625841
0.0386314 0.792981 0.309485
0.0445371 0.654177 0.311105
0.285712 0.61785 0.176591
0.030951 0.134929 0.842571
0.101893 0.0749766 0.901907
0.237804 0.648402 0.136992
0.100854 0.134634 0.821712
0.0203002 0.0325477 0.959238
0.0655193 0.305664 0.645039
0.170527 0.320741 0.573121
0.132198 0.601886 0.267733
0.207055 0.569733 0.240784
0.086553 0.754971 0.182742
0.115418 0.261388 0.653958
0.116159 0.28671 0.621535
0.0879509 2.29662 0.088192
0.0657528 0.105656 0.860744
0.219215 0.473957 0.368999
0.306281 0.353677 0.530759
0.0865078 1.03416 0.166603
0.176583 0.621967 0.207604
0.0983971 0.864218 0.148082
0.216488 0.120018 0.840746
0.235298 0.713629 0.0674337
0.258065 0.375834 0.501636
0.407118 0.499948 0.333703
0.0639986 0.351057 0.599964
0.192374 0.808554 0.00024699
0.0984765 0.244368 0.67653
0.200826 0.157602 0.792146
0.127046 0.711612 0.171085
0.281069 0.706546 0.0588624
0.0715544 0.488734 0.45772
0.206757 0.463058 0.38472
0.038584 0.61584 0.349511
0.228014 0.491666 0.344961
0.205246 0.430767 0.42791
0.152614 0.828011 0.034388
0.101571 0.273832 0.637655
0.242612 0.534616 0.28812
0.0414584 0.831699 0.291285
0.167628 0.448632 0.40507
0.102482 1.29941 0.102391
0.0876608 4.39992 0.0878377
0.178811 0.393806 0.476616
0.132022 0.315276 0.585231
7.25448e-09 1.36692e-08 1
0.0673141 0.199739 0.740151
0.121854 1.66357 0.0637749
0.381333 0.694166 0.0774082
0.313372 0.652443 0.130729
0.130215 0.759813 0.129206
0.026263 0.332032 0.679137
0.0459556 1.02101 0.276159
0.176968 0.14659 0.805636
0.0630702 0.705317 0.279906
0.131606 0.217352 0.710463
0.0361287 0.632957 0.361895
0.191221 0.525348 0.300784
0.141409 1.16442 0.0475915
0.27567 0.724797 0.0340317
0.336035 0.206979 0.724774
0.33904 0.088022 0.883302
0.28195 0.667945 0.109447
0.0250856 0.239344 0.754242
0.176014 0.735995 0.103756
0.0520018 0.0687152 0.911837
0.199178 0.367388 0.513897
0.339884 0.545569 0.272862
0.18379 0.187831 0.750027
0.977115 0.428638 0.428909
0.226446 0.230855 0.692859
0.239031 0.517456 0.310724
0.912468 0.480639 0.360735
0.246055 0.589942 0.21359
