0.181393 3.80327
0.47986 2.58513
0.877727 1.80659
0.200463 3.54131
0.443506 2.66081
0.216186 3.42406
0.332955 3.19994
1.24904 1.3662
0.403626 2.81986
0.895039 1.78746
0.862396 1.82894
0.353391 3.09433
0.243224 3.36161
1.74101 0.80797
0.193814 3.61716
1.21017 1.47588
0.343403 3.14791
0.655789 2.44888
1.8768 0.48206
0.322 3.2483
1.91323 0.394202
1.19622 1.51337
2.04421 0.18979
2.00546 0.22833
0.174504 3.92646
1.9249 0.368105
1.28573 1.26298
1.23645 1.40215
0.372306 2.98801
0.382077 2.93323
1.61475 0.9501
2.10227 0.163291
1.0866 1.72167
1.95437 0.308152
2.02244 0.20913
2.15836 0.159398
0.394693 2.86517
1.50878 0.960253
0.922525 1.76875
1.64755 0.932315
1.99094 0.247673
0.363 3.04068
1.75426 0.781505
1.39445 1.03149
1.71088 0.860435
0.814321 1.93381
1.32326 1.16654
1.27359 1.29656
1.4683 0.968922
0.798734 1.97852
1.86074 0.522854
1.11252 1.6895
1.22353 1.43876
1.34919 1.10905
0.429945 2.70605
0.510732 2.56253
1.78949 0.702762
0.727968 2.22147
0.457768 2.62351
0.416591 2.75975
1.69313 0.885903
1.83023 0.60136
1.36324 1.08171
0.310132 3.29165
0.631221 2.50039
0.225202 3.38875
0.74015 2.17755
1.33572 1.13783
1.14735 1.62853
1.29734 1.2318
0.716064 2.26386
1.31023 1.1985
1.81044 0.651562
1.05927 1.74368
0.698722 2.3234
0.766459 2.08391
1.72666 0.834348
0.83094 1.89165
1.89517 0.43671
2.06905 0.174436
0.678109 2.38845
1.37803 1.05607
1.77835 0.728821
1.13059 1.66034
1.84916 0.552613
1.94248 0.331229
1.18171 1.55054
1.97543 0.27131
1.4146 1.00692
1.76676 0.754839
1.26016 1.33446
1.67219 0.910865
0.605833 2.53559
0.75378 2.12857
0.850931 1.84915
1.43732 0.98629
1.16629 1.58747
0.159398 4.1594
0.953836 1.76049
0.782655 2.02918
