0.069464 3.73816 0.195948
0.069464 3.32975 0.884332
0.568371 0.169389 2.47818
1.0893 0.410823 0.334909
0.069464 3.5572 0.456408
0.069464 2.29907 1.77262
0.254026 1.28034 1.32928
0.33367 1.56269 0.852597
1.41707 0.224577 0.117901
1.07544 0.597907 0.069464
0.686072 0.452811 1.29378
0.883383 0.631496 0.363824
0.388829 0.278016 2.63368
0.868766 0.525277 0.881956
1.74123 0.123615 0.069464
0.35719 0.759426 1.92843
0.948401 0.648862 0.118017
0.280172 0.492754 2.53521
0.339343 0.918631 1.5477
0.069464 4.06731 0.069464
1.55825 0.128114 0.243279
0.561892 1.16472 0.353803
1.12897 0.319671 0.621768
0.498247 1.25544 0.488684
0.201816 0.14315 3.90407
2.06841 0.069464 0.069464
1.19373 0.217733 0.964863
1.37129 0.320696 0.069464
0.069464 0.069464 6.06946
0.178866 0.779463 2.50196
1.21328 0.263456 0.574392
0.47443 0.473268 2.19635
0.392629 1.57884 0.348113
0.793371 0.632083 0.836134
0.415865 1.33895 0.832876
1.13497 0.069464 1.98228
0.773134 0.303715 1.39538
0.628607 0.34277 1.89222
1.90235 0.069464 0.198627
0.403081 0.883433 1.33077
0.613642 1.32594 0.069464
0.36384 1.7332 0.213843
0.258884 1.78741 0.923961
0.597364 0.950213 0.811055
0.650652 1.00834 0.308782
0.313547 1.77229 0.471134
0.7631 0.242821 1.72179
0.176005 2.77967 0.069464
0.472148 0.724155 1.36108
0.743363 0.744593 0.673927
0.868003 0.158202 1.79662
1.75315 0.069464 0.682125
0.236505 2.24632 0.151261
0.644855 0.397589 1.54504
0.677829 1.05855 0.122428
0.735473 0.91786 0.18076
1.14696 0.429359 0.120528
1.2666 0.289683 0.226177
0.420082 1.80612 0.069464
0.170747 1.44159 1.5936
0.687853 0.069464 2.8981
0.85999 0.763846 0.12244
0.188356 0.545047 3.02275
0.632606 0.786822 1.10687
0.423426 0.691899 1.69153
0.245138 2.00949 0.508428
0.172203 2.24617 0.758643
0.42841 0.183605 2.8981
0.990158 0.447353 0.621768
0.802964 0.972918 0.069464
0.166352 2.41218 0.453555
0.271257 0.97969 1.8975
0.901385 0.22038 1.33077
0.960166 0.377916 1.07708
1.33091 0.069464 1.33096
0.913819 0.069464 2.46899
0.069464 2.59289 1.33076
0.553642 0.552516 1.43813
0.169847 1.65687 1.29477
0.178556 1.27508 1.94426
0.29292 0.305023 3.15129
0.444473 1.37388 0.518994
0.238038 2.46092 0.069464
0.16161 2.6223 0.159437
1.21716 0.345957 0.167008
0.703421 0.874904 0.430551
0.590259 1.22645 0.126366
1.04286 0.146307 1.30201
0.520567 0.511007 1.75855
1.05576 0.49687 0.167008
0.069464 0.586139 3.96259
0.069464 1.61684 2.47744
0.9847 0.553045 0.222443
0.768786 0.801448 0.334192
1.42909 0.138123 0.621768
1.50594 0.176605 0.117901
1.36727 0.188771 0.431595
0.331134 1.12222 1.28155
0.47971 1.47355 0.13211
0.301171 1.99331 0.146779
