1.62567 0.839921
0.282283 3.10635
0.339845 2.79126
1.57626 0.883049
0.168642 3.327
0.241799 3.26282
2.00578 0.11924
0.362067 2.68727
0.292664 3.05167
1.8988 0.245828
0.410109 2.54497
1.80331 0.463617
1.1361 1.46115
1.98805 0.130533
0.634082 2.28744
1.92115 0.207525
0.271407 3.15874
1.6442 0.815571
1.33246 0.979254
1.1883 1.31629
1.67665 0.762159
1.10715 1.53229
0.389895 2.59047
0.330822 2.83876
1.66085 0.789835
0.810185 1.76205
0.571662 2.44526
0.260049 3.20617
1.73595 0.634314
1.43013 0.905192
0.845269 1.72258
0.430068 2.51825
1.05225 1.63493
1.88613 0.270129
1.28783 1.0582
0.181695 3.30594
0.37587 2.63427
1.17631 1.3505
0.703563 2.0433
1.85151 0.344972
1.94869 0.168959
1.16342 1.38694
0.348799 2.74687
0.137393 3.54047
1.23798 1.17764
0.650179 2.23364
1.72517 0.659877
1.3505 0.955862
1.12139 1.4985
0.58855 2.41242
2.10048 0.101463
1.37147 0.934728
1.93427 0.187944
0.827004 1.73993
1.76584 0.559927
1.31637 1.00428
0.776457 1.82573
0.676594 2.13991
0.321658 2.88911
1.22492 1.21292
1.39843 0.916351
1.2746 1.08705
0.668236 2.16999
0.716107 1.99996
1.86747 0.309073
1.96939 0.146357
0.998911 1.68716
1.20055 1.28131
1.68929 0.737853
1.21198 1.24892
1.75166 0.595718
0.549816 2.47563
0.458625 2.50312
1.15006 1.42388
0.86706 1.70974
1.26191 1.1168
1.45524 0.902018
0.602133 2.3803
1.25026 1.14573
2.04469 0.105285
1.90993 0.225988
1.71386 0.685748
0.759014 1.86882
1.02558 1.66682
0.897519 1.70239
1.82137 0.417844
1.70251 0.710584
1.785 0.510741
1.08774 1.57396
0.790167 1.79668
1.30161 1.0307
1.60361 0.862987
0.742282 1.91613
0.726487 1.96548
0.302631 2.99646
1.0708 1.60565
1.83947 0.373393
0.621264 2.32728
0.688365 2.09745
0.312264 2.942
