0.141895 0.726276 2.39659
0.259175 0.455726 2.39069
9.5156e-06 0.214228 4.77079
0.0794276 1.74565 1.73861
0.227282 1.13855 2.08275
0.832631 0.193769 1.63292
1.03346 0.0605716 1.91602
0.930232 0.146891 1.22771
0.385447 0.768495 1.91783
0.35195 0.908774 1.23403
0.664917 0.361322 1.56921
0.167143 0.584581 2.88603
0.488522 0.637119 1.27347
0.468333 0.680713 1.2297
0.156668 0.630827 2.68412
0.511125 0.572434 1.5358
0.17873 0.537291 3.14803
0.145386 0.173824 3.58497
0.248293 1.16817 1.23897
0.323392 0.322011 2.48225
0.322366 0.976406 1.23604
0.656627 0.403667 1.2277
0.261924 1.10142 1.40207
0.328795 0.91894 1.54071
0.532814 0.0761537 2.88127
1.1378 0.0407041 1.22761
0.314447 0.362169 2.38992
0.382139 0.254404 2.41024
0.376912 0.808034 1.61003
0.561747 0.499742 1.49533
0.916369 0.121996 1.96211
1.38865 3.14876e-05 1.19245
0.285992 0.364316 2.63245
0.1662 1.32962 2.16588
0.604599 0.063852 2.38992
0.966161 0.101786 1.64335
0.245553 0.409662 2.96095
0.224612 1.2109 1.38288
0.520823 0.610088 1.19243
0.877341 0.185372 1.2277
0.292489 1.34007e-05 4.97441
0.548605 0.549555 1.23149
1.1203 0.0526865 1.19243
0.0916972 0.27625 3.58601
0.0674076 1.88756 1.25711
0.0727172 1.81508 1.47311
0.530826 0.531746 1.68176
0.29792 1.00879 1.39321
0.480464 0.610421 1.69458
0.101414 0.202791 3.93266
0.122444 1.60491 1.25346
0.227284 0.457966 2.78423
0.442159 0.188862 2.40005
0.189014 0.0880486 3.73391
0.694308 0.359197 1.2277
0.612544 0.460589 1.22798
0.0879527 1.67024 2.06138
0.732005 0.312321 1.26441
5.26951e-05 2.77886 1.19247
0.425261 0.757845 1.23403
0.283209 1.07299 1.23845
0.887457 0.16325 1.40223
0.187978 1.31322 1.49578
0.122279 0.123688 4.68401
0.0750029 0.975133 2.38993
0.589996 0.454533 1.57802
0.212565 0.514077 2.53924
0.982117 0.1138 1.22771
0.150079 1.41292 1.86287
0.618108 0.411457 1.67955
0.681137 0.339475 1.62518
1.08353 0.0492586 1.52489
0.0808712 0.882766 2.64827
0.471979 0.135365 2.61472
0.380949 0.846291 1.23403
1.47986e-05 1.47986e-05 6.00001
0.350149 0.265343 2.66945
0.268054 0.0398169 3.58497
1.00811 0.0878214 1.40318
0.211776 1.27669 1.24313
0.445075 0.66871 1.72857
0.374655 0.22385 2.82464
0.576399 0.50634 1.2448
1.04919 0.0776021 1.2277
0.515661 0.125629 2.38992
0.355687 0.865413 1.47346
0.193835 0.484867 3.42175
0.800861 0.250804 1.22302
0.771753 0.256892 1.44781
0.0900941 0.810484 2.99283
0.132514 1.52264 1.48586
0.767524 0.285027 1.21096
0.416584 0.738874 1.50298
0.79902 0.217752 1.72858
0.439616 0.710159 1.36542
0.170002 1.41688 1.24742
0.721469 0.296118 1.62518
0.830048 0.219279 1.26441
0.415051 0.165909 3.08052
0.198299 0.587028 2.38992
