0.35689 0.23779 2.96827
1.51307 0.114678 0.0510197
0.423831 0.741208 1.35126
0.999551 0.500294 0.355128
0.322892 0.323051 2.48027
1.17729 0.319569 0.451332
1.28904 0.237167 0.30474
0.585846 1.17151 1.78915e-05
0.298565 1.87668 0.0601905
0.618986 0.453244 1.21973
0.0977427 2.73337 0.0883357
0.245734 2.05294 0.0796082
1.44124e-05 1.66106 2.38993
0.478447 0.11702 2.86948
0.192547 2.21238 0.438207
1.94868 1.79021e-05 0.476203
1.12766 0.400574 1.78915e-05
0.21632 0.541353 2.39194
0.127577 0.69004 2.93597
0.210721 2.10855 0.796797
0.487499 1.34836 0.165521
0.931158 0.155564 1.19243
4.01997e-05 4.00004 4.01997e-05
0.685898 0.380636 1.19322
0.791131 0.792531 0.105792
0.756049 1.78978e-05 3.15876
0.702009 0.956879 1.78915e-05
1.34243 0.214882 0.0510248
1.57593 0.0718869 0.483517
0.44359 1.43837 0.291598
0.264773 1.14724 1.19243
0.724641 0.309569 1.36825
1.37464 0.182498 0.22698
0.118361 1.54202 1.86915
0.826857 0.747633 0.0510167
1.35049 1.79027e-05 1.39155
1.39154e-05 1.4345 3.93107
0.178095 2.32064 0.0883358
1.05953 0.0795126 1.19243
0.835707 0.226649 1.19621
0.545272 1.21254 0.251481
1.44918 0.154721 1.78915e-05
0.61808 1.0872 0.0883943
1.39337 1.7903e-05 1.19454
0.608253 0.404949 2.04858
0.412292 1.54716 0.0654892
0.937548 0.592152 0.109065
0.837888 0.184654 1.7534
0.555174 0.553947 1.19356
0.776961 0.835127 1.78915e-05
0.251487 0.383952 3.19688
0.46845 1.40906 0.0601903
0.340433 0.933532 1.23901
0.897025 0.663309 1.78915e-05
1.22426 0.304407 0.0510167
0.229017 0.45747 2.74888
0.19767 1.28276 1.48214
0.505773 0.589623 1.43391
1.02931 0.485775 0.104325
0.267622 1.9297 0.441264
0.731108 0.879176 0.16552
0.472386 0.665635 1.26676
0.781266 0.262926 1.26676
0.380464 1.59993 0.303507
0.579841 0.482364 1.40158
0.900182 0.621614 0.325449
1.65853 0.0587575 1.78915e-05
0.987151 0.0907858 1.62418
1.27401 0.27287 1.78915e-05
0.139591 0.139278 3.90141
0.586041 1.78964e-05 6.00001
1.41946 0.143806 0.573799
0.518224 1.29561 0.0601905
0.290672 1.01649 1.48242
0.196395 0.103999 3.58497
1.40047e-05 1.47519 3.48305
0.113756 0.825609 2.38993
0.636413 1.78965e-05 5.62715
1.08326 0.415229 0.291598
0.115758 2.5464 0.795697
0.216791 1.19063 1.80837
0.42113 0.206366 2.41673
6.26053e-05 6.26053e-05 6.00006
1.17128 0.359585 1.78915e-05
0.358884 1.69297 0.0640463
0.654074 1.02553 0.0575983
0.18546 1.39206 1.19245
0.845035 1.78985e-05 2.41011
0.365079 0.860245 1.34507
0.108019 1.62569 1.51526
0.316284 1.7933 0.234863
0.857407 0.692349 0.15016
0.406952 0.814039 1.19243
1.99984 1.7908e-05 1.78915e-05
0.10169 1.72729 1.19613
0.543274 0.104029 2.38993
1.07073 0.458027 1.78915e-05
0.98336 0.555367 1.78915e-05
0.130381 0.199387 3.58497
0.106571 2.6319 0.426315
