0.490288 0.648112 1.21009
0.716686 0.317696 1.37177
0.859458 0.174872 1.5864
1.1021 0.4194 0.0268706
0.340399 0.933514 1.23898
0.989531 0.0900042 1.60737
0.551292 1.22481 0.060175
0.380551 1.6003 0.296976
0.431627 1.47665 0.209079
1.68904e-05 1.6645 2.38993
0.518656 1.29411 0.0630589
0.0966967 2.77151 3.19371e-05
1.67056e-05 1.58872 2.5892
0.90629 0.625848 0.167864
0.839266 0.227214 1.19244
0.667718 0.998005 0.0889882
0.120433 0.726045 2.78079
1.33851 0.217537 0.0510762
1.01638 0.508381 0.0374241
0.406919 0.814126 1.19244
0.217448 2.06932 0.978778
0.356677 0.237468 2.9779
0.112591 0.829607 2.38993
0.619145 0.448095 1.24376
3.19183e-05 4.00003 3.19183e-05
0.240833 2.09717 3.19208e-05
0.505786 0.58962 1.43391
0.764548 0.257242 1.55742
0.317228 1.79006 0.238267
0.185081 1.39007 1.19437
0.132405 0.660006 3.13124
0.139598 0.137449 3.92621
0.118943 1.53942 1.87114
0.271019 1.08388 1.3514
0.295768 0.985901 1.67154
1.05973 0.0794292 1.19244
0.170317 2.38492 3.19208e-05
0.725441 0.877076 0.291545
0.358193 0.865947 1.41913
0.610505 0.404917 1.98623
0.217466 0.543512 2.38993
0.794005 0.79539 0.0545309
0.297325 1.90166 3.19208e-05
1.04138 0.481339 0.0785598
0.421497 0.209754 2.40188
0.685544 0.381218 1.19311
1.05098 0.43136 0.630485
0.10836 1.62436 1.51186
1.1699 0.34147 0.163487
0.389944 2.09349e-05 3.58498
0.931451 0.155373 1.19244
0.348917 1.74276 3.19371e-05
1.2837 0.241088 0.304737
0.182699 2.27501 0.249097
0.236299 0.0640051 3.58497
1.41771 0.166561 0.0510873
0.21732 1.18778 1.82325
0.264751 1.14733 1.19244
0.322605 0.323167 2.48295
1.14412 0.376495 0.0414636
2.00004 3.90008e-05 3.90008e-05
0.414751 1.56127 3.19371e-05
1.27212 0.269556 0.0322275
0.201196 2.16156 0.603585
0.270219 1.92942 0.355173
0.115904 2.54511 0.79683
1.22276 0.305626 0.0510762
0.762158 0.835515 0.115707
0.2553 0.379546 3.1559
1.64657 0.058742 0.0510832
1.4488 0.13354 0.394146
1.56397 0.0747546 0.572158
0.470035 1.4239 3.19183e-05
0.423423 0.741638 1.35438
0.595892 1.10937 0.263895
0.712454 0.929112 0.0318438
0.828982 0.74454 0.0510762
1.51746 0.112517 0.0510832
7.6234e-05 7.6234e-05 6.00008
0.578677 1.18596 3.1926e-05
0.635848 1.06289 0.037424
0.585676 1.17189 3.19836e-05
0.102285 2.67099 0.306694
0.578422 0.483924 1.40375
0.197664 1.28291 1.48224
0.450775 0.677935 1.4826
0.228798 0.458349 2.74397
0.553727 0.552497 1.19827
0.685872 0.946547 0.249097
0.952447 0.586816 0.0194697
0.101976 1.73414 1.19244
0.543184 0.104094 2.38993
1.67667e-05 0.797646 3.59593
0.473774 0.116221 2.9774
0.486872 1.34526 0.205149
0.987446 0.524068 0.205081
0.363475 1.66726 0.135999
0.758206 0.303868 1.19266
0.864417 0.694477 0.0540196
0.102048 0.255514 3.58497
