0.690722 0.377012 1.19243
0.317292 1.79066 0.232419
0.102282 2.67098 0.306332
7.48105e-05 7.48105e-05 6.00007
1.05994 0.435067 0.35935
0.596072 1.10923 0.262327
0.932545 0.601891 0.0936696
0.132614 0.664665 3.17563
0.620916 0.446756 1.23916
0.298637 1.89741 3.19619e-05
0.235865 2.11566 3.19619e-05
1.09589 0.422056 0.051082
0.406985 0.814002 1.19243
0.456737 1.45583 3.19619e-05
0.25309 0.382401 3.17728
0.837038 0.186268 1.72899
0.479733 0.669421 1.20183
0.171695 2.3787 3.19619e-05
0.0951923 2.78088 3.1981e-05
0.792037 0.790446 0.110409
0.770571 0.831104 0.0545026
0.405923 1.51888 0.451578
0.937336 0.151278 1.19243
0.417929 0.208188 2.42526
0.859889 0.687423 0.165599
1.05984 0.0793577 1.19243
0.555772 0.555874 1.19243
0.999822 0.502676 0.35648
1.52799e-05 3.96837 0.0600315
0.350189 1.73904 3.19619e-05
0.783136 0.261168 1.26675
0.370199 0.833641 1.48221
1.15767 0.362549 0.0520152
0.585142 1.17296 3.19619e-05
0.217177 0.544081 2.38993
1.22694 0.288933 0.226956
2.00006 6.02079e-05 6.02079e-05
0.373321 1.6287 0.220094
0.229606 0.457444 2.73771
0.101848 1.72961 1.19422
0.48753 1.3483 0.165599
0.201324 2.16316 0.580512
0.506468 0.590386 1.41546
1.0421 0.47191 0.104443
0.300827 0.973384 1.67184
0.265778 1.9359 0.441272
0.109059 1.62093 1.5148
0.283782 0.413343 2.38992
0.719063 0.913495 0.0546205
0.437867 0.653922 2.18944
0.689359 0.949025 0.163559
0.832874 0.740973 0.0400758
1.11093 0.396366 0.16355
0.990026 0.090532 1.58485
0.724941 0.309318 1.36774
1.36035 0.203724 0.0516241
1.58325 0.0691187 0.483572
0.893757 0.162136 1.34787
0.272272 1.08057 1.3518
0.435319 1.468 0.205109
0.356924 0.237677 2.9731
1.1794 0.333073 0.163548
1.27223 0.267561 0.0373764
0.424029 0.741588 1.34514
1.39986 1.13879e-05 1.21223
0.901373 0.64559 0.051082
0.197794 1.28254 1.48226
0.340446 0.933576 1.23916
0.47809 0.11297 2.97442
1.30956 0.229161 0.171047
0.11384 0.825321 2.38993
0.545285 1.21257 0.251494
0.658646 0.987696 0.325497
3.19619e-05 4.00003 3.19619e-05
0.400273 1.59939 3.1981e-05
0.983175 0.54402 0.0532944
0.265355 1.14564 1.19243
0.216527 1.19159 1.80817
0.120445 0.726077 2.78005
1.45226 0.131087 0.396912
0.118838 1.53803 1.8903
1.41645 0.167392 0.0510911
0.732072 0.870112 0.246138
0.102483 0.254534 3.58497
0.187129 0.114942 3.58497
0.545125 0.102615 2.38992
1.6448 0.0590634 0.0586228
0.577591 0.485231 1.40264
0.615125 0.40261 2.02517
0.182427 2.27454 0.262327
1.51782 0.112427 0.0510998
0.837962 0.228324 1.19243
0.643393 1.04589 0.0530175
0.115824 2.54747 0.771223
0.517864 1.29589 0.0630835
0.246167 2.03711 0.161674
0.459833 1.39095 0.381882
0.319623 0.320188 2.54333
0.139819 0.139475 3.89122
0.18439 1.38626 1.19988
