0.00428656 3.89512
0.322504 2.90225
0.310748 3.06623
0.0817405 3.32266
0.33105 2.79171
0.0591784 3.63884
0.0465213 3.82976
0.092952 3.22579
0.0762239 3.38806
1.92817 0.574631
0.0530643 3.7342
1.32945 1.10536
0.360455 2.50003
0.319621 2.94145
0.342392 2.66081
0.328217 2.82741
0.357259 2.52369
0.0707004 3.46295
0.316698 2.98184
1.3254 1.14706
0.307676 3.11059
0.35417 2.54859
0.313744 3.02345
1.3631 0.856595
0.811547 1.63553
0.0872828 3.26826
1.35786 0.883241
0.34819 2.60228
1.31281 1.29086
0.748829 2.19911
0.753135 2.14327
0.304572 3.1558
0.339533 2.69185
1.36907 0.831972
1.30918 1.33612
0.336702 2.72395
1.93281 0.51128
1.37977 0.803387
0.370639 2.43954
1.31665 1.24483
0.345271 2.63096
0.325365 2.86425
0.351144 2.57489
0.76741 1.97324
1.29383 1.5438
1.96834 0.138824
0.333878 2.7572
0.79368 1.73389
0.774702 1.89648
0.738594 2.33879
0.383714 2.3966
0.822912 1.60263
0.363757 2.47789
0.0988886 3.19615
0.36722 2.45727
1.33807 1.02465
1.95438 0.25985
1.32126 1.19205
1.29716 1.4967
0.788614 1.77171
1.94476 0.362759
0.761669 2.03867
0.81699 1.61683
0.0650512 3.54697
0.770296 1.94197
1.34754 0.949135
0.797253 1.7098
1.97848 0.0733039
0.741549 2.29754
0.779161 1.85327
1.9937 0.0120233
1.37471 0.814394
0.832744 1.59329
0.783034 1.81817
1.33367 1.06448
1.96521 0.162883
1.98343 0.0484193
1.34243 0.988138
1.38945 0.794958
1.94937 0.311452
1.30101 1.44351
2.00003 2.87393e-05
1.30496 1.39058
1.35234 0.916299
0.757403 2.08988
1.92122 0.675276
0.80733 1.65369
0.802923 1.67605
1.91689 0.741079
3.48691e-05 3.99949
1.95961 0.210376
1.9873 0.03226
1.94216 0.393218
1.97476 0.0950581
1.92352 0.64118
0.391246 2.38998
1.93746 0.450875
0.374762 2.42171
0.745934 2.23767
0.107428 3.18053
