0.882403 1.76474 0.705892
0.315817 0.631611 4.10523
0.705896 1.41182 1.76467
0.857249 1.71459 0.856578
1.66669 1.66666 0.333343
0.260984 0.521905 4.43436
0.111172 0.222289 5.33328
0.618524 1.23643 2.29112
2.7733 1.03752 1.38319
0.731875 1.46372 1.6089
0.500037 1.00009 2.99986
0.230839 0.461567 4.61545
0.285793 0.571533 4.28548
0.648343 1.29673 2.11003
0.529391 1.0588 2.82372
1.48408 1.50097 1.09413
0.782628 1.56533 1.30432
0.40001 0.800025 3.60006
0.545527 1.09093 2.72725
2.33326 1.33337 0.666631
0.48066 0.961335 3.11611
2.99997 1.00002 0.999984
2.03553 1.19167 1.86597
0.923112 1.84629 0.461382
2.36768 1.18591 1.35017
0.387145 0.77427 3.67732
1.44431 1.77785 0.222155
1.24831 1.62422 0.874448
2.00001 1.49999 0.500006
0.299972 0.599933 4.20028
0.130434 0.260782 5.21784
0.187585 0.375108 4.87497
2.60008 1 2.19976
1.97856 1.37517 1.03874
0.333361 0.66668 4.00007
0.514412 1.02884 2.91366
1.36362 1.81819 0.181809
1.27934 1.86033 0.139671
1.87752 1.19497 2.04572
0.342929 0.685779 3.94277
0.900015 1.80012 0.599966
2.49998 1.25001 0.749988
0.571434 1.14292 2.57155
2.19768 1.25845 1.25828
1.88892 1.55554 0.44446
0.41384 0.827689 3.51702
0.585369 1.17075 2.48788
0.840036 1.68017 0.959869
0.250082 0.50009 4.49982
2.37254 1.08486 2.00257
0.947384 1.89481 0.315721
1.23988 1.51538 1.23326
1.57145 1.71427 0.285727
0.0968096 0.193602 5.41927
1.32765 1.68996 0.603786
1.6765 1.5709 0.650577
0.461574 0.923172 3.23068
0.353029 0.70596 3.8822
0.631601 1.26326 2.21051
0.200062 0.400053 4.79995
1.88487 1.44927 0.855536
0.692395 1.38465 1.84605
1.63488 1.29953 1.76197
0.967749 1.93552 0.193573
2.14286 1.42857 0.57143
1.50003 1.74998 0.250017
0.800034 1.60023 1.19996
1.22217 1.88891 0.111102
1.52502 1.37689 1.52776
1.8 1.6 0.400002
1.78973 1.3598 1.34115
0.982763 1.96557 0.103442
0.750032 1.50014 1.49991
0.444482 0.888887 3.33338
2.50606 1.07421 1.78888
0.666695 1.33342 1.99988
0.166672 0.333303 5.00018
2.33435 1.24539 1.08962
2.19826 1.18379 1.6641
1.448 1.45074 1.30724
0.214317 0.428576 4.71436
0.473732 0.947426 3.15788
0.428589 0.857072 3.42884
0.375096 0.750091 3.7498
0.272729 0.54544 4.36375
0.150031 0.30003 5.10003
2.42005 1.00864 2.62196
2.59996 1.20002 0.799979
5.97234e-05 5.97239e-05 6.00006
2.66661 1.1667 0.833305
1.56455 1.56771 0.781852
0.600019 1.20002 2.40003
2.06284 1.12511 2.24872
1.9068 1.27469 1.59346
1.00005 1.99998 2.86117e-05
2.64248 1.05709 1.58473
0.720017 1.44004 1.68
2.06239 1.26619 1.42744
0.818287 1.63651 1.09059
2.77753 1.11124 0.888765
