1.36027 1.27948
0.691993 2.61605
1.60243 0.795146
0.0238543 3.95235
0.323481 3.3531
1.87532 0.24937
0.926367 2.14729
1.93662 0.126923
1.28719 1.42563
1.81615 0.367731
1.1282 1.74361
1.52984 0.940335
0.343646 3.31277
0.175873 3.64827
0.282538 3.43499
0.59416 2.81171
1.4295 1.14102
0.197741 3.60455
0.115819 3.76841
1.14909 1.70184
1.51253 0.974955
2.04565e-05 4.00002
1.64564 0.708738
0.261527 3.47696
1.24913 1.50177
0.461851 3.07633
1.84021 0.319601
1.6873 0.625406
1.47909 1.04183
0.363939 3.27215
0.153801 3.69246
1.34237 1.31528
0.218543 3.5632
1.95299 0.0940272
0.613357 2.7733
0.240623 3.51891
0.576436 2.84716
0.435113 3.1298
1.98457 0.0308988
1.08531 1.8294
0.949421 2.10117
0.635201 2.72962
1.86338 0.273269
1.26697 1.46608
1.61702 0.765986
1.63142 0.737191
1.70087 0.598281
0.084495 3.83104
1.30584 1.38834
0.996172 2.00767
0.972977 2.05406
0.515563 2.96889
0.069109 3.86182
1.57274 0.85452
1.7751 0.449815
1.67358 0.652856
0.485046 3.02994
0.825919 2.34819
0.901188 2.19765
0.0474205 3.90519
0.77367 2.45268
1.01901 1.96199
0.303203 3.39363
1.10701 1.786
1.06367 1.87268
0.555185 2.88965
1.46277 1.07446
1.65969 0.680637
0.38369 3.23266
1.72753 0.544959
1.16965 1.66072
1.44603 1.10797
0.138596 3.72286
0.746896 2.50624
1.32422 1.35156
1.41254 1.17494
1.37792 1.24417
0.538194 2.92363
1.71428 0.571466
0.73102 2.53798
1.39534 1.20933
1.55852 0.882974
1.96363 0.0727775
0.851408 2.2972
1.22968 1.54066
1.79154 0.41694
1.18996 1.6201
0.409927 3.18017
1.20996 1.5801
2.00005 5.23113e-05
1.8978 0.204465
0.876501 2.24702
1.75357 0.492879
1.92041 0.159197
1.4952 1.00961
1.04136 1.91729
0.662753 2.6745
0.707342 2.58533
1.58768 0.824645
0.800006 2.40002
