0.387242 0.774349 3.67704
0.631663 1.26341 2.21023
1.2226 1.8887 0.1113
0.750075 1.50022 1.49976
0.28588 0.571648 4.28518
0.343049 0.686012 3.94206
0.428683 0.857274 3.42828
0.214435 0.428816 4.71377
2.6668 1.1666 0.833402
0.882343 1.76481 0.706024
2.50606 1.07413 1.78947
2.33352 1.24568 1.08966
2.36155 1.08976 1.98782
0.70595 1.41199 1.76444
2.77039 1.04001 1.37302
2.4227 1.01067 2.58903
0.527841 1.05575 2.83321
0.444589 0.889211 3.33266
2.19865 1.25812 1.25833
0.9 1.80017 0.600107
0.66675 1.33359 1.99967
1.44466 1.77767 0.222332
1.50036 1.74982 0.250182
2.77805 1.11097 0.889026
0.111301 0.222453 5.33302
0.857166 1.71448 0.857119
0.84004 1.68023 0.959881
0.720081 1.44001 1.68002
1.66697 1.66651 0.333487
2.60415 1 2.18754
1.32779 1.69033 0.602521
0.691638 1.38301 1.85104
2.60008 1.19996 0.800039
2.99998 1.00001 0.99999
0.47384 0.947508 3.1576
2.36178 1.17337 1.43417
2.06137 1.2665 1.42737
0.621168 1.24174 2.27482
0.999994 2.00062 0.000247801
2.16505 1.19088 1.67683
0.947361 1.89494 0.315934
0.461686 0.923207 3.23051
1.88911 1.55545 0.444554
1.81383 1.36067 1.30983
2.64222 1.05716 1.58488
0.166804 0.333535 4.99953
1.52798 1.37643 1.52716
0.400165 0.800198 3.5995
0.967738 1.93593 0.193762
0.982735 1.96568 0.103669
0.353156 0.706083 3.88193
0.648656 1.2974 2.10824
0.333531 0.666849 3.99965
1.24923 1.62468 0.872288
1.49963 1.50224 1.07563
0.26104 0.521999 4.43417
2.04239 1.18946 1.86926
0.733049 1.46626 1.60193
0.187615 0.375191 4.87458
0.200147 0.400211 4.7995
2.14305 1.42848 0.571524
0.129549 0.259 5.22326
0.800059 1.60025 1.19982
1.36378 1.81811 0.181891
2.00023 1.49988 0.500117
0.000243148 0.000243149 6.00024
0.585403 1.17088 2.48779
1.9107 1.27387 1.59268
1.80027 1.59986 0.400136
0.514275 1.02856 2.9146
0.485666 0.971308 3.08629
2.33348 1.33326 0.66674
2.4999 1.25005 0.74995
0.315924 0.631793 4.10482
2.09798 1.36457 0.913286
1.24 1.51549 1.23281
1.90444 1.44685 0.839772
0.0969619 0.193818 5.41883
0.818208 1.63655 1.09088
1.57176 1.71412 0.285881
0.250142 0.500208 4.49968
0.14986 0.299628 5.1013
1.93856 1.35239 1.19201
0.545554 1.09116 2.72686
0.923089 1.84635 0.461563
0.375109 0.750163 3.74973
0.600116 1.20034 2.3996
1.61364 1.29947 1.78057
0.413932 0.827778 3.51681
0.571518 1.14299 2.57124
0.500159 1.00018 2.99951
0.782658 1.56544 1.30419
0.272884 0.54567 4.36311
1.87773 1.19708 2.0336
1.28538 1.85731 0.142694
1.56521 1.56914 0.776222
0.300137 0.600165 4.19972
0.230888 0.461741 4.61503
1.45045 1.45295 1.2971
2.06284 1.12505 2.2492
