1.65972 0.680573
0.343724 3.31258
1.01905 1.96191
1.16884 1.66232
1.44612 1.10777
0.244784 3.51046
0.0396787 3.92086
0.851459 2.29712
0.086199 3.82773
1.04155 1.91691
1.51113 0.977744
0.175962 3.64815
1.76494 0.47012
1.52684 0.946339
1.37795 1.24411
1.60247 0.795082
1.84023 0.319547
1.08431 1.8314
1.57278 0.854456
0.727369 2.54527
1.39538 1.20926
0.97302 2.05398
1.64566 0.708685
0.800598 2.40047
0.197808 3.60441
1.10705 1.78592
0.261589 3.47685
1.85882 0.282429
0.226481 3.54708
1.22972 1.54058
0.535455 2.92912
1.54015 0.919717
0.711062 2.57887
1.3424 1.31522
1.96365 0.0727136
0.754432 2.49118
1.94226 0.115483
1.41257 1.17487
1.21 1.58001
0.952037 2.09596
2 2.78335e-06
0.556975 2.88607
1.2662 1.46761
0.908889 2.18224
0.0159829 3.96825
0.108961 3.78216
0.371088 3.25788
1.89728 0.205447
1.58771 0.824589
0.460822 3.07843
0.137991 3.72414
0.93236 2.13531
1.67361 0.652794
0.435334 3.13008
0.389807 3.22042
1.82484 0.350332
1.70089 0.59822
0.484363 3.03131
1.06371 1.87259
0.644386 2.71125
1.36613 1.26776
0.303181 3.39376
0.587653 2.8247
1.56055 0.878919
0.0630705 3.87398
1.61869 0.762626
0.996212 2.00759
0.888988 2.22203
0.153911 3.6923
0.773714 2.45258
0.671793 2.65644
1.74066 0.518725
0.606111 2.78779
1.24916 1.5017
1.42954 1.14094
7.92861e-05 4.00008
0.874794 2.25043
1.19 1.62001
0.623869 2.75228
1.7143 0.571409
0.413476 3.17308
1.30889 1.38223
1.98458 0.0308413
1.77916 0.441699
1.92045 0.159115
0.323759 3.35252
1.47822 1.04356
1.4628 1.0744
1.68733 0.625346
1.28723 1.42555
0.82597 2.3481
1.49524 1.00954
1.12825 1.74353
0.692044 2.61596
1.80414 0.391726
0.515613 2.96881
1.14912 1.70176
1.87279 0.254421
1.32427 1.35149
0.282829 3.43439
