2.60245 1.19878 0.801224
0.111067 0.222115 5.33371
2.79494 1.05093 1.22921
2.20424 1.39788 0.602121
0.599807 1.19963 2.40123
0.461388 0.922758 3.23175
0.413667 0.82732 3.5181
0.947061 1.89417 0.317655
1.58637 1.45505 1.16864
0.648399 1.29685 2.10969
0.214237 0.428447 4.71471
0.342762 0.685487 3.94357
2.4764 1.15671 1.30469
1.67011 1.66494 0.335057
2.22826 1.1965 1.54037
2.50016 1.24992 0.75008
0.620247 1.24048 2.27858
2.50598 1.07411 1.78985
0.529121 1.05823 2.82538
2.78004 1.10998 0.890019
2.06297 1.12491 2.24995
1.22514 1.88743 0.112571
0.78236 1.56476 1.30588
2.36799 1.08704 1.99525
2.64662 1.05536 1.58706
0.480361 0.960713 3.1179
1.36704 1.81648 0.183523
1.90414 1.45458 0.809308
0.260802 0.521596 4.43525
2.33342 1.24548 1.09084
1.81365 1.36016 1.31225
2.19795 1.25805 1.25988
0.130422 0.260834 5.21754
0.230718 0.46139 4.61589
1.53027 1.37703 1.52285
0.285631 0.571253 4.28628
0.666447 1.33293 2.00138
0.571251 1.14248 2.57263
0.692085 1.38442 1.84788
0.839726 1.6795 0.961684
1.63006 1.30427 1.74501
0.386974 0.77395 3.67828
1.6897 1.56567 0.654141
1.56483 1.56759 0.781994
1.00001 1.99972 0.0020737
0.515891 1.03184 2.90486
0.631379 1.26279 2.21179
1.70672 1.21814 2.09047
2.60033 1.00012 2.19771
2.14581 1.4271 0.572903
2.05982 1.2674 1.42508
1.89262 1.55369 0.446308
0.73296 1.4659 1.60231
2.9994 1 1.00179
1.27052 1.86474 0.135262
0.749764 1.49959 1.50149
0.444323 0.888651 3.33414
0.35283 0.705668 3.8831
2.0031 1.49845 0.50155
1.57497 1.71251 0.287486
0.18746 0.37491 4.87539
1.32766 1.68974 0.604442
0.899703 1.79952 0.601853
1.90967 1.27357 1.59542
0.96741 1.93487 0.195568
0.149954 0.299883 5.1004
2.42059 1.00833 2.62444
0.19996 0.399888 4.80044
0.882059 1.7642 0.7077
1.8033 1.59835 0.401653
0.39988 0.79974 3.6008
0.799735 1.59952 1.20164
0.817916 1.63586 1.09256
0.333237 0.666463 4.00065
0.719772 1.4395 1.68149
0.0967489 0.19348 5.41962
2.33608 1.33196 0.668039
0.473541 0.947055 3.15892
1.98296 1.37027 1.05395
0.31571 0.631379 4.1059
2.66908 1.16546 0.834539
0.982451 1.96496 0.105314
1.25174 1.62237 0.877669
0.166623 0.333234 5.00033
1.50362 1.74819 0.251812
1.4478 1.7761 0.2239
0.70565 1.41134 1.76616
1.23729 1.5141 1.23927
0.249912 0.499805 4.50061
2.03985 1.19155 1.86067
0.428454 0.856867 3.42944
0.272652 0.545295 4.36415
0.545291 1.09056 2.72837
0.922767 1.84562 0.463443
0.856866 1.71381 0.858862
2.29383e-05 2.29386e-05 6.00002
0.299916 0.599814 4.20063
0.585128 1.17024 2.48931
0.374893 0.749764 3.75072
0.499858 0.999662 3.00103
