0.705867 1.41181 1.76492
1.24504 1.62679 0.868856
0.111166 0.222263 5.33342
0.428602 0.857147 3.42869
1.57216 1.71392 0.286079
0.360184 0.720327 3.83914
0.693606 1.38729 1.83849
2.60005 1 2.19982
0.92304 1.8462 0.461821
2.19766 1.2584 1.25854
0.473727 0.947359 3.15796
0.230808 0.461558 4.6155
2.66713 1.16644 0.833563
0.947314 1.89473 0.316164
0.413825 0.827557 3.5174
1.91093 1.27441 1.58976
2.42058 1.00861 2.62087
0.631559 1.26315 2.21072
0.585205 1.17044 2.48885
0.782572 1.56522 1.30465
0.666659 1.33339 2.00017
0.461564 0.923035 3.23094
2.99994 1 1.00019
2.50002 1.24999 0.75001
1.66737 1.66631 0.333686
1.80067 1.59967 0.400334
0.166717 0.333369 5.00001
2.36123 1.09311 1.96327
0.150377 0.298396 5.11157
2.18816 1.11101 2.15425
2.02983 1.11072 2.39823
0.37504 0.749997 3.7501
0.81815 1.6364 1.09119
1.63142 1.30419 1.74419
0.799966 1.60001 1.20029
0.719983 1.44004 1.68021
0.648618 1.2973 2.10842
2.03752 1.18952 1.87569
1.8078 1.35573 1.33818
0.839957 1.68002 0.960343
0.187538 0.375035 4.87502
2.64238 1.05699 1.58572
0.967711 1.9356 0.193806
0.342919 0.685731 3.94291
0.882313 1.76469 0.706162
1.23969 1.51549 1.23303
0.333383 0.666676 4.00005
0.200024 0.400031 4.80008
0.749974 1.50002 1.50024
1.58849 1.45489 1.16719
0.400009 0.800011 3.60011
0.571401 1.14284 2.57171
7.24126e-05 7.24288e-05 6.00007
2.33387 1.33307 0.666934
2.00062 1.49969 0.50031
0.732735 1.4656 1.60376
0.300058 0.600018 4.20006
2.50604 1.0743 1.78832
0.250028 0.500035 4.50005
0.620599 1.24126 2.27654
0.982702 1.9656 0.103859
1.90159 1.4431 0.85853
1.50075 1.74963 0.250373
1.52615 1.37668 1.52766
0.545458 1.09097 2.72741
0.285754 0.571447 4.28579
0.857105 1.71432 0.857473
2.79994 1.04877 1.2307
1.22286 1.88857 0.111431
0.0968135 0.193594 5.41937
0.514196 1.02836 2.91508
2.33483 1.24509 1.0903
1.59901 1.60666 0.611603
2.60047 1.19977 0.800234
0.31583 0.631593 4.10532
0.480284 0.96056 3.11845
0.387113 0.774203 3.67752
1.72742 1.21442 2.09147
2.23272 1.19556 1.53811
0.444456 0.888933 3.33338
0.500034 0.999975 3.00015
1.28361 1.85819 0.141806
1.88951 1.55524 0.444757
0.599997 1.20005 2.40016
0.260912 0.52175 4.43484
0.272777 0.545479 4.36365
1.97402 1.37236 1.05712
1.52385 1.52718 0.964181
2.14344 1.42828 0.571719
0.528815 1.05748 2.8276
0.130811 0.26157 5.2154
2.0573 1.26773 1.42705
1.36416 1.81792 0.182082
0.899954 1.80003 0.600354
0.214311 0.428548 4.71446
1.32819 1.68968 0.604179
0.35299 0.705887 3.88241
2.7782 1.1109 0.889101
1.00062 1.99982 0.000437193
1.44512 1.77744 0.222559
