0.0630018 3.87403
1.14464 1.71074
0.796127 2.40777
0.0238387 3.95236
1.61702 0.765974
1.51112 0.977789
0.240464 3.51911
1.6597 0.680617
1.57036 0.859315
1.90655 0.186924
0.865081 2.26987
1.44626 1.10751
0.0474245 3.90518
1.46279 1.07444
1.2297 1.54064
0.15373 3.69257
0.851415 2.29719
1.20998 1.58008
0.116512 3.76701
1.54233 0.915371
0.974208 2.05162
0.51558 2.96886
1.06368 1.87266
1.24913 1.50176
0.773679 2.45266
0.197729 3.60457
1.82826 0.343511
1.85205 0.295913
1.74063 0.518751
0.449186 3.10168
1.8716 0.256844
0.476058 3.04792
1.52682 0.946381
0.08612 3.8278
1.28519 1.42965
0.655199 2.68962
1.76638 0.467258
0.9255 2.14902
1.16774 1.66455
1.41255 1.17493
0.303359 3.39331
1.6036 0.79282
1.1062 1.78763
1.3438 1.31242
1.7804 0.439211
1.39536 1.20931
2.00003 2.8949e-05
0.282159 3.43572
1.37794 1.24415
0.70027 2.59949
1.5877 0.82463
0.389708 3.22063
1.64565 0.708715
0.606084 2.78786
0.885901 2.22824
0.428592 3.14284
0.810282 2.37947
0.63382 2.73238
1.04152 1.91699
0.409606 3.1814
0.175911 3.64821
1.18997 1.62007
1.63143 0.737172
1.30585 1.38832
0.719682 2.56068
0.226128 3.54778
1.71429 0.571446
0.672168 2.65569
1.94225 0.115513
1.49522 1.00959
1.96364 0.0727535
0.497569 3.00491
1.71997e-05 4.00002
0.997046 2.00593
0.261609 3.47681
0.376851 3.24634
1.42952 1.14099
0.13904 3.72195
0.578271 2.84347
1.47911 1.04181
1.80477 0.390488
1.12521 1.7496
0.323946 3.35214
1.68732 0.625385
0.742115 2.5158
0.830392 2.33923
1.08552 1.829
1.36028 1.27946
1.26815 1.46372
1.92043 0.159172
1.01903 1.96196
0.350248 3.30008
1.32654 1.34695
0.949429 2.10116
1.6736 0.652834
0.901184 2.19765
0.553162 2.89371
1.98409 0.0319012
1.88679 0.226439
0.531544 2.93694
