0.0630263 3.87396
0.0859739 3.82807
0.699706 2.60061
0.0238862 3.95233
0.546276 2.90746
0.247729 3.50458
1.30586 1.3883
1.18998 1.62006
1.70211 0.595823
0.13901 3.72202
1.47911 1.04179
1.8868 0.226425
1.94227 0.115495
1.92615 0.14773
1.67823 0.643558
1.39536 1.20929
1.72755 0.54493
1.98458 0.0308643
1.08552 1.82898
0.153915 3.69223
1.46257 1.07488
1.52571 0.948597
0.336243 3.32758
1.54233 0.91536
1.34363 1.31277
1.77546 0.449102
0.814603 2.377
1.5728 0.854427
1.51113 0.977776
0.175889 3.64824
1.49522 1.00958
1.5877 0.824613
1.60275 0.794514
1.96364 0.0727409
0.480676 3.03882
1.65971 0.6806
1.61913 0.761762
0.197697 3.60463
0.951794 2.09644
0.78902 2.42198
1.2683 1.46342
1.20998 1.58006
1.41256 1.17491
1.63143 0.737165
0.454063 3.09193
0.902391 2.19523
0.268697 3.46267
1.64566 0.70871
1.1697 1.66064
0.289416 3.4212
3.75528e-05 4.00004
1.14911 1.70181
1.75359 0.492843
0.350236 3.29959
0.56441 2.87119
1.32573 1.34857
0.973134 2.05376
1.36028 1.27945
0.0396441 3.9208
1.86388 0.272291
1.55765 0.884737
0.370312 3.25944
0.773682 2.45265
0.722077 2.55588
0.116527 3.76724
1.82826 0.343498
1.06369 1.87264
1.79156 0.416912
0.632862 2.73431
0.309955 3.38011
0.498005 3.004
1.10703 1.78597
0.40935 3.18132
0.925511 2.149
1.37794 1.24414
0.586946 2.82613
0.675402 2.64922
1.28978 1.42046
0.851427 2.29717
0.997372 2.00529
0.751898 2.49622
0.831892 2.33624
0.515579 2.96886
0.648415 2.70396
1.81616 0.367695
1.04153 1.91696
0.607066 2.78589
2.00002 1.76247e-05
1.8421 0.315815
0.876705 2.24662
1.2297 1.54062
1.44627 1.10748
0.219157 3.56171
1.12822 1.74358
0.389947 3.22014
1.90934 0.181343
1.0192 1.96161
0.435016 3.12999
1.42952 1.14098
1.24914 1.50174
