1.16969 1.66066
1.20998 1.58009
1.58769 0.824634
1.50947 0.981069
0.949433 2.10118
0.22511 3.54983
1.70088 0.598253
0.710693 2.57864
0.509086 2.98186
0.101381 3.79731
0.0781457 3.84376
0.876512 2.24702
0.0238848 3.95232
1.67359 0.652835
1.79155 0.416927
1.953 0.0940043
0.527526 2.94503
0.576443 2.84717
1.37793 1.24415
1.06369 1.87267
1.72886 0.542347
1.01903 1.96199
0.357064 3.2859
0.92551 2.14903
1.633 0.734027
1.28618 1.42765
0.0474637 3.90515
2.00003 3.25482e-05
0.747191 2.50566
1.36028 1.27948
0.726476 2.54707
1.76638 0.46726
1.55764 0.88476
0.26869 3.46271
1.80393 0.392182
0.972991 2.05406
1.18997 1.62007
0.124053 3.75197
1.60246 0.795132
1.32352 1.35299
1.04153 1.91696
0.556968 2.88609
1.34238 1.31526
1.61702 0.765969
1.98458 0.0308796
1.41254 1.17493
1.85206 0.29592
3.00426e-05 4.00003
0.770393 2.45924
0.423352 3.15335
0.336929 3.32621
1.10703 1.78599
1.46279 1.07444
1.54233 0.915384
1.49331 1.0134
0.851418 2.29719
1.87535 0.249354
0.24767 3.50472
0.9012 2.19763
0.661689 2.67667
0.197727 3.6046
0.153818 3.69242
1.22969 1.54063
1.89813 0.203783
1.9738 0.0524485
1.12822 1.74358
0.632351 2.73533
1.7143 0.571451
1.26763 1.46478
0.996187 2.00767
1.44626 1.1075
1.75358 0.492859
1.91687 0.166324
1.30586 1.38833
1.93039 0.139269
1.81833 0.363355
1.39584 1.20834
0.403319 3.19339
0.289428 3.4212
1.42952 1.14101
0.316714 3.36659
0.690304 2.6211
1.24913 1.50176
0.825929 2.34817
1.52682 0.946378
0.610149 2.77975
0.797232 2.40558
0.595525 2.80898
1.4791 1.04181
1.68732 0.625382
0.485307 3.02944
0.385103 3.22983
1.57277 0.854511
0.175936 3.64815
1.08552 1.82901
1.14758 1.70485
1.64925 0.702345
0.448598 3.10287
0.466634 3.06678
1.84021 0.319585
