0.631617 1.26331 2.21046
2.99998 1 1.00005
0.571404 1.14285 2.57168
0.500005 1.00005 3.00012
0.150068 0.300094 5.09985
0.260921 0.521773 4.43476
1.36402 1.81799 0.182012
2.60021 1.19989 0.800107
1.88915 1.55543 0.444574
0.0968335 0.193626 5.41928
0.750015 1.50013 1.50003
1.30638 1.84681 0.153199
1.60446 1.59337 0.651348
0.428592 0.857206 3.42861
0.187532 0.375019 4.87509
0.199956 0.399894 4.80054
1.57177 1.71411 0.285886
0.599999 1.20007 2.40018
1.80596 1.35437 1.34621
0.840004 1.68013 0.96008
0.545499 1.09106 2.72719
1.80029 1.59985 0.400147
1.44476 1.77762 0.222384
0.444516 0.888923 3.33329
0.947353 1.8948 0.315934
2.23114 1.19646 1.5357
0.111179 0.222305 5.33321
1.36608 1.36839 1.67705
0.285754 0.571387 4.28597
2.19852 1.25834 1.25743
0.731926 1.46391 1.60853
0.923067 1.8463 0.461687
2.06273 1.12497 2.24987
1.66156 1.35154 1.51054
0.857135 1.71441 0.857296
2.0003 1.49985 0.500151
1.22264 1.88868 0.111322
1.97399 1.37238 1.05707
0.352996 0.70591 3.88234
2.6006 1.00013 2.19688
0.80001 1.60014 1.20006
2.49995 1.25003 0.749973
1.61822 1.29955 1.7763
5.71046e-05 5.71059e-05 6.00006
0.387127 0.774232 3.67749
0.3334 0.666739 3.99987
1.667 1.6665 0.333498
0.272817 0.545546 4.36346
0.71999 1.44003 1.68015
0.30003 0.60001 4.20007
1.23981 1.51547 1.23302
0.882357 1.76484 0.705942
2.33474 1.24553 1.08823
2.79917 1.04961 1.22699
0.47374 0.947388 3.15787
1.32818 1.68966 0.604239
2.4209 1.00831 2.62385
0.818199 1.63653 1.09092
0.521028 1.04212 2.87405
0.25005 0.500054 4.49997
0.34293 0.685765 3.94281
0.70589 1.41174 1.76488
0.666683 1.33342 2
0.413797 0.827494 3.51758
1.91017 1.2741 1.5922
2.64301 1.05711 1.58322
0.130442 0.260831 5.21764
1.50037 1.74981 0.250186
0.999977 2.0002 0.000220831
2.14311 1.42844 0.571556
0.375052 0.750051 3.75005
1.72761 1.21476 2.08956
1.2497 1.62469 0.871902
2.35078 1.09388 1.97879
2.66688 1.16656 0.833441
0.682612 1.36531 1.90447
2.77793 1.11103 0.888966
0.90001 1.80013 0.60001
0.400042 0.799992 3.60008
0.461551 0.923126 3.23082
1.77716 1.49361 0.816677
0.982735 1.96563 0.103652
1.448 1.45049 1.30815
2.50559 1.07415 1.79046
2.19842 1.40079 0.599212
0.585293 1.17062 2.48835
2.04856 1.19033 1.85553
1.89862 1.44392 0.859116
0.166715 0.333373 4.99999
0.620418 1.24089 2.27761
2.05663 1.26825 1.42545
0.782614 1.56529 1.30439
0.648598 1.29729 2.10859
2.33359 1.3332 0.666798
0.480329 0.960605 3.1184
0.315834 0.631601 4.10527
0.214341 0.428625 4.71421
1.52209 1.52638 0.968686
0.967717 1.93556 0.193751
0.23078 0.461502 4.61557
