0.890426 3.11619 2.64864
1.57747 3.96374e-16 3.68838
1.94069 0.966931 5.37721e-16
0.948958 2.60219 3.55805
1.41428 2.8283 5.4744e-16
0.226158 1.71095 5.38081
1.79053 4.14597e-16 2.67319
1.13841 2.5062 3.19435
0.716794 2.68345 3.89563
0.931545 3.53957 0.028119
0.481072 1.20376 5.53686
1.58226 1.97743 2.16104
0.769596 3.69196 0.028119
1.86736 1.43242 5.81691e-16
1.62124 1.61764 2.54095
1.17772 1.64869 4.17144
1.98449 0.497236 5.90485e-16
1.15696 2.30375 3.4658
1.43258 2.6774 1.18336
1.50316 1.03076 3.64337
0.960147 2.39882 3.84133
0.725751 1.99003 4.72748
1.1209 2.68635 2.90778
1.30122 2.38488 2.82208
0.432492 3.39027 2.90778
1.62766 1.12394 3.05192
1.48304 3.97305e-16 4.02559
2.64366e-07 6.32837e-07 6
1.84787 0.135662 2.28624
0.666525 3.33243 2.64864
1.8492 1.07767 1.61592
8.00172e-06 3.19438 3.61121
1.11241 0.633995 4.89474
1.36927 2.91393 0.145289
0.357621 3.84213 1.27933
1.45594 2.27988 2.28624
0.246992 2.22424 4.93149
1.1632 2.09629 3.73298
1.37119 1.80454 3.42872
1.28731 2.59447 2.43723
1.59976 2.40064 5.85857e-16
1.07671 2.97809 2.36875
0.865503 0.202302 5.40056
1.10264 3.33717 5.50681e-16
1.19546 2.97789 1.78475
0.483074 2.90594 3.86532
1.67523 2.18504 5.73823e-16
0.23245 1.96789 5.17699
1.14923 1.14646 4.59957
0.697726 3.04459 3.28057
1.7883 1.79106 5.766e-16
1.45337 2.0781 2.69682
0.21605 2.46174 4.68449
0.196936 3.76311 1.94828
0.931645 2.81161 3.22675
0.150498 3.93037 1.01912
1.94084 4.76049e-16 1.44859
1.36141 1.644e-08 4.39534
1.03191 4.76427e-08 5.1397
1.52102 2.59729 5.71509e-16
2 4.30993e-16 5.53458e-16
1.00197e-05 4 2.87022e-07
0.835493 3.3559 2.09236
0.60031 3.61985 1.80948
1.68995 4.14314e-16 3.20881
1.26667 0.421647 4.59999
1.47112 1.87462 2.93519
1.97026 4.39848e-16 1.03081
0.653735 0.152804 5.66579
0.96065 1.43792 4.80023
1.73775 3.69717e-16 2.9702
1.81992 1.65812 0.0701723
4.03353e-07 1.71077e-07 6
0.933287 0.932229 5.11912
1.90427 1.22272 5.26149e-16
1.20013 3.12419e-08 4.7997
1.62538 0.170715 3.48678
0.631816 3.79041 0.284737
1.36598 1.36257 3.87681
1.29239 3.05269 4.93288e-16
1.73431 1.54299 1.8902
1.33723e-06 3.51923e-08 6
0.732257 1.46734 5.13125
0.735921 2.46366 4.18216
1.5397 2.30086 1.6591
0.220275 0.927692 5.79887
1.89866 4.28766e-16 1.8857
0.401706 1.04573e-08 5.87773
1.31986 2.20142 3.07467
1.71117 1.13932 2.59862
1.01435 3.27171 1.6296
0.975112 1.95002 4.34587
0.449523 3.89651 0.141761
1.50648 1.50314 3.23896
1.80598 0.958432 2.1399
1.72894 2.01072 5.37721e-16
0.198708 3.37594 3.16251
0.211387 3.59913 2.54006
0.242888 2.76728 4.2707
1.19238 3.21137 5.15967e-16
