0.206058 3.06463 3.80605
0.834867 3.35312 2.10458
0.7724 3.68961 0.0282972
1.84916 1.0545 1.65035
0.448095 3.8971 0.146046
1.37966 0.145492 4.33835
1.84222 1.55722 5.84006e-16
1.50066 1.03622 3.64913
1.35279 2.89986 0.783402
1.78889 1.7887 5.77989e-16
0.700234 3.04424 3.27649
0.149389 3.90177 1.24319
1.7972 4.00139e-16 2.63264
2.64697e-07 5.72125e-08 6
1.34285 2.24261 2.90773
1.94614 4.39672e-16 1.383
0.890333 3.11633 2.64855
1.05903 0.196913 5.08122
0.724905 2.46651 4.19313
1.16646 1.38648 4.40784
1.26369 2.70354 2.31735
0.739349 1.97611 4.72165
1.81201 0.980317 2.09194
0.95993 1.43864 4.80105
1.6227 2.33826 5.69657e-16
2 4.12479e-16 5.34944e-16
0.205918 3.49863 2.84209
0.730028 1.46993 5.13566
1.16136 1.87611 3.9927
1.54783 2.53263 0.0772385
1.34332 3.78344e-16 4.44516
1.5579 2.15399 1.928
1.37636 1.79495 3.42075
0.650327 0.199724 5.66603
1.50901 1.50574 3.22704
0.72054 2.68446 3.88962
0.782936 3.53782 1.52373
1.60552 1.75631 2.42082
0.948657 2.60346 3.55667
1.70401 1.13397 2.64084
7.87217e-07 2.37232 4.83086
0.241428 1.69362 5.38717
1.41911 2.47833 2.01381
1.20858 3.53511e-16 4.7806
1.98021 4.60968e-16 0.842026
1.64124 2.01125 1.62952
0.19852 3.75291 1.98884
1.01712 3.23196 1.7851
1.94099 0.964478 5.48367e-16
1.16715 2.08354 3.73796
1.19417 2.97987 1.7851
1.66414 4.25038e-16 3.32803
0.8644 0.202006 5.40218
1.87243 1.40572 5.77988e-16
1.47516 1.88092 2.90773
1.13798 0.910017 4.7415
0.960497 2.4029 3.8348
1.30431 3.03234 5.53921e-16
1.73221 1.99945 5.84468e-16
1.72914 4.2004e-16 3.01505
1.38194 1.37894 3.81233
0.931612 0.929592 5.12295
1.61972 1.40309 2.82222
1.6952 2.12254 5.15504e-16
1.15461 2.30694 3.46806
0.130181 3.99152 1.49841e-08
1.83183e-07 3.86402e-07 6
0.669755 3.76905 3.94169e-08
1.07108 3.37663 0.146046
0.433181 0.211931 5.84894
1.07808 2.98177 2.35268
1.49432 2.65858 5.8632e-16
0.457142 3.09516 3.5446
0.247228 2.22429 4.93134
1.73391 1.54273 1.90222
1.59396 3.97467e-16 3.62404
1.4737 2.10281 2.55047
1.14124 2.50398 3.18918
0.226367 0.926547 5.79717
1.48283 3.76914e-16 4.02629
0.666489 3.33249 2.64855
1.12023e-06 3.37587 3.21835
0.482985 2.46614 4.49627
1.84804 0.126313 2.28623
0.923585 2.80688 3.25516
1.18305 3.22515 1.35271e-08
0.481323 1.20364 5.53672
0.421929 3.58957 2.32519
2.60626e-07 1.0875e-07 6
0.58256 3.68926 1.52373
1.32733e-06 4 2.29866e-07
1.97831 0.587467 5.77526e-16
1.8974 4.50826e-16 1.89711
0.955581 3.5139 3.30709e-08
0.239617 1.96993 5.17235
1.12036 2.68727 2.90773
1.41423 2.8284 5.61326e-16
0.243734 2.76969 4.26797
1.9034 1.22781 0.0395688
0.975632 1.94895 4.34591
