0.728182 1.46732 5.13648
1.483 3.89433e-16 4.02572
1.79612 4.00471e-16 2.63926
1.96326 4.71853e-16 1.14472
1.1593 2.09577 3.74456
1.18215 3.22646 1.84709e-11
0.736327 2.46239 4.18064
3.85131e-07 3.1715 3.6563
0.223749 2.54648 4.57811
1.84937 0.0735994 2.28174
1.60005 2.39986 5.64104e-16
1.49808 1.02727 3.66436
2.05384e-06 1.70695e-06 6
1.5195 1.36095 3.32454
1.02745 5.62289e-16 5.14773
0.232042 1.97039 5.17493
1.34952 1.35187 3.9376
0.960098 1.43676 4.80201
1.25628 3.11241 4.87107e-11
1.37234 3.3839e-16 4.36464
4.3021e-07 3.54272 2.78578
0.931343 3.53978 0.0279456
1.28567 0.628192 4.49839
1.67631 2.18174 5.47904e-16
1.97907 0.577164 5.38647e-16
1.6302 1.21509 2.95971
3.65618e-07 3.01081 3.95016
1.16213 1.87684 3.9933
1.28237 2.55558 2.55048
1.66323 4.04098e-16 3.33213
0.775752 3.68685 1.53999e-09
1.03398e-06 3.9383e-06 6
0.959887 2.40128 3.84103
1.14999 2.31722 3.46646
3.43712e-07 2.83042 4.23964
0.760579 2.00366 4.66484
1.90245 1.23401 5.7984e-16
0.575094 3.83107 4.28275e-08
4.20239e-07 3.46061 3.00905
1.7315 2.00189 5.83543e-16
4.74275e-07 3.90559 1.29591
1.43124 2.4499 2.01477
0.732077 2.66185 3.90312
1.59769 3.93758e-16 3.60923
0.48151 1.20332 5.53673
0.197909 3.54515e-08 5.97055
1.71184 1.14095 2.62118
1.58202 1.97818 2.16115
1.78896 1.78843 5.59012e-16
4.46931e-07 3.68041 2.35005
1.33776 2.9719 0.14548
0.666494 3.33243 2.6487
1.22705 2.85566 2.02506
4.59759e-07 3.78606 1.93598
1.93719 4.44592e-16 1.49182
0.247227 2.22453 4.93109
1.89773 3.95326e-16 1.89413
4.67661e-07 3.85113 1.62168
4.80178e-07 3.9542 0.905339
0.235322 1.70829 5.37918
1.13478 0.879526 4.76129
0.974893 1.95046 4.34587
0.430681 3.90616 7.03208e-12
1.84522 1.07079 1.66632
1.41421 2.82842 5.60863e-16
1.48056 1.86385 2.90778
1.22268 3.55239e-16 4.7482
4.39872e-07 3.62228 2.54518
1.47245 2.10631 2.55048
1.60983 1.61264 2.6124
0.932997 0.930709 5.12118
0.698311 3.04677 3.27489
1.1729 1.36702 4.40615
2 4.4025e-16 5.62715e-16
1.04418 3.13307 2.02506
1.86625 1.43794 0.0394522
4.52898e-07 3.72955 2.16875
1.04771 3.40723 4.87107e-11
0.220551 0.927763 5.79875
1.73402 1.54275 1.89295
1.45556 2.74277 0.0769067
1.36034 1.81309 3.4567
0.823853 1.19734e-15 5.4673
1.80646 0.958518 2.13618
0.836782 3.35222 2.10096
1.12681 2.7671 2.71012
0.89037 3.11619 2.64883
1.72538 3.90419e-16 3.0344
4.8574e-07 4 7.03208e-12
1.34503 2.23735 2.90778
1.53599 2.56183 5.84931e-16
0.600464 3.61987 1.80892
0.638786 4.14255e-16 5.68573
1.14056 2.5051 3.19405
0.926606 2.80048 3.25985
1.94187 0.95738 5.81691e-16
1.83575 1.58746 5.8308e-16
4.12195e-07 3.39437 3.17428
0.948885 2.60884 3.55318
0.978329 3.32891 1.56594
