1.48875 2.67104
0.535494 3.85396
0.831238 3.63816
1.86741 1.43216
1.191 3.21343
1.55522 2.51498
1.96977 0.692813
1.68702 2.14846
1.98996 0.402976
1.8941 1.28432
1.36418 2.92508
1.96301 0.765711
1.70052 2.10544
1.58257 2.44578
1.05114 3.403
1.12572 3.30621
1.50122 2.64298
1.30523 3.03077
1.00853 3.45419
1.43518 2.78587
1.95083 0.881482
1.98053 0.556843
1.03426 3.42368
0.911269 3.56067
1.81034 1.70021
1.51633 2.60826
0.591279 3.8212
1.99713 0.214376
1.91798 1.13379
1.63087 2.31538
1.56873 2.48121
1.74206 1.96492
1.75611 1.91424
0.14775 3.98907
1.72554 2.02238
1.71414 2.06081
1.9925 0.346001
0.858559 3.61269
1.91083 1.18108
1.84666 1.53601
1.59522 2.41269
1.32311 2.99959
0.288605 3.95813
1.83527 1.58969
1.97558 0.623166
0.451482 3.89675
0.243806 3.97017
2 4.60153e-16
1.47165 2.70868
0.333551 3.94398
0.56342 3.838
1.26454 3.09901
0.628496 3.79736
0.730519 3.72362
1.41035 2.83614
1.14189 3.28395
1.78145 1.81817
0.37898 3.92753
1.64996 2.26063
0.991366 3.47401
0.491442 3.87736
1.3432 2.96365
1.52955 2.57718
1.98475 0.493026
0.656166 3.7786
6.23676e-06 4
1.28267 3.06904
1.45359 2.74741
0.684185 3.75866
1.09294 3.34992
1.90334 1.22847
1.24222 3.13489
1.93005 1.0486
0.424588 3.90882
1.66284 2.22257
1.77172 1.85581
1.38983 2.87638
1.61781 2.35177
0.191633 3.9816
1.95576 0.836667
1.54364 2.54336
0.938812 3.53193
1.67533 2.18472
1.82334 1.6437
0.803946 3.66261
1.79607 1.75971
0.760185 3.69979
0.885767 3.58632
1.88406 1.34213
1.21204 3.18179
0.964949 3.50364
1.17292 3.23991
0.702554 3.74509
1.1094 3.3282
1.85754 1.48262
1.87691 1.38162
1.92407 1.09171
0.785591 3.6785
1.068 3.38194
1.94115 0.963166
