1.13441 0.873944 4.7644
0.211771 3.59774 2.54421
1.55157 2.52224 0.140901
0.221491 3.19697 3.54431
1.89667 1.26909 5.87246e-16
1.39791 2.60139 1.78502
1.84774 0.142383 2.28629
1.17857 3.23169 6.78577e-12
0.560445 3.75082 1.23235
1.78887 1.7888 5.45589e-16
1.60092 2.39754 5.30315e-16
1.59274 1.40008 2.95943
0.835372 3.36218 2.06997
0.784726 3.53642 1.52276
1.89753 4.48067e-16 1.89586
0.890383 3.11607 2.64909
1.92371 1.09423 5.7012e-16
0.187848 2.97053 3.97848
1.18168 1.42162 4.34575
0.449072 3.89665 0.14564
1.94113 6.64463e-16 1.44505
0.935503 2.807 3.22605
0.931993 0.929903 5.12219
0.732905 3.72175 3.16735e-13
1.74123 1.52861 1.85894
1.1626 1.87811 3.98733
1.36664 1.82929 3.41489
1.30434 3.03229 7.85806e-16
1.28381 2.55258 2.55076
0.975049 1.94986 4.34616
0.190111 3.81636 1.71251
2 4.37473e-16 5.59938e-16
1.73983 3.89874e-16 2.95923
1.67529 2.18487 5.58549e-16
1.16095 2.1023 3.73168
1.79512 4.36913e-16 2.64537
1.07234 3.37639 0.0283942
0.653786 0.217606 5.66117
1.84733 1.05343 1.67016
0.719918 2.66872 3.91333
0.225486 2.50449 4.62947
1.47146 1.89234 2.90793
1.07677 2.9779 2.36904
0.231033 0.919709 5.79797
1.20802 3.44649e-16 4.78186
0.150608 3.93137 1.01242
4.2401e-06 4 1.13012e-06
0.640693 3.44735 2.35927
1.4821 3.83305e-16 4.0287
1.45291 2.07912 2.69729
0.959684 2.40061 3.83985
1.71958 1.13158 2.55076
1.05839 0.196657 5.08244
0.00344494 3.99999 5.14613e-09
1.73189 2.00057 5.65491e-16
0.481224 1.20362 5.53681
1.71008 1.87042 1.37095
1.572 3.92926e-16 3.70936
0.739793 2.46497 4.17171
1.6254 0.171445 3.48664
1.83807 1.57652 0.0341222
1.41541 2.82603 5.3263e-16
0.830799 6.17168e-08 5.45783
1.00793 3.2357 1.81655
0.945623 2.59332 3.58053
1.50758 1.5042 3.23324
0.684785 2.87981 3.62211
1.12488 2.67962 2.90793
0.243952 1.71142 5.37347
0.927395 3.5439 0.0341222
0.219435 1.97413 5.17668
0.246723 2.21962 4.9363
0.960492 1.43922 4.79964
1.61736 1.62671 2.55084
0.684135 3.19568 2.97051
1.3439 2.23997 2.90793
1.369 2.91103 0.276342
1.81407 0.946305 2.08983
0.733806 1.46949 5.12788
0.23774 2.69379 4.38511
1.45395 2.28495 2.28629
0.632875 3.7897 0.284759
1.95828 0.812774 5.49754e-16
1.15911 3.09762 1.52276
1.68964 3.91134e-16 3.21029
1.31987e-07 6.08508e-08 6
1.33869 1.56055 3.79363
1.96681 4.88024e-16 1.0885
1.25806 2.77994 2.08983
1.49426 2.65872 5.35407e-16
1.50083 1.03572 3.64882
1.32709 1.10552 4.17164
0.748434 1.95006 4.73312
0.194642 3.40041 3.10776
1.14903 2.31534 3.47215
0.408164 3.67202 2.04015
1.33943 3.10754e-16 4.45572
1.58097 1.98154 2.16106
0.433007 0.211291 5.84911
1.97901 0.577177 0.0472966
