1.87347 1.69313
0.673134 3.85118
1.28024 3.20374
0.866028 3.7019
0.551894 3.922
1.60159 2.57394
0.513536 3.94108
1.18004 3.35031
1.95323 1.2792
1.96787 1.18454
2.02824 0.638435
0.756075 3.79244
0.991693 3.57886
1.98602 1.05364
0.642673 3.87033
1.7054 2.29468
1.16184 3.37495
0.29786 4.01916
2.01875 0.754345
2.01314 0.814372
1.89719 1.58347
1.63395 2.49222
1.48027 2.84594
0.157762 4.04419
1.92738 1.42906
1.2031 3.31824
2.02288 0.70647
1.13721 3.40736
2.00101 0.929926
0.432491 3.97617
1.84763 1.80331
2.04722 0.264116
0.820436 3.7413
1.91735 1.48249
1.46161 2.88362
1.86049 1.74955
1.10399 3.44948
0.377404 3.99604
0.792846 3.76385
1.40924 2.98425
1.0533 3.51028
1.5048 2.79486
1.35364 3.0835
0.330683 4.01041
1.4274 2.95019
1.90805 1.53006
1.37484 3.04652
1.7177 2.25796
1.78327 2.04578
1.66848 2.39991
0.245015 4.03094
2.05 0.0500559
1.76509 2.10764
1.39294 3.01413
1.83218 1.86529
0.943615 3.62852
1.88567 1.63783
0.0536338 4.04999
1.31738 3.14435
1.68206 2.36204
1.80049 1.98473
1.97442 1.1392
1.73584 2.20215
1.69227 2.33294
1.5633 2.66529
2.03314 0.568281
1.9803 1.0968
0.579209 3.90743
1.33333 3.11795
1.30248 3.16852
1.01791 3.55037
0.699754 3.83303
0.477811 3.95742
1.44221 2.92176
1.62062 2.52642
1.2647 3.22774
1.12101 3.42813
1.7459 2.17029
1.94453 1.33178
1.96067 1.2321
1.93599 1.3812
1.52331 2.75507
0.973537 3.598
0.614635 3.88728
1.58104 2.62364
2.00578 0.886454
2.03664 0.511497
0.920108 3.65162
0.727117 3.81378
1.53965 2.71904
1.24196 3.26199
1.65115 2.44694
0.893629 3.67673
0.847853 3.71793
2.04253 0.395421
1.99137 1.01146
1.81678 1.92455
1.07661 3.48282
1.22509 3.28677
1.03508 3.53116
