1.73188 1.15525 2.67217
1.58338 2.53935 0.158396
1.18501 3.27881 0.423462
1.11673 3.01226 2.32478
1.18962 2.32532 3.48661
1.82462 0.183149 2.65024
0.968194 3.55685 0.123297
1.19767 1.41194 4.42794
1.31936 0.65357 4.51059
0.453703 3.28583 3.26442
1.89528 1.45776 0.0276285
1.72229 0.174087 3.20566
1.93169 1.24898 0.124811
0.637433 3.64221 1.83111
1.1739 0.921449 4.75759
0.806111 3.71066 0.173064
0.646117 3.83081 0.123297
1.98957 0.126802 1.18087
0.270269 0.951589 5.81958
0.967308 0.953632 5.13837
0.769749 2.01334 4.73872
1.28354 3.13964 0.123297
0.983843 2.62701 3.57213
0.811086 3.55721 1.59006
1.65077 1.44506 2.81452
1.9981 0.710833 0.0276285
1.09317 0.224718 5.09619
1.61518 1.99207 2.17911
0.926804 3.13518 2.67165
1.37119 2.98875 0.169483
0.0686022 4.0266 0.0577944
1.69589 1.85646 1.87728
1.70283 2.21222 0.0276285
0.689546 0.162787 5.6856
1.40404 1.82737 3.44178
1.7863 1.7786 1.15006
1.40922 0.176041 4.3597
1.45473 2.82966 0.0276285
1.16606 2.5361 3.21714
0.101035 0.0902327 6.0227
1.47717 0.637549 4.05849
1.50985 2.12731 2.5381
0.766397 2.69286 3.91362
1.63267 2.41364 0.0276285
1.75899 2.02931 0.0620519
1.46366 2.46775 2.03712
1.96127 1.04838 0.0276285
1.54475 0.187126 3.93248
0.516225 2.92388 3.89725
1.91165 0.100955 2.03686
0.282251 2.76318 4.33761
1.79087 1.91486 0.0276285
1.76436 0.348535 2.96316
1.49853 1.90845 2.95397
1.84427 1.70006 0.0276285
0.267235 1.99917 5.19818
1.19994 2.11055 3.75115
0.775378 1.50165 5.13402
0.224577 3.78457 1.99992
1.65653 0.198228 3.49892
2.0275 0.027526 0.0276285
0.148958 3.18594 3.69107
1.01473 3.34907 1.57815
0.580865 3.80514 1.09301
0.703159 3.35 2.68335
0.996684 1.46395 4.81326
0.187486 3.92815 1.26847
1.01073 1.97356 4.36087
1.54138 1.52587 3.24028
1.76222 1.56156 1.93058
1.8808 1.25379 1.33292
0.235251 1.7404 5.41391
0.746836 0.932406 5.45894
1.40274 1.38872 3.8758
1.95324 0.136385 1.63901
1.83377 1.01037 2.14008
0.465438 0.238793 5.87331
0.877242 3.37208 2.10897
1.53078 2.66579 0.0276285
0.516961 1.22831 5.55918
0.282134 2.25713 4.95001
0.765147 2.95868 3.45844
1.31479 2.57887 2.56515
0.996848 2.41802 3.85966
1.07954 3.15063 2.05049
0.487166 3.91996 0.123339
1.30151 2.77317 2.13225
0.776886 2.4771 4.20417
0.0383129 0.639536 5.9583
1.37555 2.26032 2.9305
1.87683 0.168088 2.30247
1.26724 0.187636 4.72959
0.851269 0.0275107 5.49492
1.10845 3.39155 0.172837
0.458907 3.61481 2.34487
0.256727 2.48909 4.70654
0.256831 3.51926 2.87245
1.206 1.88581 3.99364
1.5326 1.06081 3.662
1.16498 2.72721 2.84818
