0.499874 3.94697 0.146037
0.245953 3.36961 3.34544
1.41738 1.41372 3.92145
0.29299 2.01875 5.22471
1.67558 0.221416 3.53589
1.50247 2.79971 0.0784483
1.93498 0.125166 2.05224
1.81071 1.94717 0.0784483
1.98533 1.05788 0.120763
1.36833 2.24864 3.12922
1.16679 2.74757 2.94861
0.774458 2.72442 3.94658
1.02899 3.37908 1.61138
0.776186 2.04001 4.7769
1.54619 1.07577 3.72374
1.1879 2.5743 3.22632
0.654191 3.86201 0.19624
1.01012 2.44962 3.89026
0.879022 3.41382 2.13689
0.56575 0.0500212 5.84707
1.13484 3.02308 2.39945
0.531125 2.94746 3.92668
1.19817 3.31155 0.497735
1.55734 1.55939 3.27882
0.472842 3.64143 2.3672
0.050651 0.0516476 6.05
0.717062 3.38207 2.69843
1.30626 2.83338 2.13927
1.86208 1.74275 0.0501275
1.38807 3.02133 0.196152
0.783568 2.51219 4.23528
1.84573 0.364147 2.64924
1.36079 0.690745 4.48145
0.282301 0.974008 5.84597
1.40746 1.85466 3.53784
1.70265 0.599888 3.32696
1.7986 1.80099 1.30819
1.50503 2.11593 2.75974
0.531589 1.25363 5.58651
1.76492 0.15834 3.13301
1.66178 1.4577 2.90673
0.986608 2.85043 3.28465
0.748269 3.09464 3.32942
1.01046 1.48817 4.85041
1.76828 2.09694 0.0542129
1.56664 0.217015 3.95326
1.11168 0.247655 5.12618
1.46525 0.0500225 4.28953
0.723412 0.486322 5.66162
1.27564 0.12721 4.78993
0.999296 2.65912 3.5958
0.0547898 4.04999 0.0542129
1.21657 2.14672 3.7754
0.297398 2.27248 4.9831
1.95344 1.27759 0.0897175
0.651168 3.67066 1.85325
0.263076 3.54834 2.88812
2.01171 0.14887 1.20904
1.44821 2.65242 1.83525
1.02565 1.99976 4.39505
1.50086 2.34422 2.33604
0.284324 1.75397 5.43265
1.78553 1.13097 2.55245
0.968416 3.60331 0.0542129
1.62994 2.03825 2.20399
0.229118 3.81186 2.01728
1.35179 2.43402 2.87136
0.481815 0.261394 5.8999
1.91531 0.961406 1.73086
1.54792 2.69662 0.26371
2.04765 0.243762 0.0501275
1.18832 0.946046 4.79674
0.982336 0.979732 5.1717
1.11999 3.42802 0.196152
1.98252 0.0500795 1.59546
1.23591 1.4584 4.39505
1.7052 2.29495 0.108158
0.820103 3.74029 0.196152
0.915033 0.252101 5.45125
0.249291 3.18938 3.71978
1.64472 2.46401 0.0501275
2.05 0.0500823 0.050205
0.408247 3.89239 1.32517
1.89789 0.188832 2.33571
1.21252 1.92714 4.03858
1.70314 1.85767 2.06294
0.294734 2.82525 4.3081
0.0510307 0.0504009 6.05
0.941026 3.16554 2.69856
1.92521 1.44083 0.0501275
1.52229 1.94034 2.95707
1.29122 3.18648 0.0542129
1.32738 2.62285 2.58393
1.86836 1.52556 1.20904
0.782674 1.51468 5.18243
0.291107 2.5099 4.72566
1.85537 1.17462 2.00883
0.201724 3.98564 1.02719
1.20178 2.36482 3.51471
2.01897 0.751852 0.0501275
