1.88446 1.26401 1.34392
2.00067 0.742634 0.0800755
1.89861 1.46941 0.147052
0.76667 1.49842 5.1622
1.1792 3.2961 0.480503
1.88048 0.175205 2.31697
1.9674 0.107337 1.54666
1.50399 1.90379 2.97079
0.265386 2.00344 5.20662
0.759382 2.02235 4.75859
0.966981 0.964497 5.14976
0.993571 2.4304 3.87304
1.01203 3.3599 1.59891
0.993454 3.53538 0.317463
1.67741 2.0369 1.64763
0.896079 3.27781 2.39702
1.74308 0.181357 3.13335
0.0342579 3.25984 3.57717
1.53113 1.10461 3.66578
1.65148 1.23685 3.05683
1.16935 0.933579 4.78025
0.955102 2.9657 3.02934
0.246 3.63231 2.56879
0.99368 1.47072 4.83157
0.481537 3.92916 0.178842
1.9945 0.109791 1.19079
0.664878 3.82253 0.317463
1.4442 2.85334 0.432968
0.594518 3.7718 1.33513
1.73211 2.14024 0.110045
1.35298 2.23025 3.10485
0.263372 0.955572 5.82932
1.65842 0.203844 3.51693
1.16806 2.54317 3.22807
0.277115 2.71481 4.42262
1.10664 3.40659 0.0611582
0.753935 2.71027 3.92895
1.19717 1.911 4.02194
1.50872 2.13551 2.56941
1.41377 0.178062 4.36622
1.28865 2.82232 2.10296
1.31924 0.660488 4.52821
1.39975 1.39482 3.90546
1.96662 1.05023 0.0800755
0.483668 3.40412 2.96345
0.177948 3.79473 2.02304
1.00345 1.97518 4.39413
0.183344 3.9343 1.27391
0.849895 3.47212 1.86746
0.0380147 0.036379 6.03247
1.91638 0.106713 2.04409
1.84671 1.71601 0.0611582
1.26284 3.18604 0.0540832
2.0325 0.0328926 0.0327879
1.40742 1.82373 3.46414
1.49158 0.630861 4.03676
0.467769 0.241828 5.88026
0.249498 2.49749 4.71276
0.685467 0.247386 5.69455
1.56953 0.166254 3.86623
0.70038 3.36393 2.68088
2.0325 0.032708 0.0328891
1.37142 3.00311 0.179138
1.82629 0.188597 2.67563
1.71476 1.70869 2.08397
1.19035 2.3404 3.48979
1.64302 1.64422 2.64234
1.19776 1.42765 4.43704
0.247944 3.41097 3.17902
1.7359 1.34365 2.48562
0.0559564 4.0322 0.0540832
0.771732 2.49552 4.20899
1.52117 2.70359 0.0722401
1.58492 2.55354 0.130944
1.84257 0.984191 2.14792
1.81039 1.6425 1.34392
0.660058 3.56676 2.11834
1.93606 1.25935 0.0722401
1.10113 0.0326225 5.10421
1.10324 3.02508 2.38445
1.5412 1.53557 3.26222
1.3117 2.5951 2.58147
0.245981 3.00549 3.99517
1.26649 0.191571 4.74826
1.19793 2.12936 3.75852
1.61522 2.00905 2.19234
0.9827 2.63368 3.58921
1.6777 2.30648 0.103355
0.802927 3.72252 0.178842
0.280424 2.25437 4.96598
0.734619 3.0757 3.30754
0.241771 1.74525 5.41871
1.15378 2.71929 2.93887
1.6191 2.41041 0.821079
1.33539 2.41604 2.8502
0.515667 1.23276 5.57063
0.900152 0.235207 5.42992
1.73734 0.956453 2.85329
1.4583 2.49612 2.05914
1.79337 1.92878 0.0910431
