1.22709 3.28385
1.9157 1.49108
2.02513 0.678879
1.14401 3.39852
0.828075 3.73489
0.316223 4.01514
1.7886 2.02736
1.0083 3.56094
1.2416 3.26253
1.77873 2.06147
1.59309 2.5947
0.900604 3.67021
1.72553 2.23413
2.03844 0.479449
0.937191 3.63491
1.63314 2.49431
1.58019 2.62568
1.02467 3.54287
1.36543 3.06306
2.01982 0.7423
1.45469 2.89734
1.05126 3.51265
1.76149 2.11959
1.93613 1.38046
0.679822 3.84648
1.69591 2.32241
0.981288 3.58989
1.27822 3.20689
1.65784 2.42896
0.549364 3.92331
0.475529 3.95841
1.34556 3.09731
1.87326 1.69405
1.25705 3.23938
1.07696 3.48241
1.38814 3.02279
2.00899 0.855846
1.62107 2.52527
0.156084 4.04437
1.54454 2.70807
0.963502 3.60838
0.735511 3.8077
0.385013 3.99348
0.772267 3.78006
0.243143 4.0313
2.04434 0.350659
1.16047 3.37678
1.95959 1.23904
1.47346 2.85982
1.84994 1.79417
1.79936 1.98881
0.61455 3.88733
0.799815 3.7587
2.00091 0.930833
1.09383 3.46199
2.03276 0.574077
1.71168 2.27605
1.3231 3.13494
1.98016 1.09784
0.874076 3.69467
0.707535 3.82764
1.96748 1.18711
1.74533 2.17211
1.44061 2.92485
1.17894 3.35181
1.83893 1.8386
1.97403 1.14198
0.586947 3.90315
1.42343 2.95771
1.95303 1.28039
1.1191 3.43055
1.68266 2.36035
0.641778 3.87089
1.88535 1.63932
1.66955 2.39696
1.94508 1.32855
1.80838 1.95587
0.848744 3.71716
1.49158 2.82262
1.50428 2.79596
1.86355 1.73645
1.20133 3.32074
2.04829 0.215483
0.430548 3.97692
1.89689 1.58493
1.73301 2.21099
1.6063 2.5623
1.82141 1.90699
2.05 0.0500134
1.64606 2.46223
0.0515437 4.05
2.0144 0.801339
1.40784 2.98685
1.30153 3.17004
1.99124 1.01244
1.5624 2.66735
0.518202 3.93885
1.92703 1.43098
1.52235 2.75716
1.90775 1.53157
