0.772652 3.77976
1.56785 2.65471
0.800321 3.75784
1.92759 1.42792
1.35943 3.07351
1.77334 2.07989
1.23082 3.27842
1.44147 2.92319
1.534 2.7316
2.01982 0.742274
2.02562 0.672684
1.94417 1.33394
0.430435 3.97697
0.827562 3.73532
0.990174 3.58048
1.00806 3.56119
1.47963 2.84725
0.385278 3.99339
1.06847 3.49251
0.920818 3.65093
1.65787 2.42886
1.86636 1.72433
2.05 0.0500235
0.296016 4.01962
1.64194 2.47135
0.200495 4.03866
1.1851 3.34336
2.00416 0.901505
1.11914 3.4305
1.4072 2.98802
0.0516518 4.05
0.735627 3.80761
0.679714 3.84656
1.9077 1.53182
1.58824 2.60641
1.5169 2.76897
0.587532 3.90282
1.55193 2.69136
1.82743 1.88386
1.68878 2.34295
0.873598 3.6951
1.98589 1.05462
1.74536 2.17202
0.846205 3.71936
1.78278 2.04748
1.46061 2.88562
0.476138 3.95815
1.99625 0.971148
2.04252 0.395738
2.03057 0.606191
2.0456 0.315113
1.75724 2.13359
1.42635 2.95217
1.93661 1.37769
2.03943 0.460761
1.87383 1.69153
0.65311 3.86525
0.612798 3.88836
0.558648 3.91848
1.96789 1.18437
1.9605 1.23319
1.80003 1.98637
1.71673 2.26089
0.522096 3.93697
1.63026 2.50175
1.16054 3.37669
0.972738 3.59883
0.339796 4.00779
1.0512 3.51271
1.14398 3.39856
1.33808 3.10996
1.95304 1.28033
0.901082 3.66976
1.6747 2.38267
2.03462 0.54507
0.243254 4.03128
1.72918 2.2229
1.8126 1.94025
1.91769 1.48069
1.97415 1.14114
1.38867 3.02183
1.8476 1.80344
2.01307 0.81511
1.83869 1.83951
1.09418 3.46156
1.03393 3.53245
1.88537 1.63924
1.29975 3.1729
1.6173 2.53481
1.31927 3.14124
1.20101 3.3212
1.85559 1.7703
1.25596 3.24102
0.94664 3.62549
1.60064 2.57629
1.70478 2.29651
0.707631 3.82758
1.89691 1.58485
1.49163 2.8225
1.27888 3.20586
