1.12155 3.04014 2.40562
1.51717 1.93645 2.98593
1.94754 0.125659 1.94244
0.250219 3.20431 3.69039
0.998787 2.65427 3.60502
0.939051 3.16303 2.71113
1.839 1.83753 0.127267
1.78343 0.372615 3.00342
1.0288 3.37943 1.61082
1.69169 2.05996 1.67908
1.85378 1.03729 2.17699
0.780678 2.51418 4.2372
1.11798 3.43191 0.0781836
1.01049 2.44963 3.88941
1.195 3.31507 0.512968
1.42162 1.85442 3.47666
0.704616 0.202941 5.71486
0.982223 2.84954 3.29721
0.767678 2.732 3.94615
1.21449 3.13933 1.57373
0.752056 3.09167 3.32835
0.483324 0.261628 5.89887
1.23622 1.93068 3.97145
1.16082 0.714936 4.93875
1.77875 2.06085 0.120864
1.28057 3.20172 0.196049
1.42585 0.242555 4.39509
1.673 2.3873 0.0846639
1.91105 1.51479 0.0781836
1.98398 1.06745 0.141489
1.46016 2.87032 0.503772
0.909363 3.66079 0.185748
0.0530051 4.05 0.0523153
1.20484 2.35868 3.51478
1.33082 0.0500193 4.65821
0.473008 3.63951 2.37362
0.717255 3.38199 2.69823
0.789123 2.03087 4.76748
1.47925 2.5008 2.07504
1.51581 2.77113 0.0973727
1.74151 0.155932 3.24747
1.85551 0.128741 2.62823
1.59844 2.58115 0.127267
1.09581 3.18392 2.06451
0.599411 3.75954 1.57373
1.01039 1.48844 4.85035
0.292238 2.01787 5.22288
1.86786 1.7177 0.0781836
1.31826 2.80587 2.16253
1.5236 2.1533 2.60008
0.683114 3.83955 0.334653
1.02529 2.00045 4.39509
1.97496 0.164556 1.669
0.267887 2.51363 4.73149
1.41709 1.41323 3.92276
1.78518 1.59323 1.93252
1.89848 0.156344 2.33534
2.01197 0.12727 1.20869
1.35249 2.43648 2.86376
2.01805 0.760398 0.124368
1.75675 1.18578 2.67305
0.255611 3.54814 2.89363
0.297245 2.2731 4.98254
0.794183 3.76151 0.196049
1.01512 3.55185 0.208824
1.73631 2.20057 0.0846639
0.914868 0.252068 5.4515
1.66171 1.65716 2.65958
0.501135 3.94569 0.196049
1.23667 1.45589 4.39501
0.834568 3.58099 1.60154
0.783095 1.51648 5.18073
1.54873 1.08428 3.7075
0.264295 3.42606 3.20304
1.17012 2.73798 2.95708
0.236618 3.80674 2.03296
1.61495 2.20717 1.92158
1.95326 1.27743 0.143503
1.58559 0.211942 3.88648
1.33063 2.60925 2.60008
2.05 0.0500899 0.0500285
1.6756 0.221434 3.53577
0.0506979 0.978909 5.88597
0.292356 1.75345 5.42982
0.532247 2.95147 3.91849
0.981933 0.979251 5.17256
1.36952 2.24819 3.12533
1.89616 1.10405 1.73095
1.19973 1.19642 4.64847
1.10973 0.259363 5.12879
1.55813 1.55379 3.28139
0.886488 3.40981 2.12458
0.53218 1.25342 5.58616
1.38812 3.02125 0.196049
0.294616 2.81412 4.32442
0.199984 3.95551 1.26585
1.65656 1.25797 3.13017
1.51471 0.674646 4.02664
0.0542119 0.0535331 6.04998
1.19106 2.55489 3.23814
