1.91059 1.37505
1.55119 2.61853
2.01689 0.43896
1.94913 1.13627
1.38806 2.95931
1.29068 3.12871
1.60503 2.48627
0.367561 3.96926
0.0810307 4.02607
1.78556 1.93458
1.332 3.05952
1.61816 2.4522
0.667098 3.81744
1.89224 1.47354
0.187316 4.01471
1.21303 3.24901
0.521107 3.90376
0.821956 3.69838
1.96662 1.0069
1.47615 2.78533
1.50615 2.7209
0.315824 3.98572
1.81987 1.80224
2.01305 0.507475
1.236 3.21469
1.75567 2.04088
1.85929 1.63318
0.849153 3.67435
1.19734 3.27186
1.45565 2.82777
0.576207 3.87402
1.04197 3.47474
1.0924 3.41334
1.97171 0.965691
0.705432 3.79069
0.448339 3.93794
0.412855 3.95255
1.49382 2.74772
1.53958 2.64559
1.95563 1.09018
0.61253 3.85254
0.959036 3.56713
1.56622 2.58275
1.84691 1.68854
2.02148 0.337576
1.65353 2.35647
1.00774 3.51411
0.547146 3.89013
0.47582 3.92571
0.758685 3.7506
0.929049 3.59805
1.73101 2.12326
1.1172 3.38163
0.6396 3.83556
1.25893 3.17937
1.99641 0.730005
1.63833 2.39836
1.3476 3.03239
1.80563 1.85862
2.00171 0.667765
1.74464 2.07827
1.66934 2.31166
1.02499 3.4945
1.68845 2.25573
0.272082 3.99748
1.83378 1.7449
1.88195 1.52552
1.87096 1.57884
1.13339 3.36037
1.52344 2.68243
1.07575 3.43406
1.79504 1.89918
1.77102 1.98723
1.69755 2.22836
1.59332 2.51605
1.93657 1.22047
1.17367 3.30549
2.0275 0.0275669
1.92667 1.28152
2.0241 0.260727
1.0589 3.45457
1.30877 3.09887
0.98181 3.54278
1.43092 2.87735
1.15284 3.33423
1.71794 2.16518
1.36351 3.00412
1.98559 0.842093
0.876061 3.64962
1.41345 2.91134
1.57799 2.55414
1.27317 3.15691
1.91899 1.32712
2.0068 0.601472
1.99139 0.784175
1.90121 1.42639
0.731211 3.77172
0.795181 3.7211
0.903046 3.62384
1.97646 0.925372
