1.55714 2.64568
0.980994 3.56918
1.31276 3.12496
1.90789 1.4684
1.0247 3.52114
1.91712 1.41912
1.65855 2.38894
0.791252 3.74671
0.467388 3.94731
1.75465 2.0982
2.00637 0.768001
1.88683 1.574
1.94195 1.27557
1.63625 2.44922
1.68206 2.32273
1.82179 1.85582
2.0403 0.0402954
1.58513 2.57904
1.86308 1.68373
0.744083 3.78358
1.29087 3.16056
1.57053 2.61418
0.909709 3.6416
1.00726 3.54065
1.20791 3.28664
1.11016 3.41874
1.71525 2.22414
2.0362 0.279481
0.531865 3.91684
1.36957 3.02756
1.74326 2.13568
1.19165 3.30979
1.78237 2.00288
1.99748 0.858206
1.15125 3.36524
1.67159 2.35257
1.35054 3.06101
1.54202 2.68048
2.02809 0.471846
1.09394 3.43907
0.331203 3.99711
1.25391 3.21842
0.614918 3.87084
1.46681 2.84238
1.89764 1.52087
0.421665 3.9662
1.41255 2.94878
0.719097 3.802
0.376462 3.98271
1.87562 1.6269
1.8376 1.79239
1.16756 3.34322
0.837168 3.70814
1.2311 3.25277
0.818916 3.7238
0.234841 4.02073
1.93417 1.32252
1.51276 2.74562
1.05059 3.49134
0.936656 3.61506
1.43174 2.91207
0.287159 4.00908
1.97 1.08728
0.652391 3.84754
1.80657 1.91436
1.70269 2.2622
0.578175 3.89214
0.147978 4.03394
0.864539 3.68385
0.503835 3.93064
0.963267 3.58786
2.01799 0.628887
0.891605 3.65886
1.92588 1.37048
1.79614 1.95318
1.59604 2.55223
1.50057 2.77192
1.06776 3.47099
1.76864 2.05085
1.72782 2.18508
1.52986 2.70791
1.13445 3.38747
2.02406 0.540501
1.97572 1.04414
1.61658 2.50048
1.33162 3.09344
1.94911 1.23061
1.99072 0.920408
0.772864 3.76141
1.26974 3.19398
0.0429358 4.04023
1.85011 1.7401
1.95734 1.17649
2.0323 0.38575
1.39039 2.98998
1.45228 2.87167
2.01263 0.696855
1.48202 2.81106
0.689465 3.82288
1.98107 1.00196
