0.264017 2.49679 4.71391
1.01312 3.36401 1.60107
1.54178 1.53827 3.26949
0.922029 3.14842 2.7042
0.994495 2.43589 3.87388
1.07783 3.1533 2.12595
0.758681 1.24257 5.32652
1.51535 2.14174 2.54166
1.51299 2.7293 0.0691015
1.79856 0.161973 2.85678
0.47229 3.28552 3.28724
1.56995 0.198156 3.87187
2.03481 0.0411933 0.0348175
1.59335 2.54158 0.0348175
0.642652 3.84557 0.0607909
1.88271 0.15686 2.32092
1.74942 1.74564 1.75015
0.281647 2.25627 4.96923
1.26654 0.163609 4.75729
0.184945 3.93806 1.27565
0.809312 3.57376 1.59442
1.32023 0.663166 4.53376
0.0348175 4.03482 0.0348175
0.616925 3.72434 1.55864
1.09311 0.241443 5.11648
1.41504 0.161594 4.37204
1.88036 1.08699 1.72167
0.983663 2.63691 3.59287
0.278702 2.01098 5.19964
0.761329 2.71175 3.92273
0.178942 3.79973 2.01611
1.50578 1.92176 2.95993
1.18768 3.3034 0.0348175
1.78275 0.889264 2.65381
1.64681 1.23977 3.09225
1.61758 2.01028 2.19594
0.263668 1.75044 5.41126
1.39898 1.39598 3.92638
0.756684 1.76671 4.9907
1.18979 2.3408 3.50295
2.01935 0.53134 0.0348175
1.79506 1.93266 0.0740786
1.53836 1.07304 3.67202
0.967617 2.82996 3.30431
1.24774 3.21527 0.0348175
1.21385 1.67723 4.20908
1.77203 1.58049 1.90805
0.96487 0.966478 5.15926
0.73273 3.08077 3.31066
1.67676 2.04904 1.66534
0.270314 2.72725 4.41515
0.263511 0.959908 5.83159
0.516062 1.23845 5.57148
0.777433 2.0235 4.73987
0.0348174 0.0348174 6.03482
1.20026 2.13325 3.76274
1.17013 2.77998 2.76297
1.63346 2.43843 0.0348175
1.9967 0.111806 1.19425
0.767154 3.75701 0.0348175
0.769325 2.49799 4.22604
1.67046 2.33545 0.105667
0.0347724 3.24315 3.61794
1.85009 1.71197 0.112032
1.46628 2.48464 2.04977
0.485012 3.93216 0.0348175
0.963256 3.5777 0.0348175
1.3533 2.23467 3.11149
1.95735 0.126419 1.6804
1.16592 2.55016 3.23607
1.6458 1.64225 2.64552
1.27263 2.9213 1.89362
2.03487 0.0348658 0.0348658
1.3889 1.83835 3.52412
1.84524 1.00908 2.12451
0.275926 2.94864 4.08277
0.899494 0.220123 5.43743
0.242352 3.53315 2.87768
1.93164 0.109091 1.93176
0.467331 0.24623 5.88422
1.75308 2.08185 0.0348175
0.994595 1.47346 4.83627
1.98336 0.936292 0.0348175
1.66003 0.206079 3.5212
1.33598 2.4196 2.85678
1.93798 1.26265 0.0740786
0.872981 3.38882 2.12497
1.44719 2.86074 0.319589
1.37249 3.00681 0.180826
0.457169 3.62571 2.35779
0.687421 0.251861 5.69697
1.72679 0.101793 3.23129
1.18476 1.18208 4.63114
1.00997 1.98497 4.381
0.701146 3.36507 2.69116
1.32241 2.62961 2.47233
1.14676 0.668713 4.92979
1.89368 1.51081 0.0348175
1.07733 3.44842 0.0348175
1.47916 0.627598 4.08823
