1.85405 1.74654
2.03787 0.362718
1.80602 1.9374
0.973749 3.58595
1.02688 3.52811
0.459589 3.95699
0.323597 4.00499
1.30957 3.14188
1.20998 3.29444
1.87932 1.63465
1.81735 1.89461
1.93831 1.32859
0.368559 3.99127
1.7313 2.19248
2.04062 0.283783
1.66557 2.38619
1.95378 1.23343
0.766147 3.77453
1.60088 2.55563
1.2468 3.24033
1.63038 2.48068
2.02226 0.635298
0.829499 3.72298
1.97694 1.07297
1.86706 1.69008
1.96813 1.137
0.244641 4.02408
1.27225 3.20141
1.40569 2.97432
1.74588 2.14596
2.00346 0.847644
2.0325 0.476438
1.54543 2.68721
1.51587 2.7529
1.00078 3.55704
1.12054 3.41558
1.57377 2.6214
1.48505 2.81837
0.62607 3.87119
1.19492 3.31584
1.04418 3.50836
1.49783 2.79158
1.38991 3.00335
1.84164 1.79839
1.56085 2.65176
1.7862 2.0094
0.191958 4.03329
1.71 2.25794
2.02695 0.568681
1.77283 2.05606
1.06995 3.47809
1.4472 2.89491
2.00778 0.804252
1.15361 3.37242
1.75836 2.10501
0.737596 3.79613
2.04422 0.0442161
1.92276 1.41688
1.64987 2.42907
1.35223 3.07017
1.42865 2.93097
0.920719 3.63962
0.653247 3.85424
0.513901 3.93235
1.71934 2.22959
1.89088 1.58022
1.69751 2.29509
0.0442141 4.04421
1.13808 3.39293
2.01399 0.737027
0.858848 3.69736
1.68547 2.33119
0.884137 3.67438
1.22714 3.26955
1.91177 1.47565
1.61477 2.52078
0.476817 3.94952
1.46722 2.85496
0.55125 3.91355
1.37321 3.03337
1.33118 3.10607
1.94625 1.28076
1.09546 3.44709
1.96054 1.1891
1.53296 2.71528
0.280381 4.01623
0.80275 3.74536
0.947546 3.61302
1.2947 3.16593
1.98537 1.00739
0.586695 3.89426
1.99457 0.929891
1.58694 2.5898
1.83204 1.83716
1.79386 1.982
0.420708 3.97271
1.90161 1.52757
1.93027 1.37505
1.17593 3.34223
0.700377 3.82281
