0.474612 3.41605 2.96551
0.249361 3.41346 3.18885
2.00444 0.746994 0.0837714
0.0366656 4.03667 0.0366656
0.510288 3.12182 3.58143
1.88445 0.167716 2.32283
0.776263 2.0115 4.76088
1.79892 1.9255 0.132346
1.71576 2.20833 0.0642457
0.662815 3.57176 2.12256
1.82582 0.115829 2.72414
1.01191 1.98756 4.3833
1.40196 1.39862 3.91658
0.901041 0.236787 5.43871
1.96981 1.05908 0.0759096
0.87405 3.38963 2.13238
1.50806 1.90934 2.97179
1.9982 0.11997 1.19558
0.666848 3.82874 0.321572
2.03666 0.0366619 0.0366619
0.970205 2.8314 3.28809
1.75442 0.129574 3.10454
0.468436 0.241851 5.88655
0.278822 2.26347 4.96771
1.93973 1.26416 0.0759096
0.255772 1.75136 5.41615
0.265413 2.49736 4.71677
1.10596 3.41559 0.132346
1.37845 2.28271 2.94513
0.268338 2.007 5.21041
1.78493 1.78792 1.30441
1.52981 2.69164 0.305657
0.935289 3.12424 2.73423
0.701042 3.36663 2.70027
1.97084 0.111661 1.5549
1.57511 0.0977777 3.87526
1.80999 1.25261 2.12502
0.27609 3.0064 3.9913
1.3056 2.79479 2.14454
0.486203 3.93287 0.182543
1.38893 2.80714 1.56146
1.07811 3.15651 2.12193
1.54048 1.03768 3.69715
0.76519 2.49322 4.23493
1.47465 2.81562 0.0365172
1.48014 0.656125 4.08377
1.88609 1.10867 1.66697
1.1653 2.80027 2.7469
0.258377 0.963238 5.83408
1.17303 0.912062 4.79572
1.1842 3.29844 0.484272
0.200762 3.93782 1.26808
0.226215 3.79513 2.00964
0.516962 1.23864 5.57439
0.734302 3.08174 3.31569
1.2855 3.15911 0.182543
1.37423 3.00845 0.183142
1.58828 2.55925 0.177157
1.85317 1.7084 0.0703921
0.596565 3.7806 1.34324
0.272221 2.72149 4.42764
1.93434 0.119071 1.92382
1.46525 2.48828 2.06211
0.745181 0.968926 5.4717
1.68962 1.84474 2.0573
0.995869 2.43674 3.8771
1.015 3.3661 1.60318
0.987269 2.64409 3.58578
1.16863 2.55167 3.23511
1.6345 2.43359 0.322921
1.26793 0.226041 4.75569
0.968254 0.966684 5.15911
1.19161 2.34578 3.50468
1.09725 0.243516 5.11337
1.20836 1.91149 4.00432
1.61568 2.0247 2.20033
1.51393 2.15229 2.54357
1.31053 2.60393 2.599
0.77184 2.71471 3.91151
0.968883 3.57483 0.0642459
0.821224 3.56888 1.58042
1.41673 0.182034 4.3747
0.689595 0.251386 5.69854
1.66245 0.208146 3.52437
1.32114 0.672616 4.5338
1.65235 1.45661 2.8588
1.76485 1.11306 2.58755
0.248188 3.63489 2.57816
0.996676 1.47443 4.83808
1.76045 2.06505 0.0366656
0.80674 3.72709 0.132346
1.20217 1.42655 4.44432
1.54348 1.54605 3.26908
1.64605 1.03932 3.26904
1.20164 2.13091 3.76721
0.0363533 0.0363533 6.03635
1.77212 1.58068 1.93569
1.90394 1.46943 0.0841524
1.40697 1.84634 3.46243
0.768939 1.50535 5.17209
