1.0138 3.51041
1.90669 1.40614
1.37146 2.99391
1.74447 2.08524
1.03103 3.49068
1.76203 2.02545
0.70646 3.79248
1.73623 2.11247
1.97433 0.957491
0.743329 3.76512
1.9372 1.22669
1.50189 2.73488
1.77926 1.96439
1.51943 2.69632
1.18154 3.29796
0.0317675 4.02898
0.548561 3.89162
1.3949 2.95077
1.58505 2.5418
0.59512 3.86536
1.65374 2.36145
0.640237 3.83757
2.029 0.0289961
1.1403 3.35459
1.61232 2.47272
1.80729 1.85934
1.84252 1.71542
1.62512 2.43919
1.26554 3.17277
1.07368 3.43989
1.31152 3.09821
1.93134 1.26347
1.67552 2.29953
1.97993 0.909275
1.88689 1.50969
1.85228 1.67276
0.456266 3.93661
1.5314 2.66919
1.22176 3.23973
0.798673 3.72088
1.0482 3.47065
2.0156 0.490642
0.502314 3.91532
2.01938 0.431838
1.16469 3.32145
2.02726 0.194336
1.91338 1.3691
0.770813 3.74363
1.24498 3.20469
1.95329 1.11893
1.68406 2.27456
0.223367 4.01003
0.36532 3.97201
1.71305 2.1866
0.907586 3.62231
2.00461 0.651303
0.996171 3.53012
1.99883 0.720863
1.69683 2.23642
2.02263 0.347062
1.81835 1.8157
1.94655 1.16541
0.311351 3.9889
1.96493 1.03304
1.72487 2.14935
1.92183 1.32059
2.00956 0.584851
1.99208 0.793655
1.48973 2.76113
0.410014 3.9557
0.136781 4.02315
1.09894 3.40841
1.41212 2.91819
0.862651 3.66488
1.82885 1.77696
1.43315 2.87731
1.4531 2.83743
1.98571 0.856378
1.63476 2.41345
1.56468 2.59144
1.60034 2.50346
0.934585 3.5954
1.33195 3.06359
0.952324 3.57716
1.79557 1.90419
0.978677 3.54923
1.28908 3.13516
1.20466 3.26489
1.11562 3.38705
1.54747 2.63222
1.95921 1.07619
1.87604 1.56302
1.86451 1.61738
1.35286 3.02717
1.47114 2.80034
0.668658 3.81885
0.826158 3.69749
0.889672 3.63962
1.89674 1.45927
0.267206 4.00049
