1.21562 2.14288 3.78069
1.18583 2.79533 2.77633
0.483439 0.261639 5.89869
0.98016 0.98169 5.17463
1.02627 3.5412 0.0500633
1.46073 2.88557 0.0500633
2.05006 0.0500633 0.0500633
1.81797 1.92035 0.0500633
1.52923 2.16077 2.5569
0.789639 2.51134 4.2266
1.59924 2.57992 0.0500633
0.0814403 4.04957 0.0500633
1.08517 3.17567 2.1389
0.19389 3.81449 2.02979
1.89744 0.189693 2.33583
1.55671 1.55313 3.28838
1.76164 1.11651 2.71291
0.0502382 4.05024 0.0502382
0.281795 2.01851 5.22687
1.67522 0.221296 3.53627
1.59315 0.212787 3.85882
1.52245 1.94104 2.95834
1.2277 1.69833 4.22152
0.281657 0.968078 5.84853
1.97924 1.1051 0.0500633
2.03331 0.566671 0.0500633
1.41133 1.86401 3.50278
1.83596 0.135058 2.745
0.274287 3.27406 3.53627
1.00922 1.4897 4.8505
0.936962 3.16262 2.71888
1.19087 2.55211 3.24567
1.8568 1.00868 2.18474
1.20746 3.14734 1.57339
1.43023 0.196666 4.38518
0.653045 3.67029 1.84925
1.78348 1.59214 1.94386
1.95904 0.125074 1.83177
0.703223 0.25451 5.71268
1.20482 2.36025 3.51459
1.9199 1.46952 0.0500633
1.38791 3.02191 0.196283
1.01008 2.45007 3.88905
0.998421 2.6537 3.60615
1.3343 3.11649 0.0500633
1.02821 3.37809 1.61661
2.01156 0.127121 1.20907
1.86538 1.7289 0.0500633
0.935416 3.63679 0.0500633
1.68895 2.3427 0.0500633
0.0500611 0.0500611 6.05006
0.472644 3.63994 2.37339
1.99842 0.947568 0.127191
1.53448 2.72589 0.290109
1.61587 2.19534 1.94424
0.754877 2.74017 3.958
1.24929 0.0498829 4.85119
1.55338 1.08785 3.6889
0.781211 1.51662 5.18585
1.30421 2.83878 2.13516
0.682915 3.84453 0.0500633
0.824389 3.7375 0.146035
1.33523 0.678715 4.55418
1.19758 3.31136 0.497417
1.12387 3.42446 0.0836761
0.792105 2.0264 4.769
1.41678 1.41353 3.92378
0.717311 3.37231 2.72419
0.914059 0.217631 5.45439
0.29326 2.81791 4.32057
1.76549 0.118299 3.13057
0.268746 1.76343 5.42991
0.389155 3.01794 3.97786
1.1087 0.256207 5.13115
0.25585 3.54811 2.89175
1.68001 1.13502 3.11868
1.49406 0.667502 4.09691
1.89823 1.10396 1.72528
0.199138 3.95146 1.29237
1.02334 1.98696 4.41268
0.289072 2.50711 4.73018
0.888175 3.4036 2.13893
1.73965 2.19043 0.0500633
1.799 1.80187 1.30135
0.584095 3.84303 1.08186
1.9532 1.27759 0.160749
1.4767 2.5083 2.07568
0.466529 3.3067 3.29765
1.1997 1.19697 4.64844
1.27861 3.20489 0.196221
0.969869 2.85518 3.31958
0.481992 3.95592 0.0502382
1.65927 1.66191 2.66696
1.69412 2.05278 1.67983
1.32986 2.61087 2.60032
0.291888 2.27171 4.98666
0.531413 1.25341 5.58669
1.35011 2.43649 2.87162
1.36824 2.24914 3.12789
0.748029 3.09541 3.32949
