1.41508 1.41198 3.92154
1.8372 0.0482671 2.73105
2.02575 0.646864 0.0482671
1.33386 0.678164 4.54634
1.94898 1.29289 0.0482671
0.464824 0.0482671 5.91668
0.775308 3.77461 0.0482671
0.0702106 3.56682 2.91808
2.04827 0.0482671 0.0482671
0.0482672 3.37885 3.37111
0.0482672 3.96891 1.23746
1.63324 2.01691 2.20945
1.98881 1.01638 0.0482671
1.75291 1.18298 2.68471
0.99715 2.6504 3.60661
1.21173 1.44284 4.45749
0.447934 3.64397 2.38752
1.19661 2.36236 3.52433
0.561579 2.37646 4.67781
0.480255 3.95385 0.0482671
1.69967 1.85469 2.0766
1.17805 2.81054 2.75839
1.5603 2.66648 0.0482671
0.88679 3.40187 2.13802
1.37584 3.03996 0.0482671
1.62404 0.0482672 3.7432
1.10563 0.0482671 5.14119
0.76891 2.04147 4.77979
0.782294 1.48737 5.19523
1.41788 1.85074 3.48445
1.99097 0.0482671 1.47417
0.709604 3.37815 2.71581
0.0482672 2.74921 4.47388
1.0078 1.48764 4.84953
1.52897 0.0482671 4.08158
1.65609 1.05016 3.28488
0.529261 1.25168 5.58536
1.3435 2.65669 2.42704
1.52659 2.16139 2.55512
0.765073 2.91662 3.63491
0.0482672 3.05625 4.00328
1.24042 3.03137 1.83336
1.17965 2.56415 3.24798
1.86894 1.70373 0.0482671
1.25 3.24567 0.0482671
0.98696 2.87333 3.31299
1.02207 2.0032 4.39181
1.06794 3.48936 0.0482671
0.0482672 4.04827 0.0482672
1.51953 1.91744 2.99067
0.0482672 3.22616 3.69206
0.186903 4.03865 0.0482671
0.939918 3.15609 2.71527
1.21479 2.12961 3.79078
1.62852 2.49975 0.10654
1.54866 1.08428 3.69855
1.58477 2.35754 1.70774
0.978102 0.979718 5.17337
1.69912 2.30631 0.0482671
1.74331 1.55628 2.2899
1.39024 2.28727 2.9659
0.531371 2.75613 4.21977
0.746317 3.09374 3.32639
1.8945 0.0482671 2.35543
0.887217 0.0482671 5.49487
0.0482672 1.71323 5.50379
0.280308 2.01957 5.22242
0.629555 3.73833 1.57214
1.09266 3.16217 2.13789
0.680672 0.0482671 5.74042
0.0482672 3.86318 1.85227
0.0482672 0.220969 6.04267
1.26965 0.0482671 4.79947
1.76659 0.0482671 3.11848
1.18332 0.95714 4.80003
0.942232 3.62644 0.0482671
0.0482672 1.19867 5.79477
0.757821 0.973613 5.48355
1.21082 1.92634 4.03577
0.822411 3.58527 1.61613
1.85375 0.989077 2.20945
0.0482711 0.0482711 6.04827
1.47369 2.51175 2.06297
0.0482672 2.22009 5.08683
1.15628 3.37291 0.333086
1.55715 1.55373 3.27471
2.0211 0.0482671 1.03383
0.589051 3.89927 0.0482671
1.46289 2.87587 0.0482671
1.90773 1.52072 0.10654
0.254483 0.0482672 6.01629
1.42378 0.0482671 4.40391
1.83708 1.83711 0.0877617
0.804351 2.58495 4.09511
1.94609 0.0482671 1.94151
1.89678 1.27875 1.40507
1.66436 1.46785 2.86963
1.7779 2.05663 0.0482671
0.0482672 2.45653 4.83894
0.0482672 3.70382 2.48408
