1.91249 1.35869
1.8516 1.66314
1.78202 1.94358
2.01391 0.477268
1.17624 3.29989
1.52149 2.68404
1.8227 1.78641
1.34955 3.0266
1.96243 1.03206
1.8939 1.45967
1.00904 3.51084
1.4365 2.86376
1.5441 2.63228
1.22191 3.23374
0.589993 3.86469
1.75902 2.02552
0.0266767 4.02667
0.231161 4.00569
1.68071 2.27524
1.57643 2.55504
1.32391 3.07108
1.98649 0.82412
1.9567 1.07526
1.38397 2.96449
1.47367 2.78788
0.524644 3.90066
0.803833 3.71229
0.885123 3.63941
0.386662 3.96133
1.8619 1.61641
1.39876 2.93689
1.56065 2.59324
1.9508 1.11774
1.45664 2.82316
0.552823 3.88576
1.96761 0.991311
1.0349 3.48117
1.99943 0.684251
0.682833 3.80523
2.01788 0.400774
1.13606 3.35482
1.50394 2.72302
1.92086 1.31032
1.1197 3.37641
0.17511 4.01562
1.9728 0.948518
0.423394 3.94715
1.41729 2.90143
1.72155 2.15012
1.24825 3.19378
1.83735 1.72529
1.80809 1.84481
1.07779 3.42964
1.05236 3.46055
2.02667 0.0266669
1.63651 2.40009
1.87331 1.56265
1.90356 1.40821
0.964869 3.55921
1.62427 2.43299
0.65509 3.82404
1.77214 1.97934
2.00718 0.58328
1.29495 3.11948
1.19494 3.27323
1.65298 2.35476
1.16058 3.3216
1.09465 3.40858
1.97986 0.886789
2.0222 0.29306
1.59202 2.5163
0.288907 3.99212
1.48632 2.76112
1.88418 1.50927
2.00222 0.649826
0.832405 3.68766
1.70886 2.1901
1.92884 1.26221
0.71768 3.78029
0.912246 3.61312
1.30646 3.10045
0.939135 3.58606
1.99316 0.755506
0.477599 3.92364
1.73298 2.11321
1.94433 1.16239
1.60897 2.47308
1.79766 1.88516
0.341672 3.97672
1.66489 2.32111
1.69303 2.24144
1.36346 3.00183
0.748469 3.75705
1.93634 1.21503
0.62514 3.84335
1.27638 3.14956
0.983143 3.53954
0.775884 3.73536
0.857947 3.66475
1.74579 2.07071
