1.49827 1.07114 3.63694
1.55397 2.52319 0.139208
5.74719e-14 2.82843 4.24264
1.81536 1.67809 0.0665505
6.10857e-14 3.0135 3.94554
1.33773 2.97195 0.146067
1.50668 1.50892 3.23446
1.7399 8.23699e-16 2.95886
1.57012 8.48048e-16 3.71653
6.73219e-14 3.32826 3.32808
0.715427 1.20532 5.30327
7.78217e-14 3.83212 1.72002
0.652876 0.152346 5.66671
2 8.31152e-16 9.53616e-16
0.625091 3.54236 2.08038
7.03004e-14 3.46364 3.0012
1.90338 1.22822 9.40196e-16
1.84688 1.05317 1.675
0.666585 3.33124 2.65717
0.978438 3.32919 1.564
1.26902 2.75466 2.10545
1.73247 1.99854 9.83507e-16
0.74633 3.71106 1.21592e-15
1.60118 2.39685 9.25556e-16
1.03968 3.41705 1.20433e-15
1.16146e-15 1.16146e-15 6
0.742178 2.47635 4.15543
1.27385 2.56693 2.56581
1.06159 0.211215 5.07512
0.841705 3.3463 2.10451
1.68084 2.16773 1.01462e-15
1.60758 1.61035 2.62799
1.79168 8.84941e-16 2.66627
1.13977 2.50521 3.19172
6.46995e-14 3.17741 3.64475
1.9677 0.715992 1.01462e-15
0.973287 1.94557 4.35682
1.97555 8.62318e-16 0.935253
0.863046 0.201805 5.40414
1.4788 2.09246 2.54304
1.41483 8.3147e-16 4.2408
1.13601 2.74741 2.72824
1.49393 2.65946 9.87777e-16
1.18631 1.41184 4.34446
1.62537 0.171471 3.48674
1.15999 2.10222 3.74015
7.93826e-14 3.92016 1.19281
0.784732 3.53033 1.55541
7.49074e-14 3.70368 2.26633
1.04452 3.11905 2.0717
0.581333 3.68854 1.53378
1.37208 1.80573 3.42347
0.962056 1.42562 4.80595
1.80752 0.954756 2.13185
1.70874 1.10989 2.63633
1.58136 1.99089 2.14215
1.17832 3.23206 1.01218e-15
0.742649 1.73293 4.92995
1.48315 8.16657e-16 4.02521
0.252169 2.54956 4.56578
1.3183 2.19945 3.0784
7.24356e-14 3.56803 2.71212
0.228875 0.927022 5.79612
1.3082 2.37124 2.81891
0.432976 0.212175 5.84906
0.698801 3.04482 3.27816
1.94027 0.970238 9.86557e-16
1.36831 1.36545 3.87227
1.41421 2.82843 9.82287e-16
1.69857 1.86859 1.52139
1.13307 0.897118 4.76103
0.230183 1.70539 5.38325
1.2386 0.0550495 4.71754
0.247318 2.22456 4.93144
0.931382 0.929384 5.12681
1.154 2.31006 3.46904
0.889998 3.11105 2.66891
0.480633 1.20388 5.53807
0.2415 1.97156 5.17081
1.59443 1.38635 2.96578
1.24988 3.1227 1.54411e-15
1.3291 0.884803 4.28252
8.08525e-14 4 1.34768e-15
1.41528 2.48871 2.00923
0.744835 2.22643 4.45575
1.69603 1.50893 2.23344
0.948869 2.60566 3.55404
1.47254 1.89281 2.90447
1.89766 8.7779e-16 1.89471
0.894596 3.57754 1.29156e-15
0.933248 2.79359 3.25706
0.961968 2.40382 3.83929
0.578243 3.82917 1.39893e-15
1.8513 8.42831e-16 2.27032
1.9475 8.41802e-16 1.36576
1.68357 8.61941e-16 3.23888
1.16836 1.8659 3.98507
0.433855 3.90475 4.16228e-15
1.8667 1.43587 9.72527e-16
1.78916 1.78762 9.66426e-16
