1.88616 1.33026
1.75768 1.90846
1.70359 2.09551
1.82352 1.64291
1.94115 0.963169
1.03423 3.42367
0.84909 3.62163
0.376997 3.92829
0.516913 3.86409
1.83539 1.58914
1.71833 2.0468
1.21278 3.18067
1.58527 2.43879
1.76802 1.86987
1.6949 2.12349
1.90975 1.18804
1.25023 3.12214
1.85743 1.48319
1.93005 1.04861
0.126832 3.99195
1.84666 1.53601
1.87693 1.3815
0.333571 3.94404
1.4026 2.85147
1.08726 3.3573
0.86735 3.60428
1.34318 2.96369
0.719665 3.73207
1.78587 1.80076
1.64038 2.28837
2 8.59212e-16
1.68245 2.16274
0.750616 3.7076
1.53515 2.56383
0.288612 3.95813
1.66927 2.20322
1.19021 3.2146
1.1094 3.3282
0.982636 3.48392
0.591246 3.82122
1.95954 0.800521
1.92412 1.09134
0.191626 3.9816
1.62801 2.32342
1.96521 0.742881
0.938902 3.53183
0.822136 3.64642
1.15019 3.27235
1.28601 3.06345
1.47641 2.6983
0.55459 3.84314
0.684112 3.75872
0.433768 3.90479
1.79979 1.74443
1.50589 2.63233
1.77707 1.83523
1.06073 3.39108
1.44128 2.77323
1.55567 2.51387
0.776796 3.68597
0.894257 3.57788
1.30524 3.03102
1.97279 0.657596
1.6533 2.25088
1.89408 1.28443
1.81307 1.68854
1.32422 2.99763
0.91236 3.55955
1.98829 0.43223
1.57039 2.47699
0.628607 3.79729
1.13383 3.29511
1.51656 2.60816
1.42207 2.81262
1.48908 2.67032
4.17859e-16 4
1.91773 1.13542
1.59538 2.41227
0.793918 3.67135
1.26826 3.09291
1.22778 3.15782
1.74296 1.96173
1.72944 2.009
0.965149 3.50342
1.45963 2.73459
1.9925 0.346003
1.17166 3.24174
1.017 3.44425
0.656163 3.7786
1.99641 0.239569
0.999903 3.46421
1.95083 0.881485
1.61469 2.36031
0.470294 3.88784
0.243841 3.97016
1.8675 1.4317
1.38483 2.886
1.98054 0.556623
1.36528 2.92302
1.9022 1.23552
