1.87689 1.38173
0.643932 3.78863
0.939011 3.53172
1.45958 2.73469
1.74168 1.96626
1.39051 2.87528
0.674696 3.76552
1.31595 3.01215
0.730285 3.72381
1.37156 2.91124
1.70261 2.09867
1.75523 1.91745
0.822341 3.64623
1.91905 1.12651
1.2302 3.15379
1.44114 2.77354
1.94115 0.963169
0.489156 3.87867
1.57553 2.4639
1.90289 1.23128
1.54429 2.54179
1.56297 2.4957
1.00868 3.45402
1.29119 3.05471
1.82312 1.64469
1.72811 2.01359
1.76599 1.87753
1.64556 2.27345
1.1499 3.27275
1.94616 0.921865
1.40879 2.83924
0.86749 3.60414
1.47754 2.69583
1.51235 2.61747
0.517 3.86405
1.42554 2.8056
1.59028 2.42571
1.25022 3.12215
0.369685 3.93107
1.95415 0.851564
1.6147 2.36028
1.67463 2.18688
0.235659 3.97214
1.85747 1.48295
1.33099 2.98561
0.840881 3.62928
1.79605 1.75977
1.80984 1.70232
0.404887 3.91759
1.35081 2.95044
0.323922 3.94719
1.88574 1.33267
1.97572 0.623404
1.68732 2.14751
1.1094 3.3282
1.06799 3.38195
0.442987 3.90065
1.66076 2.22878
1.49532 2.65633
1.0257 3.43392
1.26829 3.09286
0.608837 3.81015
1.98273 0.524466
0.544825 3.84872
0.921172 3.55046
0.991066 3.47436
2 8.90323e-16
0.147741 3.98907
1.08468 3.36064
1.99123 0.374108
1.04272 3.41335
0.191627 3.9816
1.78381 1.80889
0.279003 3.96089
4.28229e-16 4
1.60133 2.39644
1.86746 1.43189
1.13373 3.29524
1.89492 1.27948
1.91036 1.18411
0.794799 3.67058
1.96235 0.772473
0.756945 3.70245
1.98829 0.432235
0.894652 3.57748
0.701861 3.74561
1.71414 2.06081
1.9357 1.00612
1.93005 1.04861
1.63065 2.31603
1.52955 2.57719
0.965204 3.50336
0.581883 3.82696
1.96977 0.692816
1.83511 1.59043
1.9956 0.26531
1.84673 1.5357
1.21136 3.18283
1.19043 3.21427
1.17373 3.23874
