7.78175e-14 3.83154 1.72291
1.34003 2.24794 2.93544
0.948356 2.60448 3.55594
6.73367e-14 3.33061 3.32277
1.03984 3.41686 1.39954e-15
7.21025e-14 3.56214 2.7295
1.17989e-10 1.15535 5.74427
0.740357 1.72943 4.93515
1.363 1.35996 3.88827
1.58469 1.98512 2.12893
1.57099 8.53035e-16 3.7132
1.97043 0.68533 9.38976e-16
1.482 8.34816e-16 4.02905
6.87266e-09 2.18015 5.03047
0.889305 3.11032 2.668
1.14923 2.31578 3.47171
8.09123e-14 4 1.40747e-15
1.60956 1.62166 2.60135
1.98065 8.68432e-16 0.832703
1.33772 2.97195 0.146142
0.717473 2.87227 3.58256
0.653624 0.0954069 5.66873
1.13039 2.7617 2.71374
0.684068 3.19598 2.96764
1.84975 8.78633e-16 2.28161
0.931359 0.92929 5.12348
7.0219e-14 3.45993 3.01082
0.642461 3.44677 2.3616
0.741841 3.71466 1.4276e-15
2.68893e-10 2.63302 4.51677
0.231245 1.97125 5.17528
3.34201e-08 1.65902 5.4596
1.89758 8.66799e-16 1.89548
0.747132 2.54217 4.05404
6.07482e-14 2.98875 3.98769
1.41418 2.82849 1.55265e-15
1.13467 0.8739 4.76637
1.66997 1.83137 1.84131
1.36683 1.81985 3.42554
0.784433 3.5308 1.55323
0.838441 3.35405 2.08854
1.17331 1.40871 4.37584
1.73464 1.5433 1.88683
1.60002 2.39994 9.68257e-16
1.28221 2.56662 2.56651
1.68987 8.13913e-16 3.20919
1.16468 2.09529 3.73426
1.94081 0.965957 9.35316e-16
0.507888 2.32056 4.64354
1.38575 7.96188e-16 4.32636
1.25402 2.78861 2.08583
1.46146e-10 2.79961 4.28542
1.78891 1.78864 9.89607e-16
1.23324 0.201213 4.71392
1.90161 1.23913 8.82245e-16
1.43011 2.44519 2.03579
6.42964e-14 3.17093 3.65741
1.82067 1.65528 0.0388479
1.10767 3.32462 0.296971
0.864795 0.202256 5.40191
1.86677 1.43553 1.0317e-15
1.55526 2.51482 0.0301105
1.94067 8.27546e-16 1.45055
1.18602 3.22078 1.68685e-15
7.51095e-14 3.70426 2.26417
0.434137 3.90463 1.19945e-15
7.92405e-14 3.92013 1.19304
1.49393 2.65946 1.01523e-15
1.04115 3.13124 2.08178
1.72938 2.00922 1.02743e-15
1.70217 1.13315 2.65226
1.48055 1.86397 2.9078
1.49995 1.02865 3.65658
1.2617 3.10361 1.62951e-15
1.05933 0.197174 5.08063
4.28272e-16 4.22288e-08 6
1.14184 2.50415 3.18696
0.432656 0.21149 5.84939
1.28527 0.63 4.49885
1.167 1.87612 3.98153
1.66588 2.21347 1.02377e-15
0.716327 1.18999 5.31145
1.62537 0.171461 3.48673
0.960199 1.44012 4.7998
7.55333e-09 2.39607 4.80442
1.73623 7.50658e-16 2.97818
1.47363 2.12688 2.50564
0.572736 3.83248 1.3489e-15
1.4774 1.47998 3.38045
2 8.71412e-16 9.93877e-16
1.6238 1.2241 2.98294
0.582146 3.68642 1.54059
0.967664 1.94988 4.36158
1.8449 1.06899 1.67209
0.930128 2.79446 3.26243
0.878329 3.59363 1.64842e-15
0.481683 1.20414 5.53845
0.978335 3.32885 1.56618
1.80704 0.958975 2.13126
1.78877 8.68724e-16 2.68382
