0.931661 0.929576 5.12524
1.3105 2.39694 2.80634
0.962966 1.44429 4.7942
1.78877 1.78919 9.70697e-16
0.431725 0.211519 5.84995
1.33774 2.97193 0.146097
0.600691 3.62138 1.80228
1.04726 3.13143 2.03042
1.73245 1.99861 1.00608e-15
1.48389 8.41757e-16 4.02278
1.96756 8.99161e-16 1.07624
7.78028e-14 3.84602 1.64872
0.741563 1.98561 4.71103
1.1116 2.80287 2.68455
1.93324 8.66897e-16 1.53723
0.97912 1.96047 4.32714
0.222674 0.927988 5.79812
0.492779 2.47939 4.47406
1.47093 1.87795 2.94066
0.838793 3.35054 2.09977
1.16699 3.24846 1.16712e-15
1.36696 1.36463 3.87702
0.947485 2.60728 3.55591
0.753999 2.5066 4.09227
0.894689 3.57745 1.2879e-15
7.99043e-14 3.9454 0.988016
7.01331e-14 3.46326 3.00217
4.71187e-14 2.30426 4.90443
7.57112e-14 3.73101 2.16312
0.572536 3.8326 1.56851e-15
0.433171 3.90505 1.56302e-15
1.82041 1.65594 0.0719409
1.1686 1.8703 3.9798
8.08854e-14 4 1.38063e-15
7.26568e-14 3.57743 2.68411
1.13472 0.907806 4.74946
1.45826 2.73757 2.16133e-05
0.864536 0.202155 5.40197
1.24913 3.12389 1.56241e-15
1.25439 2.7894 2.08305
1.15426 2.31646 3.4708
0.959067 2.40018 3.84184
0.649119 3.42973 2.39865
1.74134 8.68406e-16 2.9512
0.931114 2.79644 3.2582
0.372278 3.79742 1.51879
1.27526 2.56932 2.56201
1.50938 1.50612 3.22778
0.684057 3.1977 2.96928
0.230097 1.97157 5.17784
1.49359 1.06604 3.65798
0.719604 2.86749 3.59746
6.06533e-14 2.98845 3.98818
1.71642 1.71955 1.68423
1.14098 2.50586 3.18807
1.53508 2.31004 1.66885
1.41473 2.48773 2.01542
2.08997e-08 5.99412e-08 6
1.18317 1.41736 4.34522
1.90338 1.22794 0.0395187
2 8.45182e-16 9.67646e-16
1.89741 1.31575e-15 1.89697
1.96985 0.691875 9.01155e-16
1.53721 2.5589 9.82287e-16
0.742882 3.71383 1.60877e-15
1.2676 0.13373 4.63665
1.76531 1.35955 1.95397
6.76921e-14 3.32742 3.32995
1.60426 2.38861 1.01645e-15
1.66675 8.50121e-16 3.31626
0.978467 3.32889 1.56552
0.650431 0.198482 5.66604
1.60981 1.60799 2.61893
6.45615e-14 3.17443 3.65058
1.94083 0.965804 1.00669e-15
1.47703 2.10549 2.52807
1.86317 0.910639 1.70202
1.3168 2.19696 3.088
1.67135 2.19688 1.02377e-15
5.49458e-14 2.7069 4.41741
1.87003 1.41842 1.0256e-15
1.7125 1.06707 2.65411
0.480454 1.2024 5.53801
1.06819 3.3814 0.0680227
1.37012 1.81263 3.42887
1.42068 2.49784e-15 4.22314
1.41418 2.82849 1.44712e-15
1.80749 7.19734e-16 2.56843
1.84759 8.89349e-16 2.2973
1.58988 8.19967e-16 3.64014
1.6178 1.20349 3.03076
1.58194 1.98416 2.14993
0.782521 3.53073 1.56427
1.05876 0.197168 5.08171
0.739907 1.7191 4.94491
1.31191 0.856862 4.34259
0.719445 1.20189 5.30013
0.892709 3.10215 2.68253
3.49346e-14 1.7059 5.427
1.16657 2.09682 3.72681
