1.87688 1.38177
1.47165 2.70869
1.57057 2.47653
1.00001 3.46409
1.30593 3.03118
0.903387 3.56869
1.83546 1.58884
0.656318 3.77849
1.98054 0.556623
0.876418 3.59549
2 8.83003e-16
0.981887 3.48477
1.48816 2.67237
1.79605 1.75977
0.748986 3.70892
1.63086 2.31542
0.553569 3.84373
0.729205 3.72465
0.939367 3.53134
1.85754 1.48263
1.94616 0.921867
1.86741 1.43217
1.32713 2.99247
1.64506 2.27488
1.40879 2.83924
1.89419 1.28381
0.85893 3.61265
1.78573 1.80129
1.39069 2.87471
1.96977 0.692816
0.243887 3.97015
1.36957 2.91499
0.413589 3.91354
1.16565 3.25039
1.13374 3.29523
1.55563 2.51397
1.1094 3.3282
1.23545 3.14558
1.97558 0.62317
1.99123 0.374108
1.6189 2.34876
1.84666 1.53601
0.831581 3.63784
1.8858 1.33232
1.66183 2.2284
1.04277 3.41329
1.92392 1.09279
0.794838 3.67055
1.71414 2.06081
1.06796 3.38198
1.4286 2.79937
1.53923 2.55404
1.93005 1.04861
1.45361 2.74738
1.25205 3.11922
1.58982 2.42691
1.91076 1.18152
1.15013 3.27243
0.525901 3.85924
0.776243 3.68643
1.99641 0.239569
0.590779 3.82151
1.98475 0.493028
1.27283 3.08539
1.52292 2.59286
0.956621 3.51276
0.34155 3.94124
1.80984 1.70233
4.12369e-16 4
1.08449 3.36088
0.628493 3.79737
1.73237 1.99889
1.21251 3.18109
1.90348 1.22762
1.74756 1.94529
1.93579 1.00541
1.3507 2.95
0.147743 3.98907
1.60518 2.38612
0.498158 3.87393
0.921257 3.55037
0.191627 3.9816
1.95924 0.803428
1.75794 1.9075
1.91762 1.13617
0.702658 3.74501
0.305261 3.95313
1.6949 2.12349
1.28761 3.06076
0.46104 3.89227
1.95473 0.846258
1.50714 2.62948
0.378348 3.92777
1.96535 0.741374
1.77311 1.85047
1.02617 3.43335
1.82285 1.64587
1.18939 3.21581
0.684004 3.7588
1.67463 2.18688
