0.959018 2.39993 3.8423
1.73232 1.99908 1.02499e-15
0.948769 2.60449 3.55801
1.1832 1.41674 4.34559
7.78368e-14 3.84604 1.6486
1.62072 1.119 3.09045
0.481233 1.20428 5.53648
0.432502 0.212095 5.84963
1.49445 2.65828 8.88955e-16
1.81859 1.66435 0.0453266
1.49763 1.06919 3.64574
1.41389 2.82907 1.64537e-15
0.600464 3.62067 1.8065
1.78884 1.78891 1.0012e-15
1.50811 1.50469 3.23053
0.863976 0.202026 5.40278
1.90406 1.22404 1.02621e-15
0.738973 2.4579 4.18239
0.652863 0.173543 5.66535
1.80415 0.984989 2.12659
1.33352 2.00189 3.33748
1.62537 0.171457 3.48675
1.79202 8.56922e-16 2.66422
1.66342 2.22085 1.00608e-15
0.241221 1.96836 5.17394
1.0602 0.197456 5.07907
5.75695e-14 2.83399 4.23428
7.95345e-14 3.94563 0.985883
0.245576 2.22061 4.93644
1.86746 1.43191 8.76145e-16
1.28312 2.5623 2.54012
1.25224 0.21464 4.66943
0.933019 2.79036 3.26971
1.84924 7.84628e-16 2.28533
1.35946 1.36429 3.90231
0.429763 3.90656 1.47396e-15
1.73255 1.54144 1.90742
1.4831 8.33121e-16 4.02538
1.03985 3.41684 1.05427e-15
0.697923 3.04495 3.27944
1.74003 8.37745e-16 2.95816
7.02531e-14 3.46246 3.00426
0.231971 0.927554 5.79491
1.61087 1.60721 2.61417
1.85172 1.23268 1.31203
0.742642 3.71402 1.4703e-15
1.04745 3.11116 2.08529
0.376445 3.79621 1.51695
0.727239 1.46301 5.1444
7.25e-14 3.56433 2.72306
0.661931 3.3308 2.66548
1.60023 2.39938 1.01035e-15
1.93389 1.01991 1.00303e-15
7.48578e-14 3.70538 2.26007
1.3697 2.91292 0.154518
0.575126 3.83105 1.41296e-15
0.894494 3.57764 1.29522e-15
1.4164 7.60901e-16 4.23608
0.25308 2.53991 4.57404
1.43137 2.45572 2.01798
0.838816 3.35151 2.0963
1.14082 2.73694 2.73483
1.68976 8.7246e-16 3.20972
8.11666e-14 4 1.66184e-15
6.41998e-14 3.17055 3.65815
0.931554 0.929189 5.12438
1.17706 1.88042 3.96601
1.14915 2.31565 3.47453
1.48126 2.09209 2.53526
2 8.53112e-16 9.75577e-16
0.961104 1.44099 4.79822
6.11162e-14 3.015 3.94297
1.57911 1.98863 2.1666
1.24871 2.80959 2.05107
0.236959 1.70734 5.37921
0.976831 1.95191 4.34123
0.978523 3.32952 1.56233
1.70096 1.16646 2.62665
1.89804 8.35135e-16 1.89131
1.47093 1.87473 2.93587
0.784074 3.53103 1.55433
1.24857 3.11852 0.29682
1.14205 2.51126 3.17535
1.56941 8.50401e-16 3.71921
1.34297 2.24067 2.91061
0.892166 3.10404 2.67743
1.08826e-15 1.08826e-15 6
1.96756 0.717488 9.51176e-16
1.54615 2.53574 0.131674
1.30623 3.02903 1.31474e-15
1.34583 0.879081 4.23791
6.74427e-14 3.32938 3.32554
1.13429 0.893286 4.75997
0.748286 1.99116 4.69648
1.69941 1.85781 1.51159
1.15591 3.26427 1.53557e-15
1.96571 7.75101e-16 1.10624
0.72344 2.66221 3.9174
1.93751 8.906e-16 1.48815
1.34023 1.77673 3.57178
