5.77757e-14 2.82843 4.24264
1.58261 1.9794 2.15464
0.97784 3.33014 1.56436
1.15728 2.09704 3.7486
1.3775 0.141795 4.3448
0.733078 2.67599 3.8796
1.42851 2.67749 1.22647
1.19973 2.82644e-08 4.8006
0.838208 3.35331 2.09321
0.784374 3.52842 1.56555
1.45453 2.07785 2.69893
0.969936 1.45318 4.7735
1.56986 8.39475e-16 3.71752
0.684537 3.19737 2.96379
0.926087 2.79779 3.26653
1.81919 1.66159 0.0552411
1.2738 2.56698 2.56364
0.253403 2.53703 4.5764
1.3662 1.3632 3.87572
1.33773 2.97193 0.146151
6.37412e-14 3.17047 3.65832
1.18144 3.22751 7.40722e-16
1.24909 3.12395 7.97453e-16
1.44318 2.33141 2.24174
1.49425 2.65873 7.85253e-16
8.02852e-14 4 7.80373e-16
6.0137e-14 2.98951 3.98639
0.202772 1.7148 5.3879
1.15523 2.31103 3.4691
0.231385 0.924031 5.79641
0.86498 0.20226 5.40132
0.948581 2.60578 3.55642
6.68706e-14 3.32777 3.32917
1.89742 8.9118e-16 1.89691
1.35301 2.02712 3.20626
1.93921 0.978679 8.63334e-16
1.06184 5.38402e-08 5.08454
0.93111 0.929024 5.124
1.78885 1.78889 1.00974e-15
1.9414 7.72124e-16 1.44182
1.23774 2.82713 2.05632
0.959065 2.4 3.84476
1.74003 8.74955e-16 2.95818
1.59962 2.401 9.95097e-16
1.73161 2.00151 7.49872e-16
0.894489 3.57765 1.41845e-15
0.716041 2.87353 3.58638
1.31841 2.8531e-08 4.51178
1.1718 1.40062 4.38498
1.72945 1.73011 1.5317
1.67524 2.18502 1.02987e-15
4.12369e-16 4.12369e-16 6
1.9679 0.713783 1.01523e-15
1.60953 1.61234 2.61449
1.6253 0.1798 3.48611
0.733259 2.46499 4.19307
7.87175e-14 3.92014 1.19291
7.37365e-14 3.67317 2.37541
1.84713 1.22965 1.37509
1.41405 2.82875 7.67562e-16
7.64922e-14 3.81353 1.81057
1.46897 1.88819 2.92547
1.50337 1.031 3.64241
0.433567 3.90488 7.95013e-16
1.7937 6.31424e-16 2.65398
0.600478 3.62013 1.80773
0.980562 1.95482 4.33188
0.574169 3.83162 7.87693e-16
4.53318e-14 2.21715 4.99395
0.479858 1.204 5.53769
1.69098 8.17708e-16 3.20396
1.14215 2.50613 3.18379
1.13974 2.74139 2.73247
1.03951 3.12397 2.08124
1.86721 1.43319 9.26166e-16
1.60992 1.19915 3.07936
1.84853 0.1421 2.28056
0.653471 0.152802 5.66606
0.232016 1.97082 5.17457
1.29851 2.39077 2.82531
1.97311 8.8642e-16 0.980552
1.5516 2.52242 0.129878
1.48336 8.19732e-16 4.02453
7.02505e-14 3.4638 3.00079
0.742755 3.71393 1.65696e-15
0.892824 3.10297 2.67865
1.34194 1.76605 3.57426
0.730781 1.46696 5.13339
7.1576e-14 3.56324 2.72627
1.11355 0.586081 4.90596
0.645683 3.43876 2.39158
1.80995 1.12852 1.94816
2 8.98253e-16 1.02072e-15
1.90322 1.22784 0.088578
1.16172 1.87673 3.9911
0.74341 1.98289 4.70998
0.456013 3.35318e-08 5.84196
1.72654 1.08971 2.54987
1.50696 1.50959 3.23019
1.0428 3.41324 7.83423e-16
