1.47165 2.70869
1.12743 3.30388
1.90216 1.23576
0.749135 3.7088
1.19751 3.20373
1.45338 2.74787
1.98983 0.402848
1.82285 1.64587
1.37549 2.90381
1.94716 0.913424
0.767326 3.69389
0.683709 3.75901
1.84676 1.53554
1.97816 0.589518
1.62857 2.32186
1.30286 3.03483
0.921221 3.55041
1.53491 2.56442
1.96563 0.738423
1.42261 2.81153
1.00857 3.45415
0.288575 3.95814
0.581806 3.82701
0.656163 3.7786
0.813194 3.65443
1.924 1.09222
0.191627 3.9816
1.72839 2.01261
0.419811 3.91089
0.333222 3.94409
0.244327 3.97004
1.95962 0.799743
1.51774 2.60496
1.55051 2.52832
1.93011 1.04819
1.21964 3.17016
2 8.01261e-16
1.6949 2.12349
1.50624 2.63154
1.17214 3.24104
0.609108 3.80998
1.78145 1.81818
0.947655 3.52247
1.97279 0.657596
1.27985 3.07375
1.99641 0.239569
1.74019 1.97153
1.75412 1.92152
0.894651 3.57748
1.64516 2.2746
1.40054 2.85551
1.1094 3.3282
2.27101e-08 4
0.387637 3.92415
1.05109 3.40306
1.48904 2.6704
1.6057 2.38472
0.720796 3.73119
1.33669 2.97541
1.91036 1.18411
0.86763 3.60401
0.794748 3.67063
1.25902 3.10804
1.02566 3.43397
1.79726 1.75483
0.840378 3.62975
1.08473 3.36073
1.7667 1.87486
1.94115 0.963168
1.59482 2.41376
0.965204 3.50336
1.71414 2.06081
0.991265 3.47413
1.95249 0.866721
0.545126 3.84855
0.470518 3.88773
1.89411 1.28429
1.88581 1.33227
1.86777 1.43027
1.91769 1.13571
0.513934 3.86568
1.32152 3.00239
1.99365 0.318512
0.147743 3.98907
1.14991 3.27274
1.80984 1.70233
1.98268 0.525267
1.87687 1.38181
1.44084 2.77415
1.66712 2.20973
1.06805 3.38187
1.56954 2.47915
1.24243 3.13455
1.58257 2.44579
1.35575 2.94071
1.83511 1.59043
1.61897 2.34857
1.68325 2.16024
1.65796 2.2371
1.85729 1.48389
