0.730631 2.88786 3.66946
0.780677 3.77406 0.0562436
1.0054 3.42726 1.57139
1.67831 2.09623 2.2912
1.84067 2.30145 0.258317
1.99574 1.32923 1.64904
0.519352 3.72684 1.57423
0.508594 2.54236 4.55915
2.01921 1.65974 0.164591
0.894255 3.34714 2.35365
0.757632 1.77412 4.98386
1.73889 2.1241 1.7245
0.974226 1.41033 4.83718
1.34992 2.50976 2.75945
0.384246 3.8593 1.09516
0.125728 3.5621 2.89148
2.00689 0.500553 2.35558
1.21407 1.45684 4.45812
1.44152 2.18099 3.38901
4.6673e-05 4.6673e-05 6.00005
2.20001 0.200013 0.200008
1.40637 1.63096 3.82504
0.233555 2.74493 4.53325
1.86461 0.160168 3.29924
1.56056 0.135625 4.20301
1.85136 1.22316 2.88784
1.59402 1.60935 3.42911
1.15924 2.84425 2.78618
1.19955 2.40592 3.54981
1.19756 2.1634 3.84763
0.14212 3.15511 3.88614
1.3731 1.15189 4.25066
0.764258 2.52506 4.32982
0.740082 2.25242 4.56899
0.438793 0.19459 5.8524
1.82351 1.62087 2.44142
0.178876 3.36451 3.369
1.12686 3.57383 0.141002
0.717841 0.906051 5.50641
0.253471 2.53811 4.80852
1.71757 1.50223 3.00152
1.90113 1.90414 1.37234
1.45739 0.138329 4.53008
1.61982 0.290642 3.99782
1.58548 1.99633 2.93821
0.175651 1.4946 5.73158
0.903593 3.03825 3.03588
0.00503546 4.00503 0.00502889
0.503245 2.2887 4.82949
1.0223 2.00434 4.24688
0.937461 3.57851 1.1294
0.704181 3.08062 3.33993
0.177136 2.02576 5.31777
1.98106 1.76634 0.15156
1.40748 3.12682 0.140963
1.70701 0.830337 3.50769
0.934773 1.18717 5.03225
2.05635 0.599357 1.84246
0.48581 3.16353 3.55445
2.16695 0.924383 0.208939
0.635105 3.8773 0.0696529
0.975344 2.41835 3.8794
1.46221 2.72415 2.06252
1.89963 2.08794 0.150026
1.7493 0.14995 3.75254
0.877539 3.69581 0.13026
1.22919 3.10392 1.85964
1.31764 3.27853 0.143081
1.20319 3.43518 0.405191
1.35654 0.646308 4.7372
1.48884 2.97873 0.100158
2.17166 0.200377 1.21345
0.505196 1.76342 5.32047
0.312475 3.92159 0.839796
0.400931 3.62985 2.3692
2.03959 1.40822 0.701436
1.12566 0.114306 5.29034
1.69458 2.44909 1.01902
2.11101 0.295496 1.96624
1.3017 0.219132 4.94049
0.832143 3.52801 1.86253
0.495789 2.78143 4.30354
1.74716 1.94244 2.13576
2.14452 1.13814 0.235196
1.12829 3.36373 1.08672
0.224409 2.97034 4.15978
0.196593 3.78715 1.99453
1.33121 2.6811 2.44133
2.08578 0.854268 1.28144
0.959742 2.68173 3.41211
0.894464 0.432581 5.47458
0.0112387 3.99997 3.31796e-05
1.14466 0.670853 5.06712
1.0717 3.2395 2.06782
0.672156 3.36171 2.67144
1.92976 0.319141 2.88273
1.57349 2.82322 0.280146
1.63432 2.64004 0.646518
1.74189 2.57747 0.151685
1.97022 1.17613 2.1419
