0.898012 3.5857
1.98047 0.560408
1.46769 2.75614
1.4885 2.67323
1.9422 0.957025
1.85103 1.51604
1.80211 1.73586
1.34384 2.98645
1.97024 0.691524
0.847839 3.6573
0.985977 3.49893
0.365983 4.02293
1.0958 3.34679
0.295774 4.05572
0.472222 3.96032
1.97573 0.625091
0.100258 4.10026
1.99103 0.384474
1.32528 3.02852
1.82798 1.62512
1.98458 0.500156
1.86134 1.46486
0.40843 3.99952
1.07604 3.37917
1.70423 2.09463
0.693534 3.83782
1.91308 1.16902
1.24527 3.13328
1.89714 1.26938
1.61959 2.34806
1.68491 2.15669
1.22656 3.17083
1.72274 2.03274
1.98817 0.4407
1.01898 3.4444
1.37647 2.91385
0.866609 3.63011
1.51713 2.60777
1.213 3.19818
1.59225 2.43436
1.64248 2.28408
1.54422 2.54262
0.94182 3.54298
1.81552 1.67953
0.791283 3.73502
0.583594 3.89883
2.00006 5.77729e-05
1.14444 3.30642
1.9936 0.328879
1.26201 3.11072
1.29817 3.07163
0.340018 4.04135
1.39222 2.87568
1.42447 2.80987
1.77289 1.85251
0.518679 3.93707
1.27923 3.09406
1.90482 1.2232
0.656735 3.86116
1.93162 1.03917
0.815698 3.70929
0.251125 4.07465
1.92585 1.08164
1.96351 0.763991
1.93711 0.997655
0.914092 3.56279
1.88046 1.36462
0.881586 3.60788
0.750028 3.78746
1.75721 1.91192
0.96892 3.5181
0.619867 3.88426
1.87113 1.41431
1.47464 2.71463
1.94713 0.916378
1.18193 3.24497
0.770705 3.75807
1.74037 1.97189
1.57068 2.47756
1.95568 0.840792
1.60009 2.40606
1.66451 2.21939
0.207177 4.08822
1.05746 3.40583
1.19769 3.22207
1.11699 3.32927
1.00132 3.4739
0.445026 3.97726
0.711082 3.81743
1.788 1.79331
1.99701 0.221698
1.88904 1.31672
0.163818 4.09417
1.91966 1.1246
1.40675 2.85127
1.16756 3.27263
1.36263 2.94331
0.835564 3.68522
0.554691 3.91811
1.83963 1.57049
