1.49376 2.66752 0.238187
1.07429 3.21554 1.56565
1.64599 2.0078 1.62971
1.28254 2.57137 2.56266
1.40691 1.86369 3.47343
1.62683 0.171177 3.4818
0.47842 2.77704 4.29287
0.179591 3.9164 1.24453
1.2183 1.43638 4.45399
1.97624 0.617812 0.00021772
1.722 0.321291 3.09411
1.18165 1.90012 4.02932
0.183094 2.04 5.35399
0.734825 2.91149 3.64567
1.33992 2.96871 0.145994
1.77135 0.0307174 2.90316
0.146223 3.17935 3.91049
1.16736 2.5647 3.20442
0.189352 3.80085 1.99749
1.50219 1.9141 2.78303
0.249691 2.97039 4.14291
0.384321 3.81857 1.4916
1.31478 2.85001 1.50408
1.56086 0.097527 3.78264
0.519138 1.78938 5.29395
1.49704 2.34497 1.95676
0.789654 3.54777 1.57683
0.211658 3.65684 2.57696
1.64095 1.07798 3.0417
1.59535 1.98824 2.17001
0.982373 2.37186 3.8581
0.00521403 4.00161 0.0016156
1.85006 0.0235602 2.28018
1.96265 0.0387289 1.15592
1.15056 2.7685 2.72971
0.933879 3.55572 0.0961611
0.759666 1.75732 5.0183
1.91163 0.0658571 1.76272
1.1776 2.3344 3.51076
1.00234 1.7436 4.7005
0.446998 3.51663 2.66701
0.765496 2.24248 4.54812
1.76793 1.40875 1.87108
1.846 1.53881 0.111024
0.863065 3.35869 1.99266
1.64084 1.57046 2.51429
0.943655 2.81741 3.27265
1.55544 2.52241 0.140289
1.82306 0.990227 1.99213
1.63896 2.31534 0.00880533
1.82092 1.65958 0.00249594
1.38519 1.5999 3.88399
0.996093 3.35111 1.57478
0.77914 3.7087 0.0140755
1.30678 0.376006 4.54042
1.26429 3.12851 0.157431
1.84948 1.22846 1.38209
1.89249 1.29543 0.00204771
1.54832 1.53703 3.16607
1.77381 1.90686 0.0414791
0.00525372 0.00177359 6.00176
0.138033 3.4493 3.22759
0.258745 2.28714 5.10016
1.5063 0.801296 3.87481
0.490349 2.5195 4.58054
0.720181 0.884999 5.49956
1.73686 1.07975 2.5123
1.95491 0.851766 0.00139579
1.92937 1.02178 0.399637
1.20133 0.0734414 4.79629
0.952165 2.60455 3.56069
0.635342 3.79216 0.164739
0.613357 3.55587 2.1022
0.470341 3.16987 3.64237
1.46372 2.75622 0.0813388
0.499193 2.29437 4.84387
2.00031 0.000306693 0.000306693
1.78793 0.324309 2.65902
1.41103 2.6107 1.80936
1.09286 3.40855 0.0891937
0.934092 2.2403 4.23997
0.875346 0.0522372 5.4443
1.41678 0.0878064 4.23446
1.08181 0.151818 5.04444
0.0037837 4.00306 0.00305552
0.657966 0.0583421 5.67041
0.494175 1.19236 5.65142
0.441324 0.452432 5.86938
1.15477 3.26222 0.39931
1.99942 0.102537 7.8251e-05
1.18191 2.12048 3.76738
0.210809 1.5003 5.70814
0.938061 1.19591 5.03355
1.75294 1.75221 1.27449
1.36291 2.26318 2.84679
0.249568 2.55866 4.82965
0.453325 3.90261 0.150196
1.68983 2.14204 0.0842025
0.245903 2.73951 4.53062
0.703449 3.22657 3.03286
