0.159946 2.77763 4.54558
0.168105 2.55645 4.85489
1.92932 1.02199 0.405864
1.06768 0.201123 5.08924
0.491597 1.76364 5.31937
1.79814 1.79277 0.00821372
1.63581 2.33058 0.0076288
0.697101 3.08626 3.31826
1.95634 0.832102 0.0277977
0.197685 2.01764 5.32245
0.918184 2.88877 3.14778
0.861504 3.61047 0.000298967
1.4899 2.32758 1.9649
2.00012 0.000123106 0.000123106
1.416 0.235812 4.22331
1.2811 2.75487 2.12119
0.0023112 4.00084 0.000843438
1.38261 2.88381 0.296366
1.73237 2.02589 0.15663
1.15247 2.77026 2.72284
1.85018 0.0730167 2.27776
0.491287 1.18925 5.62228
0.639513 3.78964 0.171402
0.133216 3.38038 3.38049
0.949201 3.51643 0.286821
0.657041 0.0975247 5.67071
0.701347 3.26722 2.79062
1.98962 0.41478 0.00273698
0.890562 0.120063 5.40793
1.36752 1.86756 3.46347
1.76473 1.41188 1.9235
1.32465 2.44735 2.61658
0.775941 3.71257 0.0141202
1.01231 1.7337 4.64259
1.66141 1.81032 2.0241
0.579404 3.59333 2.09423
1.89312 0.630155 1.72676
1.84267 1.55848 0.0557611
0.762608 2.24982 4.55759
1.59557 1.9895 2.16895
0.812469 3.45219 1.81681
0.995181 3.35578 1.55943
1.82593 0.982631 1.98258
1.92774 0.123134 1.61864
0.0134882 0.0119005 6.0119
1.06641 3.15974 2.08418
1.64594 2.00957 1.62892
0.51106 2.29178 4.83699
0.384348 3.80644 1.53321
1.79862 0.324222 2.60459
0.0016297 4.00152 0.00151752
1.10016 3.35162 0.0556789
1.89119 1.30457 0.000466975
1.15355 3.26492 0.399273
1.37298 0.133687 4.36105
0.980079 1.20889 5.09386
0.24594 2.92699 4.17422
1.73576 1.07857 2.51761
0.70335 2.74467 3.89379
1.62246 0.967536 3.21621
1.37027 1.36401 3.88361
1.69282 2.13046 0.0940115
1.60778 0.0426311 3.58196
0.716508 2.92924 3.61639
1.20078 1.42338 4.30058
0.125411 3.56224 2.89461
1.55556 2.52654 0.141681
1.25708 3.14053 0.0923939
0.528038 3.85282 0.864115
1.69747 0.166076 3.21074
1.17069 2.53261 3.24198
1.5484 1.32165 3.30667
0.482845 3.05706 3.60754
1.51422 0.162781 3.9187
0.186251 1.49294 5.73938
1.62587 1.38224 2.86529
0.756252 1.76304 5.02674
1.16586 2.32084 3.51561
1.36094 2.25944 3.14356
0.404271 3.63832 2.33844
1.20051 0.0584729 4.79912
0.200585 3.79346 1.99652
1.96266 0.0759703 1.15401
0.95572 2.61048 3.5712
0.99997 2.22955 4.22158
1.7706 0.154898 2.82887
1.49507 1.92971 2.76819
1.33013 2.99008 0.112221
1.41028 2.61631 1.79749
0.417898 0.170779 5.87174
0.521957 2.60185 4.45041
0.144239 3.15633 3.88468
1.7591 1.76057 1.1029
1.28496 0.215477 4.58954
0.721383 1.20776 5.34326
0.962686 2.42085 3.86142
1.1786 2.11491 3.75938
1.4976 2.6691 0.108381
0.165338 3.91725 1.24622
1.84931 1.22924 1.38496
