1.84126 1.56315
1.26757 3.10176
0.348816 4.04342
0.175355 4.09832
1.9324 1.03393
0.393294 4.02054
1.68731 2.14836
1.22066 3.19169
0.681249 3.8425
1.87234 1.40798
1.40867 2.86084
0.528084 3.94409
1.62284 2.33912
1.60399 2.39818
1.94269 0.95303
1.94741 0.913653
0.217596 4.09142
0.882347 3.62898
0.983234 3.49154
0.965489 3.51871
0.943351 3.54578
0.609658 3.89092
0.806912 3.71754
0.510477 3.95792
1.95204 0.875304
1.23516 3.16123
1.74267 1.96382
0.823976 3.69728
0.764149 3.77016
0.664847 3.85426
0.293294 4.07434
1.78985 1.78625
1.95691 0.830082
0.747184 3.78771
1.17068 3.28697
1.4699 2.74094
1.57401 2.46956
1.98513 0.49261
1.98984 0.407287
1.99357 0.327242
0.919469 3.57844
1.52093 2.5983
1.97598 0.622145
1.89013 1.31101
0.778662 3.74729
1.96414 0.759435
1.34538 2.96639
1.191 3.24542
1.85249 1.50917
1.9205 1.11965
1.93767 0.993183
1.86279 1.45801
0.718759 3.80981
0.582258 3.90813
1.80372 1.72941
0.482994 3.97483
1.36461 2.92758
1.70706 2.08564
1.64548 2.27493
0.556109 3.92663
2.00004 4.04059e-05
1.81724 1.67201
1.88145 1.35892
1.72546 2.02393
1.98069 0.558718
1.66908 2.20794
1.42454 2.8088
1.13938 3.31767
0.437941 3.99923
1.82956 1.61733
0.627283 3.87749
1.10816 3.34491
1.89818 1.26386
1.05106 3.41437
1.32063 3.00635
0.260568 4.08261
1.28553 3.06794
1.59246 2.42769
1.90578 1.21756
1.91405 1.16367
1.02568 3.4369
0.849776 3.66597
1.66145 2.23533
0.901502 3.6025
1.25014 3.13277
1.08014 3.37196
1.92657 1.07661
1.97025 0.689728
1.99709 0.226328
1.54827 2.5335
1.49318 2.66308
0.865532 3.64782
1.4746 2.71949
1.30756 3.03309
1.20504 3.2201
1.77505 1.84496
1.00817 3.46125
1.75922 1.90451
1.38795 2.8996
0.109236 4.10924
