1.85079 1.51849
0.617031 3.88282
1.91976 1.12657
1.88886 1.31847
1.81603 1.67919
0.337682 4.04476
1.60183 2.39693
0.249372 4.07225
0.708457 3.81424
1.68961 2.14212
0.770339 3.75947
1.66909 2.2048
1.93166 1.04057
1.95641 0.834837
0.926349 3.59497
1.54335 2.54764
2.00003 2.95517e-05
1.94305 0.950655
1.17194 3.25122
1.72052 2.04845
1.93798 0.990212
1.32378 3.00609
1.75712 1.91366
0.877537 3.64696
0.904681 3.61731
1.48431 2.68998
0.992666 3.52952
1.5159 2.61105
1.87109 1.41619
1.5244 2.59206
0.724536 3.80079
1.80172 1.73905
0.471885 3.9769
1.97025 0.692163
1.98484 0.49812
1.06893 3.40164
0.652086 3.85933
0.562365 3.91812
1.99356 0.328843
1.84038 1.57056
1.25558 3.1309
1.18801 3.2194
1.2026 3.20387
1.99647 0.246554
1.7729 1.85498
1.47461 2.74024
1.39049 2.90102
0.524995 3.94336
1.30151 3.0389
0.833507 3.6968
1.74445 1.95852
1.37127 2.94422
0.677394 3.83896
0.753752 3.77765
0.798301 3.73313
1.01546 3.49341
0.969088 3.55601
0.382254 4.02636
1.14664 3.28493
1.90638 1.21558
1.64774 2.26855
1.89825 1.26235
1.92583 1.08283
1.13137 3.30311
1.03045 3.46761
1.62548 2.33252
1.88045 1.36638
0.435787 3.99689
1.09017 3.37036
1.86142 1.46685
0.590031 3.90303
1.98059 0.56104
0.205018 4.08269
0.293125 4.05993
1.96384 0.762259
1.7047 2.09561
1.61768 2.35749
0.947937 3.57541
1.42446 2.80935
1.98827 0.436912
1.56924 2.48413
0.0977323 4.09773
1.82822 1.62433
1.34088 2.98668
0.814324 3.716
1.97564 0.625905
1.40684 2.85842
1.55167 2.52729
1.78787 1.79681
1.04714 3.43724
1.11011 3.33526
1.22686 3.18011
1.95149 0.880553
1.57739 2.46217
1.91303 1.17035
0.417912 4.00802
1.496 2.65713
1.28434 3.0801
0.859343 3.67024
1.72718 2.01868
