2.0482 1.40306
1.42381 2.8104
2.18409 0.674942
1.68903 2.34384
1.21047 3.24385
1.72042 2.25154
1.39928 2.85854
2.11107 0.935651
2.09851 1.05203
1.93251 1.70262
2.0386 1.44632
0.180664 4.11097
2.14775 0.840384
1.46916 2.7973
2.20001 0.200005
0.593298 3.9543
2.12972 0.869913
1.25088 3.17599
2.18872 0.615034
2.19444 0.498913
0.28918 4.08311
0.679749 3.88874
1.83864 2.07792
1.86409 1.98641
1.87551 1.94194
1.81883 2.13383
0.349349 4.06827
1.70384 2.29944
1.16191 3.32591
1.98272 1.57124
2.05823 1.34831
1.56594 2.66233
1.64356 2.4674
0.894207 3.67886
1.95586 1.59505
1.65339 2.44141
0.256677 4.09257
1.80326 2.17167
0.435592 4.03691
1.0189 3.54112
0.792119 3.78182
0.654744 3.91135
2.0093 1.53075
1.74368 2.23427
1.12619 3.38625
1.29981 3.07781
1.62243 2.52199
0.985833 3.57284
0.628458 3.93034
1.90756 1.81237
0.933259 3.63419
0.877349 3.69742
1.78327 2.20046
1.54314 2.70811
1.32107 3.03422
1.27402 3.1179
0.392183 4.0533
2.19782 0.387758
2.06506 1.30404
1.14699 3.35136
1.59762 2.58397
0.960602 3.60428
0.741131 3.83312
0.767013 3.80985
0.851559 3.71705
2.11523 0.892989
1.94443 1.64785
1.50143 2.7729
1.92015 1.75832
0.80884 3.76483
2.07759 1.21674
2.16085 0.802307
2.02589 1.49212
2.10325 1.01014
0.119936 4.11994
1.04386 3.50766
1.3608 2.94533
1.23248 3.20805
2.08349 1.17338
0.558578 3.97416
1.11259 3.40928
1.08876 3.44332
1.38214 2.89655
1.18869 3.28159
1.58012 2.62646
1.06696 3.47471
0.479201 4.01772
1.88401 1.90873
0.834036 3.7364
1.84937 2.0386
2.07145 1.26013
0.521682 3.99458
2.08955 1.12682
0.706768 3.86776
1.34029 2.99296
1.89448 1.86636
1.66885 2.39906
2.17579 0.73933
1.52302 2.7444
0.919084 3.65078
