0.659318 3.71467 1.07085
1.15223 2.76745 2.72528
1.76586 1.38364 1.9422
0.961081 2.22941 4.08646
1.96259 0.0165832 1.1585
0.00254666 0.000968412 6.00097
1.19403 1.90544 4.01831
1.98994 0.407759 0.000338467
1.73903 1.07282 2.5084
1.92625 0.119451 1.62634
1.60924 0.126458 3.56378
0.201181 3.5735 2.90075
1.08578 3.43441 0.129544
1.06172 0.077968 5.08814
1.75237 1.7538 1.27446
0.22025 2.5463 4.85346
0.54461 3.82864 0.748721
1.44055 2.47192 2.02533
0.193413 3.37428 3.39211
0.997488 1.75034 4.66477
0.473252 3.14203 3.63049
0.635356 3.79344 0.129776
1.37058 1.3657 3.87847
0.955231 2.41861 3.85482
0.500969 1.50624 5.53783
1.64553 2.00916 1.63075
1.78455 0.124645 2.70362
0.464104 0.575452 5.82203
1.8837 0.13028 2.01966
2.00025 0.00025097 0.00025097
1.50115 1.92026 2.77955
1.77398 1.90628 0.072924
0.88276 3.30475 2.19116
1.59458 1.99024 2.17174
1.17385 2.51075 3.27656
1.63007 1.44143 2.83286
0.71798 2.90836 3.60703
0.968583 3.56572 0.280608
0.920537 1.1991 5.04025
1.20011 0.0100651 4.80019
0.512753 2.30575 4.86345
1.06276 3.04041 2.36741
0.947717 2.61142 3.54898
1.49449 2.66918 0.0371944
1.43234 2.78271 0.475913
1.19416 1.43501 4.30832
1.82359 1.65225 0.0979772
0.95444 3.10132 3.0131
1.31407 2.36797 2.84565
1.955 0.852229 0.000829948
1.50256 2.33818 1.8977
0.196549 2.04645 5.37179
1.65197 1.83442 2.03079
0.195622 3.79649 1.99357
0.882832 0.0216341 5.4328
0.657705 2.75761 4.02003
1.84918 0.0632433 2.28473
1.40299 1.75781 3.51111
0.765602 2.25978 4.52145
1.9291 1.02303 0.416482
1.63981 2.31507 0.0347162
1.33896 2.9709 0.0961736
1.85237 1.54782 0.102954
0.99521 3.35238 1.5832
0.670837 3.34527 2.65811
1.55533 2.52477 0.134287
1.42053 0.0878058 4.25607
0.313666 3.91044 0.852236
1.28092 2.57228 2.57039
1.72906 0.107017 3.07657
1.84909 1.23029 1.38299
0.656342 0.00649076 5.6724
0.0127542 4.01273 0.0127289
0.228737 3.03331 4.0291
1.68757 2.14689 0.0972913
0.504372 2.53907 4.60349
1.54561 1.30314 3.32061
1.6199 1.00719 3.20272
0.717126 0.905558 5.49118
1.50889 0.166098 3.93915
1.25654 3.14433 0.107042
0.0325557 3.99959 0.000118974
0.709945 3.08342 3.28791
0.171169 2.31058 5.15057
0.00178734 0.0017847 6.00178
0.755543 1.75496 5.01943
1.1825 2.12481 3.77169
0.788261 3.54908 1.57739
1.28891 2.77739 2.0731
0.940222 2.78697 3.3203
0.207107 2.77981 4.4796
0.40979 3.66042 2.36852
1.90382 1.22703 0.000213855
1.16338 3.2458 0.396856
1.82625 0.971249 1.97709
0.828009 3.63076 0.495861
1.3297 0.655906 4.42694
1.16623 2.37203 3.56269
0.004442 0.000209899 6.00019
0.201489 1.49961 5.7725
