0.230411 4.09157
0.484433 3.99616
1.12018 3.34433
1.83466 2.09099
0.188878 4.1007
1.88139 1.91856
1.71473 2.27267
1.8954 1.86267
0.950902 3.59414
1.57401 2.64043
0.587232 3.93278
0.647933 3.88577
0.440585 4.01928
2.10746 0.970942
2.1963 0.444739
0.527747 3.97115
1.94372 1.65055
1.29885 3.0685
2.16954 0.773971
1.59282 2.59574
1.28099 3.10463
1.67133 2.3922
1.65031 2.45084
1.34612 2.96445
2.07809 1.21313
1.63343 2.49566
0.999954 3.52307
1.1892 3.22099
2.07199 1.25651
2.01871 1.5116
0.674753 3.86254
1.6138 2.54414
0.158513 4.10995
0.314003 4.07251
1.20943 3.18855
0.363841 4.05852
2.19197 0.558544
1.25098 3.1491
0.406679 4.03929
2.0059 1.53732
0.614668 3.91286
0.855268 3.70364
2.04276 1.43523
1.01718 3.50076
1.08165 3.40266
1.93275 1.70151
0.72419 3.81871
1.55698 2.68026
1.51566 2.75582
1.95469 1.5972
2.03461 1.47055
0.699865 3.84118
1.10401 3.36803
0.778543 3.77235
0.977443 3.55505
1.92104 1.75409
0.929692 3.61948
1.53614 2.7248
0.127273 4.12727
2.17642 0.743339
1.80626 2.1616
0.880557 3.67869
1.86665 1.97519
2.09867 1.05136
2.16065 0.80736
2.20001 0.200009
1.31356 3.03614
1.05575 3.44346
0.751892 3.79593
1.32879 3.00385
2.05179 1.38912
1.90847 1.80827
2.11485 0.897885
2.14842 0.838217
1.36508 2.92996
2.1311 0.867937
1.9857 1.56785
2.06566 1.29986
1.81833 2.13506
1.69398 2.32854
2.18408 0.678618
1.15467 3.28216
0.904152 3.64898
1.42384 2.8095
1.72481 2.24715
1.22737 3.16997
0.794855 3.75681
1.74873 2.23078
1.78597 2.19416
1.8511 2.03266
2.08955 1.12647
0.83068 3.72606
1.13469 3.31876
0.562388 3.9504
1.1705 3.2534
1.40009 2.85766
2.05894 1.34417
1.4754 2.79421
1.03938 3.46798
1.38466 2.89792
