1.14413 2.78811 2.72992
1.99981 0.0713446 0.00012394
1.59696 1.98363 2.17468
0.672623 3.39732 2.48598
0.957699 1.17393 5.03529
0.166302 3.87376 1.73995
0.905317 0.950412 5.23665
1.19975 0.0488363 4.80084
1.49511 1.87183 2.89897
1.19583 2.40484 3.35333
1.76187 1.41022 1.94575
1.19535 1.64874 4.18055
1.09853 0.0400676 5.05446
0.695825 3.20787 3.01132
1.6265 0.101066 3.48895
0.46502 3.17161 3.64609
1.92935 1.02146 0.400427
1.77326 1.91017 0.0126285
1.90371 1.22787 0.0214501
0.685165 0.285825 5.7287
0.993842 3.35393 1.58226
0.239972 2.83333 4.32776
1.82369 0.984786 1.98906
1.9899 0.407887 0.00515974
1.07643 3.41317 0.021965
1.36372 2.27673 3.15285
0.739415 1.75733 5.01751
1.64491 2.0107 1.63224
1.04629 3.17643 2.07886
0.719926 0.92298 5.51674
0.226069 3.13705 3.85378
0.446244 3.90533 0.131291
1.75208 1.75509 1.27657
1.29157 2.779 2.15558
0.174542 1.74715 5.57507
0.932305 3.55656 0.149663
1.96264 0.0636619 1.1548
1.41245 2.83595 0.274139
1.25766 3.14172 0.0332843
0.407267 0.217359 5.87144
1.41972 0.0336366 4.26003
0.122182 3.99195 0.139034
0.97481 2.2127 4.15006
1.00404 1.74096 4.61524
1.49494 2.33511 1.92961
1.15185 3.26648 0.401429
1.32669 2.4197 2.66759
0.932379 2.80216 3.26529
1.36952 1.36647 3.88137
1.33824 2.97294 0.0291904
0.138075 2.03486 5.34169
0.0241387 4.02414 0.0241853
1.78512 0.0041995 2.70715
0.751424 1.49052 5.26206
0.208918 3.74707 2.28791
1.8617 1.48495 0.113516
1.35145 1.89021 3.52483
1.44054 2.47267 2.02044
1.63577 1.40333 2.84576
1.64241 2.30274 0.0370081
1.32965 0.641711 4.43088
0.191168 3.42055 3.23022
1.82215 1.66152 0.00232075
1.19794 2.17771 3.85463
0.530117 3.7377 1.52639
1.50565 0.116472 3.95201
1.8491 1.23153 1.37657
0.433538 3.54834 2.65259
1.64995 1.8543 2.01312
1.55289 0.306344 3.77792
0.493522 1.19501 5.67751
0.866245 3.1794 2.75834
0.177246 2.30391 5.0564
0.750753 2.25359 4.52931
0.953259 2.62556 3.56118
0.814781 3.45816 1.80048
1.61732 1.01429 3.22331
0.383374 2.98705 3.95813
0.656759 3.78084 0.00699762
2.00026 0.000255657 0.000255657
1.52508 1.52016 3.36076
0.770995 3.70919 0.0221922
1.95492 0.852627 0.000794103
0.190609 2.54222 4.77857
0.306319 3.92047 0.823473
1.92576 0.0137254 1.62139
1.55193 2.52292 0.0920369
1.72678 0.0160919 3.10164
1.49443 2.68883 0.101531
0.8819 0.0793275 5.50139
0.696025 2.93695 3.63649
1.89732 0.270855 1.8642
0.730932 2.51882 4.34551
1.72949 1.13222 2.49662
1.17048 1.36381 4.44499
0.713897 2.75187 3.97943
1.69723 2.11844 0.101869
1.84912 0.0221601 2.28686
0.957859 2.4331 3.86791
3.97144e-05 3.97144e-05 6.00004
