1.34815 2.9707
1.72217 2.03505
1.99779 0.225146
1.70377 2.09645
1.97815 0.59375
0.346693 4.06655
0.221034 4.08928
0.710839 3.83039
1.37984 2.90607
1.91277 1.17053
0.383842 4.05056
1.56958 2.48011
1.83938 1.5721
1.07605 3.37704
0.956304 3.52064
1.1161 3.32868
1.51591 2.61077
0.294179 4.08061
1.05729 3.39966
1.81468 1.68241
1.98987 0.409695
0.941583 3.54401
0.79693 3.72614
1.87999 1.36676
1.29806 3.08714
0.856684 3.65508
0.693982 3.85568
1.89693 1.27119
1.88873 1.31839
0.647584 3.9005
1.95138 0.880416
0.667088 3.8799
1.36423 2.94043
1.73964 1.97464
0.455965 4.02194
1.77233 1.85476
0.923437 3.56778
1.24961 3.17818
1.87086 1.4158
1.94203 0.958634
0.747908 3.78951
1.21088 3.23329
1.93146 1.04057
1.93695 0.999193
1.75639 1.91455
0.882318 3.62371
1.64145 2.28642
1.86101 1.46633
1.97297 0.658787
1.95574 0.840292
1.94692 0.918613
0.0976455 4.09765
1.92572 1.08278
1.26445 3.15454
1.42423 2.80923
1.32927 3.01513
1.46728 2.75878
1.90461 1.225
0.839567 3.67574
1.66403 2.22112
1.68429 2.15837
1.40375 2.85504
2.00003 2.98895e-05
1.27812 3.12687
1.96308 0.769277
0.56594 3.96314
1.91957 1.12616
1.48803 2.6751
0.530072 3.98401
0.905556 3.59305
1.02894 3.45006
1.99251 0.352759
1.80151 1.73853
1.96699 0.726914
0.417415 4.03661
1.61861 2.35059
1.98636 0.470037
0.971602 3.49902
0.622773 3.92311
1.39418 2.86922
0.822344 3.69795
1.85087 1.51774
1.04113 3.42687
1.78732 1.79641
1.99535 0.277444
1.98261 0.531585
0.999156 3.48138
1.184 3.25907
1.09981 3.35554
0.592876 3.94759
1.47373 2.71804
1.13137 3.30503
0.771978 3.75333
0.50267 3.9989
1.54308 2.54615
1.15556 3.28388
1.31308 3.0519
1.59467 2.41528
1.22757 3.21581
1.82753 1.62657
