0.360622 4.04492
1.99713 0.226241
1.06077 3.42525
1.7923 1.77669
0.162131 4.09399
1.96396 0.760569
0.77545 3.76967
0.404874 4.02201
0.316219 4.05808
1.90684 1.2105
0.738814 3.80177
0.120665 4.12067
1.92753 1.07073
1.85419 1.50087
1.49784 2.65199
1.42569 2.81289
1.99355 0.325445
1.72829 2.01437
1.76168 1.89485
0.876598 3.68826
1.40972 2.84292
1.15159 3.2708
1.89931 1.2568
1.55296 2.52191
1.2791 3.09914
1.11674 3.33326
0.846691 3.70648
1.18476 3.22769
1.93306 1.02863
1.20064 3.20451
1.9571 0.827305
1.02703 3.48926
0.684514 3.84254
1.91484 1.15744
1.48869 2.70115
1.10222 3.35872
1.29595 3.05641
1.23245 3.16447
1.97074 0.684512
1.98678 0.463636
0.918732 3.63811
1.57869 2.45731
1.35947 2.94555
1.3411 2.98784
0.978088 3.56003
1.62688 2.32803
1.32448 3.01442
1.52596 2.58721
0.96249 3.57635
1.97619 0.618657
1.81894 1.66399
1.94344 0.947458
0.529818 3.95433
1.99017 0.404772
1.70988 2.07548
1.60333 2.39231
0.60187 3.90084
0.491497 3.97742
0.449677 4.00021
1.93845 0.987678
1.83149 1.60836
1.88282 1.35136
0.946138 3.59771
1.69076 2.1378
1.04204 3.46649
1.77758 1.83527
0.281439 4.06978
1.74558 1.95377
1.84315 1.55435
1.39719 2.86697
1.37617 2.90409
1.92142 1.11328
1.01081 3.51325
0.993249 3.5356
1.98082 0.55476
1.44941 2.8048
0.656754 3.86154
1.94807 0.908215
1.80593 1.72
1.48213 2.74336
1.67047 2.20055
2.00023 0.000234289
1.24648 3.13438
1.26345 3.11564
1.13083 3.31084
0.803832 3.75211
1.89117 1.30347
0.575314 3.92126
1.86418 1.45039
0.709897 3.82243
0.901428 3.66173
0.548336 3.94115
1.08114 3.39753
1.95242 0.870282
0.821387 3.73405
0.228519 4.08227
1.21667 3.18116
1.87381 1.40011
0.629288 3.87888
1.64922 2.26398
