0.557047 1.27051 5.66174
0.838284 2.58837 4.22596
0.727247 3.8782 0.561092
0.199862 4.08616 0.35145
1.44181 3.04904 0.342561
0.79291 3.08295 3.4929
0.929001 3.41584 2.31746
0.252321 3.97485 1.48031
1.35881 2.86304 2.19448
0.877843 3.59586 1.80596
1.02693 3.63128 0.342107
1.70335 0.274342 3.65363
1.90386 0.190148 2.65402
1.26822 2.22912 3.75407
1.548 1.94748 3.14631
0.32011 3.4308 3.3404
2.02246 0.200918 1.69338
1.16345 3.0408 2.58903
1.30863 3.26905 0.40225
1.19691 3.42813 0.403513
2.07486 0.199104 0.939688
0.504276 3.73289 2.26967
1.36071 0.719146 4.64732
1.41021 2.06573 3.52074
1.92095 1.29447 1.76428
1.83863 1.48274 2.17738
1.64945 2.40028 1.61983
1.93187 1.67117 0.344949
0.868234 3.7817 0.321827
1.21614 2.71031 3.14878
0.656889 3.81038 1.55037
1.63211 2.1987 2.28702
1.60535 0.220999 4.02586
0.545579 3.14143 3.74319
1.04926 2.23005 4.28677
1.65914 2.58252 0.380599
1.52816 2.30603 2.65301
0.549391 3.98608 0.393724
1.01488 2.85121 3.4629
0.34082 2.0223 5.30287
1.03219 2.66176 3.74465
1.13421 0.305003 5.21313
0.100763 0.304344 6.08706
1.23741 1.4644 4.57286
1.21203 0.932016 4.91263
1.68732 1.66748 2.85784
1.0268 1.25586 5.11301
0.338357 1.76848 5.49691
0.736872 0.311999 5.76926
0.812661 1.52953 5.26705
2.05244 0.208083 1.32117
1.8019 1.34525 2.60105
1.42335 2.30341 3.12255
2.09253 0.24772 0.325771
0.787141 1.01452 5.55465
1.46141 2.80177 1.74815
1.81962 2.11746 0.308938
1.55491 1.75915 3.35208
0.199923 4.08844 0.252354
0.315423 1.00466 5.90237
0.188922 0.189051 6.0871
0.522692 0.305052 5.94863
1.88198 1.88522 0.34537
2.0268 1.12087 0.352998
0.200024 0.100895 6.08717
1.5758 1.33972 3.6758
1.54871 2.8393 0.325446
2.09293 0.200051 0.351285
1.30506 0.264396 4.86696
1.45402 0.212376 4.49542
0.309347 3.65378 2.76048
1.52408 0.70433 4.19389
1.42209 1.41955 4.12399
0.314831 2.51343 4.83067
2.06647 0.758859 0.299481
1.84312 0.194747 3.00888
1.74417 2.35725 0.284338
1.35266 2.66122 2.73405
0.943911 0.310027 5.5193
1.40546 1.87112 3.76555
1.27262 3.063 2.0301
0.731349 3.50397 2.59042
1.60654 2.68575 0.692879
1.98332 1.40803 0.307084
0.334864 2.74996 4.52733
1.76516 0.240421 3.39124
0.341189 3.01455 4.13237
0.533771 3.42893 3.14028
1.96169 0.210412 2.24699
0.278776 3.88175 1.95074
1.25148 1.91461 4.16124
1.04324 1.75941 4.75239
1.10181 3.30926 2.00439
2.00004 0.911257 1.4559
0.341614 2.27328 5.07371
1.70451 1.23104 3.22598
1.72688 2.06685 1.91501
0.977749 3.16604 2.88456
1.51236 2.52588 2.25069
0.827974 2.03942 4.85703
