1.84127 1.57368
0.84763 3.62711
0.21695 3.97894
0.900423 3.57593
1.9907 0.428796
1.90508 1.23286
1.96405 0.778399
1.99466 0.347604
1.83026 1.62421
1.9344 1.03397
0.497352 3.87752
1.68918 2.15044
1.66038 2.23822
0.355439 3.93919
1.57516 2.4724
0.73133 3.72676
1.8126 1.70157
1.88112 1.37223
1.40419 2.85463
0.0934476 3.99798
0.260023 3.96869
1.35371 2.9505
1.00341 3.4647
1.29171 3.05961
1.95197 0.891917
1.704 2.10308
0.63246 3.79826
0.39772 3.92309
1.47849 2.70047
1.02909 3.43446
0.604652 3.81625
1.94279 0.968842
0.829793 3.64352
1.33474 2.98486
1.73087 2.01335
0.704843 3.74712
1.98132 0.577097
1.99953 0.207865
1.85218 1.52153
0.776708 3.68996
1.71863 2.05491
1.07806 3.37392
0.976834 3.49499
1.19543 3.21217
1.64694 2.27759
1.51213 2.62488
1.89799 1.27567
1.88957 1.32492
1.13443 3.29934
1.41804 2.82704
1.9564 0.852201
1.97638 0.641222
1.79134 1.7893
1.59011 2.43377
1.75565 1.92569
1.26628 3.10175
1.49552 2.66275
0.952346 3.52182
1.16691 3.25368
1.1105 3.33163
0.0710783 4.00479
1.44339 2.77536
1.74639 1.95904
1.92142 1.12666
2.0083 0.0402765
1.36798 2.92417
1.76799 1.88001
1.77985 1.83467
1.61792 2.35931
1.21346 3.18502
1.55917 2.51261
0.874207 3.60188
1.60424 2.39643
1.97075 0.707799
0.577595 3.83293
0.803501 3.66703
1.8031 1.74159
1.31447 3.02056
1.92608 1.09431
0.533367 3.85839
1.38689 2.88822
1.67303 2.2002
0.668405 3.77368
0.926621 3.54912
1.52311 2.59939
1.05357 3.40469
1.86254 1.47012
1.46637 2.72673
0.757289 3.70602
0.310976 3.95415
1.24078 3.14263
1.87202 1.42142
1.82284 1.65735
1.53996 2.55951
1.63626 2.3082
1.98714 0.490237
0.438198 3.90588
1.15018 3.27749
0.16571 3.9887
1.91312 1.18201
