1.98192 1.42254
1.59218 2.74793
0.542846 3.99379
2.0674 0.760307
1.28643 3.30838
1.83524 2.06741
2.06072 0.837044
2.08152 0.562809
1.20471 3.42334
1.8213 2.11583
0.821881 3.82192
0.664548 3.92977
1.88258 1.89014
0.847625 3.80141
1.01883 3.64321
2.02558 1.14173
2.04148 1.01639
1.32368 3.25185
1.60806 2.71171
1.06146 3.59749
0.891332 3.76473
2.01069 1.24595
1.99795 1.32762
1.7945 2.20476
1.36608 3.18391
2.00448 1.28652
0.96854 3.69389
1.4065 3.11557
1.30316 3.28331
1.80886 2.15783
0.785268 3.84963
1.91685 1.74654
1.96619 1.5088
1.70088 2.48165
0.423512 4.04099
0.917139 3.74187
1.16561 3.47419
1.90521 1.79701
1.71617 2.43843
1.08554 3.57046
1.78215 2.24415
1.72656 2.40937
2.0732 0.687479
2.03219 1.09164
1.22015 3.40267
0.473071 4.02322
0.993734 3.66887
0.752499 3.87309
1.38232 3.15687
1.94825 1.60034
1.24227 3.372
1.68169 2.53096
1.98947 1.37883
1.57695 2.78188
1.76243 2.30477
1.95737 1.55462
0.259297 4.08176
0.733572 3.88604
1.18918 3.44385
1.93824 1.64874
1.47752 2.98615
1.55974 2.81937
1.87203 1.9316
0.577238 3.97734
2.04862 0.953771
1.8983 1.82636
2.08953 0.397162
0.865395 3.78677
1.84572 2.02998
2.08658 0.466886
0.381638 4.05401
1.74171 2.36606
1.04441 3.6161
1.51892 2.90459
1.45768 3.02354
2.01647 1.20721
2.07814 0.617155
0.638571 3.94482
2.05612 0.882452
1.11766 3.53305
1.65492 2.59914
1.63937 2.63743
0.699448 3.90833
1.43271 3.06924
0.603317 3.96401
1.62239 2.67811
1.26049 3.34625
0.93338 3.72709
0.158055 4.09326
1.14176 3.50393
1.85802 1.98519
0.508559 4.00902
1.49694 2.94847
2.09306 0.283733
1.53724 2.86698
1.34158 3.22358
1.92787 1.69704
1.97413 1.466
1.66769 2.56701
0.34015 4.06513
