0.367924 3.9521
1.63738 2.3537
0.879353 3.62193
0.75875 3.72793
2.00704 0.368755
1.86804 1.51932
0.836844 3.66146
1.96489 0.903661
1.60507 2.44083
1.84912 1.60936
0.259971 3.98475
1.93942 1.10325
2.00989 0.297219
1.05427 3.4323
0.94728 3.55361
1.85805 1.56763
0.733379 3.74786
1.92396 1.20722
1.91025 1.29175
0.980047 3.51829
1.97569 0.80291
1.34078 3.00958
2.00382 0.435443
1.68445 2.21723
1.99943 0.511226
1.24146 3.17432
1.58546 2.49152
1.91746 1.24814
1.74485 2.02258
1.83633 1.66697
1.10084 3.37397
1.72388 2.09272
1.75813 1.97561
0.301066 3.97373
1.20575 3.22851
1.98716 0.678544
1.99592 0.564614
1.53734 2.60884
1.18495 3.25892
1.81263 1.76774
1.37617 2.94536
1.78497 1.87691
1.32586 3.03572
0.810673 3.68462
0.921976 3.57982
1.49589 2.70311
0.496566 3.89714
1.90182 1.34091
1.82471 1.71726
1.79886 1.82311
0.697753 3.77452
0.582996 3.85013
1.26191 3.14215
1.52338 2.64127
1.45312 2.79444
1.65205 2.31247
1.28514 3.1045
1.69739 2.17747
1.02912 3.4624
1.1241 3.34333
1.55814 2.55919
0.452023 3.91818
0.0777365 4.01294
1.98181 0.739359
0.410926 3.93568
1.9916 0.623403
2.01357 0.204228
1.66455 2.27641
1.51015 2.67135
1.0818 3.3982
0.904636 3.59727
1.71397 2.12497
1.73423 2.05829
0.177144 4.00171
0.618861 3.82814
1.42107 2.85929
0.645218 3.81104
0.549289 3.86949
1.97234 0.835759
1.57384 2.52062
1.9464 1.05267
0.671628 3.79315
1.77214 1.92489
0.784841 3.7066
1.22316 3.20249
1.30378 3.0735
1.15485 3.30152
1.89406 1.3842
1.6238 2.39092
1.93022 1.16637
1.88721 1.42113
1.46802 2.76326
1.43859 2.82423
0.862375 3.63802
1.95646 0.974644
1.48443 2.72814
1.00468 3.49069
1.35701 2.98048
1.39998 2.90037
1.87658 1.47653
