1.99741 0.319119
1.96591 0.777597
1.91372 1.18961
1.77112 1.87552
0.800065 3.67329
1.33687 2.98528
0.818927 3.65624
0.981363 3.4931
1.84303 1.57428
1.38025 2.90544
0.256808 3.97147
0.529732 3.86277
1.10852 3.33812
1.93939 1.0095
1.85376 1.523
0.684053 3.76506
0.421168 3.9155
1.51225 2.6297
1.65731 2.25342
1.45519 2.75545
0.629486 3.80274
1.09326 3.35786
1.69565 2.13649
1.96927 0.741898
2.00238 0.149949
0.565457 3.84262
1.71992 2.05729
1.43699 2.79328
1.94821 0.938811
1.70892 2.09362
1.29875 3.05172
1.14908 3.28273
1.67728 2.19358
0.343261 3.94557
1.06862 3.38942
1.87369 1.42216
1.00187 3.46979
1.12557 3.31498
1.64044 2.30227
1.92067 1.14406
1.31937 3.01618
1.73374 2.01037
1.9587 0.846772
1.93384 1.05112
1.88279 1.37299
1.78142 1.83615
0.950567 3.52695
1.23093 3.16205
1.05262 3.40931
1.81853 1.68428
1.62538 2.34466
1.86418 1.47126
1.61209 2.38095
1.74376 1.97548
1.16486 3.26038
1.35248 2.9571
1.58939 2.44119
1.25059 3.13113
0.774532 3.69507
0.213715 3.98158
1.21014 3.19397
1.95397 0.889491
0.872106 3.60687
1.5242 2.60215
1.53948 2.56596
1.40112 2.86526
1.477 2.70866
0.89865 3.58078
1.90769 1.22784
1.89135 1.32506
0.656567 3.78455
0.129185 3.99574
0.494135 3.88147
0.0671507 4.00236
0.387281 3.92935
0.711241 3.74493
2.00525 0.0369377
1.49597 2.66678
1.55121 2.53747
1.99242 0.426718
1.02766 3.43964
1.80607 1.73711
0.924278 3.55474
1.97544 0.672959
0.845871 3.63167
1.98215 0.588308
1.27702 3.08815
1.75966 1.9183
1.41858 2.83063
1.92696 1.10058
1.5656 2.50197
1.98658 0.52487
0.458362 3.8989
1.89928 1.27887
0.738286 3.724
1.79311 1.78999
1.1832 3.23398
1.83114 1.62881
0.299802 3.95953
0.602475 3.82013
