1.78097 1.37163 1.89952
1.08766 0.140248 5.04834
0.937244 2.79557 3.28305
0.659333 0.22478 5.66505
1.16267 2.57259 3.02256
1.16122 2.31381 3.49402
1.72354 0.151545 3.08691
1.73877 2.00203 0.220326
1.08301 3.38012 0.17386
1.38153 0.123934 4.35773
1.65241 2.00395 1.65268
1.28785 2.57565 2.57007
1.91844 1.16434 0.209548
1.16026 3.25952 0.430432
1.37514 1.8071 3.44054
1.79438 1.79126 0.229322
1.95485 0.96781 0.0899438
1.25382 0.210536 4.68212
1.63415 0.147317 3.49393
0.779014 3.69157 0.165269
1.55906 2.52611 0.224674
1.40645 2.60406 1.77935
0.156035 3.87682 1.45165
0.551567 3.78412 1.09482
1.86995 0.937473 1.70195
0.982848 2.16921 4.12659
1.35357 2.24058 2.93701
1.7277 1.12816 2.6377
0.871607 0.175511 5.40704
1.85935 0.00821324 2.27638
0.23863 0.931382 5.80975
1.38115 2.95439 0.0288187
1.46454 2.28626 2.28055
1.16874 1.3855 4.42855
1.70341 1.86426 1.53419
0.229718 2.46566 4.68839
1.18416 1.65049 4.17464
0.438637 0.225142 5.85085
0.249417 2.22279 4.94406
0.967385 2.40617 3.84318
1.78527 0.153508 2.74747
0.79372 3.53983 1.55916
0.228613 3.4974 2.85378
1.08891 2.99532 2.33877
0.672874 3.32916 2.68142
0.222214 1.97647 5.18457
1.37376 1.36605 3.88431
0.731336 1.19596 5.30387
0.723367 2.68146 3.91061
0.751832 2.22848 4.46971
0.61858 3.82259 0.11147
1.45653 0.622178 4.04472
1.14018 0.909651 4.76041
0.939041 0.937425 5.13341
0.956133 3.51889 0.302917
1.86444 1.47881 0.252587
0.705565 3.04379 3.29246
0.110766 3.99925 0.163186
1.32698 2.98964 0.607688
1.69331 2.15325 0.164525
1.50757 1.07386 3.63611
2.00662 0.0828661 0.181394
1.90606 0.0876257 1.89366
1.97566 0.0985482 1.06851
0.893793 3.12074 2.6768
1.53976 0.163901 3.84552
2.01337 0.122766 0.0222001
1.94054 0.0756826 1.54757
0.46074 3.89852 0.170542
1.51115 1.50256 3.26315
0.0106578 0.224076 5.99914
0.846297 3.35172 2.11125
0.251534 2.69115 4.39451
1.26019 2.78844 2.10426
0.250985 3.16704 3.64032
0.978495 1.95469 4.38009
1.16913 2.09819 3.74264
0.973483 1.45466 4.80084
0.202254 3.69108 2.26631
0.955966 2.60298 3.56979
2.0028 0.212134 0.0105216
1.61895 1.61646 2.62759
1.26016 3.11671 0.280916
0.247011 1.45009 5.55332
1.62041 2.33824 0.44521
1.494 1.85707 2.95034
1.6275 1.19877 3.07908
0.227348 3.3076 3.32637
1.56477 2.14535 1.96183
0.752614 1.73809 4.94562
0.999667 3.31806 1.58497
0.256895 2.97763 3.96818
1.46327 2.74045 0.276243
1.98029 0.618891 0.278598
0.401508 3.74101 1.78958
0.101437 0.0994196 5.99919
1.70342 1.48805 2.3028
0.635498 3.53452 2.10542
1.80122 0.90408 2.33618
0.741659 2.46217 4.19466
