1.8762 1.42054
1.48174 2.7037
1.59398 2.43537
1.83343 1.62784
1.8985 1.29529
2.00556 0.0383422
1.67768 2.19925
0.912232 3.5705
1.4996 2.66409
0.653353 3.78958
0.446528 3.90682
1.98256 0.607411
1.56117 2.51909
1.62112 2.3627
2.00387 0.171654
1.96773 0.777412
1.11395 3.33461
1.91606 1.1875
1.19248 3.2245
1.86648 1.46983
1.30264 3.04971
1.71026 2.09656
1.9414 1.00874
1.13774 3.30242
1.54622 2.55541
1.03195 3.43819
1.79404 1.79485
1.16944 3.25799
1.9586 0.865055
1.71911 2.06782
0.357568 3.94283
1.98909 0.514292
1.80793 1.73821
0.726925 3.73595
1.25225 3.1328
1.97433 0.707029
1.3216 3.01699
1.5321 2.59069
0.13665 3.99673
1.45894 2.75278
1.09783 3.35585
1.88287 1.38364
0.52695 3.86692
0.989842 3.48718
0.85994 3.6218
0.491026 3.88562
0.0730142 4.00306
1.69493 2.14642
1.73006 2.03052
1.01517 3.45804
1.0817 3.37669
0.806317 3.67057
0.752524 3.71574
1.90737 1.24196
1.78381 1.83515
0.942567 3.53898
1.51802 2.62215
1.42249 2.82791
1.76936 1.89032
1.28129 3.08559
1.20795 3.20143
1.82104 1.68253
1.92296 1.14159
0.562994 3.84672
1.99418 0.427283
1.05689 3.40785
0.779601 3.69348
1.66491 2.23771
0.219089 3.98244
1.65242 2.27443
1.75989 1.9253
1.99811 0.345894
1.36457 2.93965
0.697037 3.75851
1.40399 2.86462
1.85612 1.52145
1.93587 1.05043
1.84525 1.57351
0.591176 3.82992
0.262583 3.97213
0.833082 3.64669
1.44066 2.79095
1.38432 2.90255
1.15368 3.28033
1.63977 2.31073
0.964163 3.51572
1.57377 2.4873
1.92997 1.09308
1.89 1.34413
1.74665 1.97293
1.22985 3.16799
1.34309 2.97889
0.401368 3.92615
1.26704 3.109
2.00102 0.269609
1.9514 0.928092
0.626184 3.80777
0.305439 3.96007
0.886105 3.5966
1.60653 2.40223
