0.732345578011673
0.732834959143035
0.121
0.733152097287337
0.732277865000224
0.733539580586518
0.732831001600877
0.732644347091517
0.732735023212248
0.732974621049664
0.732253767910922
0.732602227604908
0.7327064142697
0.732898192754832
0.732302320060799
0.732783307139004
0.731751695583305
0.733270152483822
0.73346158297685
0.732958340255644
0.732625707209046
0.733501196067952
0.732581771945887
0.732790232619227
0.733321791869021
0.732330362208338
0.732871660630825
0.73361668263625
0.732252233029662
0.733718191423872
0.733722188982453
0.733055268354607
0.733281131592433
0.733015162352111
0.733715534119539
