0.483673034432402
0.486382139916968
0.486207217134135
0.482142971931153
0.484161719039767
0.484616624041365
0.483792824558535
0.488100541447317
0.486641647446115
0.487808775921252
0.483489748736396
0.484673615503572
0.484336463589558
0.484222374997538
0.486161369465366
0.483245420717235
0.486503330482307
0.482950145210477
0.481447363567468
0.48390909340603
0.485881409317978
0.48474229906881
0.484722278167544
0.484422315711691
0.489378607956049
0.484904227873369
0.487616881403098
0.485779510919839
0.484539952535746
0.483804842575868
0.483358257762164
0.485028843689878
0.4830600397117
0.487033788653825
0.483942309859347
