34.6819679880868
34.8705469081805
34.8499102895174
34.7407214019921
34.9273203388358
34.8417841380689
34.9135990609509
34.8007416176831
34.7012396521704
34.8064011146183
34.726927524367
34.8458454019135
34.668786895226
34.8300085789531
34.6951329255762
34.8614159574895
34.6854081621015
34.7210009470047
34.8709941118269
34.8548815275109
34.8765553246547
34.9335527079617
34.7950228794453
34.7860914786919
34.6751753120285
34.8112369265176
34.8490289593601
34.7874357966827
34.7897919336069
34.7589549786308
35.0263674052692
34.6862549843326
34.7339455632169
34.7795116984472
34.973631778384
