0.997252481216153
0.997278283821372
0.997258601706483
0.997230735786357
0.997249422245229
0.997243216477792
0.997256493751367
0.997225391092445
0.997260741460956
0.997232155343903
0.997238890443426
0.997277965300061
0.997269533061967
0.997263977786278
0.997278005659413
0.997242443724589
0.997252691686142
0.997233968914083
0.997266030801781
0.997252623693943
0.997268107343877
0.997228323894712
0.997258140084737
0.997273414778607
0.997251458670848
0.997248881137533
0.997267067309628
0.997282750476053
0.997272744051916
0.997255672029633
0.997262453189227
0.997250417388105
0.997249246365251
0.997232411174424
0.99724859879274
