0.88994938894756
0.8890368717869
0.889259233213962
0.883166704894995
0.891189330122599
0.895048614789831
0.88931196058136
0.88355038880059
0.886563862766633
0.890907694018542
0.887604911450614
0.887877808312232
0.890593058444976
0.901409387490384
0.8882568416331
0.888738479419175
0.893733693082596
0.887138132623737
0.893078040985326
0.889478513003888
0.892038780741047
0.889678810324914
0.885038166539075
0.890556587488243
0.882152839639791
0.889416408944619
0.883983652740621
0.882731713790209
0.893876422926766
0.886564293108343
0.890547314827253
0.885866141916167
0.891309773928777
0.885330592410388
0.884650705185664
