0.974202880959301
0.978142183769617
0.976599244664916
0.977093675799764
0.973635750599794
0.978352254835285
0.975175810878605
0.971265716847318
0.972736394547991
0.974652663829635
0.97509598968576
0.977481347935534
0.976682898654604
0.976733325569169
0.976332264123528
0.97448610756115
0.975643454441813
0.978550164552399
0.9771974083959
0.976192734571661
0.97805056936455
0.975597807138294
0.975982984475566
0.977217596355706
0.966722206156418
0.974815207108568
0.974966217499603
0.978327123179366
0.976870311651528
0.976738417774683
0.972394738598752
0.974438739941656
0.970667660888593
0.976699054628425
0.97776984642094
