0.992931237927802
0.991272359231722
0.991415285673333
0.991298026099558
0.991272359231722
0.991350292683249
0.997180148580437
0.989405412582355
0.984693818489183
0.954864062533325
0.95314304080405
0.91620345765489
0.95912952141337
0.982644267240759
0.840282806227442
0.84960213266038
0.989789109844107
0.990466687007622
0.883061972342406
0.97192097289435
0.990411023023735
0.822283637128574
0.964032944401618
0.992931237927802
0.991272359231722
0.991415285673333
0.991298026099558
0.991272359231722
0.991350292683249
0.997180148580437
0.989405412582355
0.984693818489183
0.954864062533325
0.95314304080405
0.91620345765489
0.95912952141337
0.982644267240759
0.840282806227442
0.84960213266038
0.989789109844107
0.990466687007622
0.883061972342406
0.97192097289435
0.990411023023735
0.822283637128574
0.964032944401618
0.992931237927802
0.991272359231722
0.991415285673333
0.991298026099558
0.991272359231722
0.991350292683249
0.997180148580437
0.989405412582355
0.984693818489183
0.954864062533325
0.95314304080405
0.91620345765489
0.95912952141337
0.982644267240759
0.840282806227442
0.84960213266038
0.989789109844107
0.990466687007622
0.883061972342406
0.97192097289435
0.990411023023735
0.822283637128574
0.964032944401618
