0.859368713707093
0.859368713707093
0.859368713707093
0.859368713707093
0.859368713707093
0.859368713707093
0.859368713707093
0.859368713707093
0.859368713707093
0.859368713707093
0.859368713707093
0.859368713707093
0.859368713707093
0.859368713707093
0.859368713707093
0.859368713707093
0.859368713707093
0.859368713707093
0.859368713707093
0.859368713707093
0.859368713707093
0.859368713707093
0.859368713707093
0.859368713707093
0.859368713707093
0.859368713707093
0.859368713707093
0.859368713707093
0.859368713707093
0.859368713707093
0.859368713707093
0.859368713707093
0.859368713707093
0.859368713707093
0.859368713707093
0.859368713707093
0.859368713707093
0.859368713707093
0.859368713707093
0.859368713707093
0.859368713707093
0.859368713707093
0.859368713707093
0.859368713707093
0.859368713707093
0.859368713707093
0.859368713707093
0.859368713707093
0.859368713707093
0.859368713707093
0.859368713707093
0.859368713707093
0.859368713707093
0.859368713707093
0.859368713707093
0.859368713707093
0.859368713707093
