0.992893521434465
0.99123995325107
0.991339812961699
0.991262697587353
0.99123995325107
0.99125911103888
0.997179645740143
0.994171111465066
0.993089452893067
0.908475129505347
0.971057084804203
0.970749123858394
0.927729860385486
0.991924093776826
0.994895979863738
0.966126136032392
0.992543961759502
0.991155501141438
0.901473472750509
0.93855039161374
0.991203570443187
0.84094369217403
0.970731033587495
0.992893521434465
0.99123995325107
0.991339812961699
0.991262697587353
0.99123995325107
0.99125911103888
0.997179645740143
0.994171111465066
0.993089452893067
0.908475129505347
0.971057084804203
0.970749123858394
0.927729860385486
0.991924093776826
0.994895979863738
0.966126136032392
0.992543961759502
0.991155501141438
0.901473472750509
0.93855039161374
0.991203570443187
0.84094369217403
0.970731033587495
0.992893521434465
0.99123995325107
0.991339812961699
0.991262697587353
0.99123995325107
0.99125911103888
0.997179645740143
0.994171111465066
0.993089452893067
0.908475129505347
0.971057084804203
0.970749123858394
0.927729860385486
0.991924093776826
0.994895979863738
0.966126136032392
0.992543961759502
0.991155501141438
0.901473472750509
0.93855039161374
0.991203570443187
0.84094369217403
0.970731033587495
