0.992912490757287
0.991282382418512
0.991395781970353
0.991263134288496
0.991282382418512
0.991351000724285
0.997175704617263
0.99393789908421
0.992326676876094
0.919542792859559
0.971326625372262
0.96233672111927
0.948174884937032
0.991765017135523
0.983791242349472
0.966134387530111
0.992460281078795
0.99121630843038
0.897057940385202
0.947431999711317
0.991282128725981
0.839341438262855
0.965876349412042
0.992912490757287
0.991282382418512
0.991395781970353
0.991263134288496
0.991282382418512
0.991351000724285
0.997175704617263
0.99393789908421
0.992326676876094
0.919542792859559
0.971326625372262
0.96233672111927
0.948174884937032
0.991765017135523
0.983791242349472
0.966134387530111
0.992460281078795
0.99121630843038
0.897057940385202
0.947431999711317
0.991282128725981
0.839341438262855
0.965876349412042
0.992912490757287
0.991282382418512
0.991395781970353
0.991263134288496
0.991282382418512
0.991351000724285
0.997175704617263
0.99393789908421
0.992326676876094
0.919542792859559
0.971326625372262
0.96233672111927
0.948174884937032
0.991765017135523
0.983791242349472
0.966134387530111
0.992460281078795
0.99121630843038
0.897057940385202
0.947431999711317
0.991282128725981
0.839341438262855
0.965876349412042
