0.992909152108944
0.991250406908359
0.99140562137696
0.991269809286365
0.991250406908359
0.991349535128481
0.997185764688141
0.986568933737015
0.982543148478961
0.94460467372019
0.947825756408629
0.897813839285533
0.969903358646291
0.979722572495567
0.848721031659923
0.84888928531554
0.990945313662915
0.990189574262754
0.885430044598819
0.968359726601431
0.990556830673579
0.825452311739476
0.962651356776028
0.992909152108944
0.991250406908359
0.99140562137696
0.991269809286365
0.991250406908359
0.991349535128481
0.997185764688141
0.986568933737015
0.982543148478961
0.94460467372019
0.947825756408629
0.897813839285533
0.969903358646291
0.979722572495567
0.848721031659923
0.84888928531554
0.990945313662915
0.990189574262754
0.885430044598819
0.968359726601431
0.990556830673579
0.825452311739476
0.962651356776028
0.992909152108944
0.991250406908359
0.99140562137696
0.991269809286365
0.991250406908359
0.991349535128481
0.997185764688141
0.986568933737015
0.982543148478961
0.94460467372019
0.947825756408629
0.897813839285533
0.969903358646291
0.979722572495567
0.848721031659923
0.84888928531554
0.990945313662915
0.990189574262754
0.885430044598819
0.968359726601431
0.990556830673579
0.825452311739476
0.962651356776028
