0.862617721103923
0.862617721103923
0.862617721103923
0.862617721103923
0.862617721103923
0.862617721103923
0.862617721103923
0.862617721103923
0.862617721103923
0.862617721103923
0.862617721103923
0.862617721103923
0.862617721103923
0.862617721103923
0.862617721103923
0.862617721103923
0.862617721103923
0.862617721103923
0.862617721103923
0.862617721103923
0.862617721103923
0.862617721103923
0.862617721103923
0.862617721103923
0.862617721103923
0.862617721103923
0.862617721103923
0.862617721103923
0.862617721103923
0.862617721103923
0.862617721103923
0.862617721103923
0.862617721103923
0.862617721103923
0.862617721103923
0.862617721103923
0.862617721103923
0.862617721103923
0.862617721103923
0.862617721103923
0.862617721103923
0.862617721103923
0.862617721103923
0.862617721103923
0.862617721103923
0.862617721103923
0.862617721103923
0.862617721103923
0.862617721103923
0.862617721103923
0.862617721103923
0.862617721103923
0.862617721103923
0.862617721103923
0.862617721103923
0.862617721103923
0.862617721103923
