0.992901497102358
0.99132940066333
0.991400742177077
0.991281667958868
0.99132940066333
0.991318754621389
0.997122406165165
0.9863849563823
0.979664514491239
0.941103071725119
0.944608663881439
0.84659864521708
0.968499119030532
0.976856601519729
0.771953501872525
0.846180720283961
0.977904573797258
0.989078515031173
0.881443175992124
0.980321220703844
0.928203703041812
0.800309303307681
0.953039398415355
0.992901497102358
0.99132940066333
0.991400742177077
0.991281667958868
0.99132940066333
0.991318754621389
0.997122406165165
0.9863849563823
0.979664514491239
0.941103071725119
0.944608663881439
0.84659864521708
0.968499119030532
0.976856601519729
0.771953501872525
0.846180720283961
0.977904573797258
0.989078515031173
0.881443175992124
0.980321220703844
0.928203703041812
0.800309303307681
0.953039398415355
0.992901497102358
0.99132940066333
0.991400742177077
0.991281667958868
0.99132940066333
0.991318754621389
0.997122406165165
0.9863849563823
0.979664514491239
0.941103071725119
0.944608663881439
0.84659864521708
0.968499119030532
0.976856601519729
0.771953501872525
0.846180720283961
0.977904573797258
0.989078515031173
0.881443175992124
0.980321220703844
0.928203703041812
0.800309303307681
0.953039398415355
