0.886950195474889
0.886950195474889
0.886950195474889
0.886950195474889
0.886950195474889
0.886950195474889
0.886950195474889
0.886950195474889
0.886950195474889
0.886950195474889
0.886950195474889
0.886950195474889
0.886950195474889
0.886950195474889
0.886950195474889
0.886950195474889
0.886950195474889
0.886950195474889
0.886950195474889
0.886950195474889
0.886950195474889
0.886950195474889
0.886950195474889
0.886950195474889
0.886950195474889
0.886950195474889
0.886950195474889
0.886950195474889
0.886950195474889
0.886950195474889
0.886950195474889
0.886950195474889
0.886950195474889
0.886950195474889
0.886950195474889
0.886950195474889
0.886950195474889
0.886950195474889
0.886950195474889
0.886950195474889
0.886950195474889
0.886950195474889
0.886950195474889
0.886950195474889
0.886950195474889
0.886950195474889
0.886950195474889
0.886950195474889
0.886950195474889
0.886950195474889
0.886950195474889
0.886950195474889
0.886950195474889
0.886950195474889
0.886950195474889
0.886950195474889
0.886950195474889
