0.992922101649987
0.991285433623539
0.991410835869864
0.991255780931827
0.991285433623539
0.991364558729098
0.997145429242026
0.985292356557302
0.976819062572947
0.959267199760861
0.941538197296852
0.809942785551825
0.969590155764316
0.97845851434621
0.771095636133724
0.841974338650178
0.980438020501204
0.989000193129822
0.882365545165347
0.979105146311356
0.926014253792153
0.790949186689091
0.957835700267083
0.992922101649987
0.991285433623539
0.991410835869864
0.991255780931827
0.991285433623539
0.991364558729098
0.997145429242026
0.985292356557302
0.976819062572947
0.959267199760861
0.941538197296852
0.809942785551825
0.969590155764316
0.97845851434621
0.771095636133724
0.841974338650178
0.980438020501204
0.989000193129822
0.882365545165347
0.979105146311356
0.926014253792153
0.790949186689091
0.957835700267083
0.992922101649987
0.991285433623539
0.991410835869864
0.991255780931827
0.991285433623539
0.991364558729098
0.997145429242026
0.985292356557302
0.976819062572947
0.959267199760861
0.941538197296852
0.809942785551825
0.969590155764316
0.97845851434621
0.771095636133724
0.841974338650178
0.980438020501204
0.989000193129822
0.882365545165347
0.979105146311356
0.926014253792153
0.790949186689091
0.957835700267083
