0.992900395372955
0.991234214594593
0.991400659548507
0.991290268249026
0.991234214594593
0.991347411567149
0.997204503009451
0.994033660865245
0.992250330975009
0.908467591271539
0.971234688279988
0.975285430703212
0.948832980743596
0.991706925542417
0.994898696417657
0.966134365883436
0.992429686654536
0.991198057000018
0.895077355305589
0.953985218656645
0.991172308805978
0.83856212772246
0.974505523985988
0.992900395372955
0.991234214594593
0.991400659548507
0.991290268249026
0.991234214594593
0.991347411567149
0.997204503009451
0.994033660865245
0.992250330975009
0.908467591271539
0.971234688279988
0.975285430703212
0.948832980743596
0.991706925542417
0.994898696417657
0.966134365883436
0.992429686654536
0.991198057000018
0.895077355305589
0.953985218656645
0.991172308805978
0.83856212772246
0.974505523985988
0.992900395372955
0.991234214594593
0.991400659548507
0.991290268249026
0.991234214594593
0.991347411567149
0.997204503009451
0.994033660865245
0.992250330975009
0.908467591271539
0.971234688279988
0.975285430703212
0.948832980743596
0.991706925542417
0.994898696417657
0.966134365883436
0.992429686654536
0.991198057000018
0.895077355305589
0.953985218656645
0.991172308805978
0.83856212772246
0.974505523985988
