0.845552254599517
0.845552254599517
0.845552254599517
0.845552254599517
0.845552254599517
0.845552254599517
0.845552254599517
0.845552254599517
0.845552254599517
0.845552254599517
0.845552254599517
0.845552254599517
0.845552254599517
0.845552254599517
0.845552254599517
0.845552254599517
0.845552254599517
0.845552254599517
0.845552254599517
0.845552254599517
0.845552254599517
0.845552254599517
0.845552254599517
0.845552254599517
0.845552254599517
0.845552254599517
0.845552254599517
0.845552254599517
0.845552254599517
0.845552254599517
0.845552254599517
0.845552254599517
0.845552254599517
0.845552254599517
0.845552254599517
0.845552254599517
0.845552254599517
0.845552254599517
0.845552254599517
0.845552254599517
0.845552254599517
0.845552254599517
0.845552254599517
0.845552254599517
0.845552254599517
0.845552254599517
0.845552254599517
0.845552254599517
0.845552254599517
0.845552254599517
0.845552254599517
0.845552254599517
0.845552254599517
0.845552254599517
0.845552254599517
0.845552254599517
0.845552254599517
