0.992902588735054
0.991270985293879
0.991356753632428
0.991261137825265
0.991270985293879
0.991265967529316
0.997154356843307
0.987232718457987
0.983561622841041
0.955857963556001
0.951271593604622
0.908074931868715
0.96759861798409
0.980480578425902
0.845247762886352
0.848304416561132
0.987807225125486
0.990234781327712
0.88453360550415
0.967999443925452
0.990570564913482
0.82017611253625
0.963791709213006
0.992902588735054
0.991270985293879
0.991356753632428
0.991261137825265
0.991270985293879
0.991265967529316
0.997154356843307
0.987232718457987
0.983561622841041
0.955857963556001
0.951271593604622
0.908074931868715
0.96759861798409
0.980480578425902
0.845247762886352
0.848304416561132
0.987807225125486
0.990234781327712
0.88453360550415
0.967999443925452
0.990570564913482
0.82017611253625
0.963791709213006
0.992902588735054
0.991270985293879
0.991356753632428
0.991261137825265
0.991270985293879
0.991265967529316
0.997154356843307
0.987232718457987
0.983561622841041
0.955857963556001
0.951271593604622
0.908074931868715
0.96759861798409
0.980480578425902
0.845247762886352
0.848304416561132
0.987807225125486
0.990234781327712
0.88453360550415
0.967999443925452
0.990570564913482
0.82017611253625
0.963791709213006
