0.992913511986714
0.991237339543376
0.991359604847236
0.991290313733993
0.991237339543376
0.991357249911682
0.997206210224251
0.994170564589343
0.993441410224162
0.92580690803881
0.970888118179016
0.971701912969343
0.950707576912462
0.991973602325678
0.994609743328733
0.966137364052492
0.992589729798928
0.991066023383888
0.901963968378122
0.934412496498826
0.991158085258402
0.843164448300308
0.970980321771372
0.992913511986714
0.991237339543376
0.991359604847236
0.991290313733993
0.991237339543376
0.991357249911682
0.997206210224251
0.994170564589343
0.993441410224162
0.92580690803881
0.970888118179016
0.971701912969343
0.950707576912462
0.991973602325678
0.994609743328733
0.966137364052492
0.992589729798928
0.991066023383888
0.901963968378122
0.934412496498826
0.991158085258402
0.843164448300308
0.970980321771372
0.992913511986714
0.991237339543376
0.991359604847236
0.991290313733993
0.991237339543376
0.991357249911682
0.997206210224251
0.994170564589343
0.993441410224162
0.92580690803881
0.970888118179016
0.971701912969343
0.950707576912462
0.991973602325678
0.994609743328733
0.966137364052492
0.992589729798928
0.991066023383888
0.901963968378122
0.934412496498826
0.991158085258402
0.843164448300308
0.970980321771372
