0.851656054113518
0.851656054113518
0.851656054113518
0.851656054113518
0.851656054113518
0.851656054113518
0.851656054113518
0.851656054113518
0.851656054113518
0.851656054113518
0.851656054113518
0.851656054113518
0.851656054113518
0.851656054113518
0.851656054113518
0.851656054113518
0.851656054113518
0.851656054113518
0.851656054113518
0.851656054113518
0.851656054113518
0.851656054113518
0.851656054113518
0.851656054113518
0.851656054113518
0.851656054113518
0.851656054113518
0.851656054113518
0.851656054113518
0.851656054113518
0.851656054113518
0.851656054113518
0.851656054113518
0.851656054113518
0.851656054113518
0.851656054113518
0.851656054113518
0.851656054113518
0.851656054113518
0.851656054113518
0.851656054113518
0.851656054113518
0.851656054113518
0.851656054113518
0.851656054113518
0.851656054113518
0.851656054113518
0.851656054113518
0.851656054113518
0.851656054113518
0.851656054113518
0.851656054113518
0.851656054113518
0.851656054113518
0.851656054113518
0.851656054113518
0.851656054113518
