0
0.989444842914616
0
0.989434703727676
0.989444842914616
0
0.995880455918986
0.793899458257951
0.954572400278661
0.973574832153102
0.773242378416248
0
0.648661842768845
0.942454240316395
0.165617493478073
0.823739588673024
0.968142471546891
0.875226553625236
0.85872622559237
0.953974476850438
0.981689136958769
0.723158947735375
0.870191979853172
0
0.989444842914616
0
0.989434703727676
0.989444842914616
0
0.995880455918986
0.793899458257951
0.954572400278661
0.973574832153102
0.773242378416248
0
0.648661842768845
0.942454240316395
0.165617493478073
0.823739588673024
0.968142471546891
0.875226553625236
0.85872622559237
0.953974476850438
0.981689136958769
0.723158947735375
0.870191979853172
0
0.989444842914616
0
0.989434703727676
0.989444842914616
0
0.995880455918986
0.793899458257951
0.954572400278661
0.973574832153102
0.773242378416248
0
0.648661842768845
0.942454240316395
0.165617493478073
0.823739588673024
0.968142471546891
0.875226553625236
0.85872622559237
0.953974476850438
0.981689136958769
0.723158947735375
0.870191979853172
