0.651904527454532
0.651904527454532
0.651904527454532
0.651904527454532
0.651904527454532
0.651904527454532
0.651904527454532
0.651904527454532
0.651904527454532
0.651904527454532
0.651904527454532
0.651904527454532
0.651904527454532
0.651904527454532
0.651904527454532
0.651904527454532
0.651904527454532
0.651904527454532
0.651904527454532
0.651904527454532
0.651904527454532
0.651904527454532
0.651904527454532
0.651904527454532
0.651904527454532
0.651904527454532
0.651904527454532
0.651904527454532
0.651904527454532
0.651904527454532
0.651904527454532
0.651904527454532
0.651904527454532
0.651904527454532
0.651904527454532
0.651904527454532
0.651904527454532
0.651904527454532
0.651904527454532
0.651904527454532
0.651904527454532
0.651904527454532
0.651904527454532
0.651904527454532
0.651904527454532
0.651904527454532
0.651904527454532
0.651904527454532
0.651904527454532
0.651904527454532
0.651904527454532
0.651904527454532
0.651904527454532
0.651904527454532
0.651904527454532
0.651904527454532
0.651904527454532
