0
0.989444029341297
0
0.989442437290901
0.989444029341297
0
0.995883461780802
0.885088676287641
0.954839603643817
0.971821212004944
0.75628209781418
0
0.713891660949036
0.902813013062715
0.156357618246676
0.807016644748152
0.957721788108854
0.865566783738245
0.855290856901389
0.908778465089507
0.980294303897883
0.725275145213011
0.865509781785985
0
0.989444029341297
0
0.989442437290901
0.989444029341297
0
0.995883461780802
0.885088676287641
0.954839603643817
0.971821212004944
0.75628209781418
0
0.713891660949036
0.902813013062715
0.156357618246676
0.807016644748152
0.957721788108854
0.865566783738245
0.855290856901389
0.908778465089507
0.980294303897883
0.725275145213011
0.865509781785985
0
0.989444029341297
0
0.989442437290901
0.989444029341297
0
0.995883461780802
0.885088676287641
0.954839603643817
0.971821212004944
0.75628209781418
0
0.713891660949036
0.902813013062715
0.156357618246676
0.807016644748152
0.957721788108854
0.865566783738245
0.855290856901389
0.908778465089507
0.980294303897883
0.725275145213011
0.865509781785985
