0.992940193255768
0.989409291362251
0.989408601214647
0.989410949600865
0.989409291362251
0.703214573555765
0.995880847533007
0.981304229334789
0.983007288467834
0.9876583847492
0.873639367914615
0.0642078832116788
0.777980802042789
0.989078616963128
0.809879185287571
0.964738541127175
0.991550958883849
0.987388326406475
0.875482267445161
0.955022385312563
0.987868017267223
0.837593676307278
0.884341224677852
0.992940193255768
0.989409291362251
0.989408601214647
0.989410949600865
0.989409291362251
0.703214573555765
0.995880847533007
0.981304229334789
0.983007288467834
0.9876583847492
0.873639367914615
0.0642078832116788
0.777980802042789
0.989078616963128
0.809879185287571
0.964738541127175
0.991550958883849
0.987388326406475
0.875482267445161
0.955022385312563
0.987868017267223
0.837593676307278
0.884341224677852
0.992940193255768
0.989409291362251
0.989408601214647
0.989410949600865
0.989409291362251
0.703214573555765
0.995880847533007
0.981304229334789
0.983007288467834
0.9876583847492
0.873639367914615
0.0642078832116788
0.777980802042789
0.989078616963128
0.809879185287571
0.964738541127175
0.991550958883849
0.987388326406475
0.875482267445161
0.955022385312563
0.987868017267223
0.837593676307278
0.884341224677852
