0.992941106008958
0.989404985594943
0.989412991778248
0.989414843163973
0.989404985594943
0.270295508550064
0.995880372962581
0.975608180507435
0.981647335136171
0.985205868038034
0.84914843792309
0
0.684970085043693
0.983851694742474
0.697715200725875
0.964669541763812
0.990613972659661
0.981790904876036
0.874541440801307
0.95333733252372
0.987627984872801
0.827147291256368
0.953237788448113
0.992941106008958
0.989404985594943
0.989412991778248
0.989414843163973
0.989404985594943
0.270295508550064
0.995880372962581
0.975608180507435
0.981647335136171
0.985205868038034
0.84914843792309
0
0.684970085043693
0.983851694742474
0.697715200725875
0.964669541763812
0.990613972659661
0.981790904876036
0.874541440801307
0.95333733252372
0.987627984872801
0.827147291256368
0.953237788448113
0.992941106008958
0.989404985594943
0.989412991778248
0.989414843163973
0.989404985594943
0.270295508550064
0.995880372962581
0.975608180507435
0.981647335136171
0.985205868038034
0.84914843792309
0
0.684970085043693
0.983851694742474
0.697715200725875
0.964669541763812
0.990613972659661
0.981790904876036
0.874541440801307
0.95333733252372
0.987627984872801
0.827147291256368
0.953237788448113
