0.625007397224523
0.625007397224523
0.625007397224523
0.625007397224523
0.625007397224523
0.625007397224523
0.625007397224523
0.625007397224523
0.625007397224523
0.625007397224523
0.625007397224523
0.625007397224523
0.625007397224523
0.625007397224523
0.625007397224523
0.625007397224523
0.625007397224523
0.625007397224523
0.625007397224523
0.625007397224523
0.625007397224523
0.625007397224523
0.625007397224523
0.625007397224523
0.625007397224523
0.625007397224523
0.625007397224523
0.625007397224523
0.625007397224523
0.625007397224523
0.625007397224523
0.625007397224523
0.625007397224523
0.625007397224523
0.625007397224523
0.625007397224523
0.625007397224523
0.625007397224523
0.625007397224523
0.625007397224523
0.625007397224523
0.625007397224523
0.625007397224523
0.625007397224523
0.625007397224523
0.625007397224523
0.625007397224523
0.625007397224523
0.625007397224523
0.625007397224523
0.625007397224523
0.625007397224523
0.625007397224523
0.625007397224523
0.625007397224523
0.625007397224523
0.625007397224523
