0.828824727799669
0.828824727799669
0.828824727799669
0.828824727799669
0.828824727799669
0.828824727799669
0.828824727799669
0.828824727799669
0.828824727799669
0.828824727799669
0.828824727799669
0.828824727799669
0.828824727799669
0.828824727799669
0.828824727799669
0.828824727799669
0.828824727799669
0.828824727799669
0.828824727799669
0.828824727799669
0.828824727799669
0.828824727799669
0.828824727799669
0.828824727799669
0.828824727799669
0.828824727799669
0.828824727799669
0.828824727799669
0.828824727799669
0.828824727799669
0.828824727799669
0.828824727799669
0.828824727799669
0.828824727799669
0.828824727799669
0.828824727799669
0.828824727799669
0.828824727799669
0.828824727799669
0.828824727799669
0.828824727799669
0.828824727799669
0.828824727799669
0.828824727799669
0.828824727799669
0.828824727799669
0.828824727799669
0.828824727799669
0.828824727799669
0.828824727799669
0.828824727799669
0.828824727799669
0.828824727799669
0.828824727799669
0.828824727799669
0.828824727799669
0.828824727799669
