0.633856935541494
0.633856935541494
0.633856935541494
0.633856935541494
0.633856935541494
0.633856935541494
0.633856935541494
0.633856935541494
0.633856935541494
0.633856935541494
0.633856935541494
0.633856935541494
0.633856935541494
0.633856935541494
0.633856935541494
0.633856935541494
0.633856935541494
0.633856935541494
0.633856935541494
0.633856935541494
0.633856935541494
0.633856935541494
0.633856935541494
0.633856935541494
0.633856935541494
0.633856935541494
0.633856935541494
0.633856935541494
0.633856935541494
0.633856935541494
0.633856935541494
0.633856935541494
0.633856935541494
0.633856935541494
0.633856935541494
0.633856935541494
0.633856935541494
0.633856935541494
0.633856935541494
0.633856935541494
0.633856935541494
0.633856935541494
0.633856935541494
0.633856935541494
0.633856935541494
0.633856935541494
0.633856935541494
0.633856935541494
0.633856935541494
0.633856935541494
0.633856935541494
0.633856935541494
0.633856935541494
0.633856935541494
0.633856935541494
0.633856935541494
0.633856935541494
