0.877401513915344
0.880618551199392
0.883591172613364
0.878127343037749
0.862786706046158
0.873177266310619
0.872792041020334
0.876031232447553
0.878274920653702
0.878274097196027
0.881422881444611
0.874343836876529
0.869488505678871
0.880464619879814
0.868282289402403
0.873993880260034
0.878854721439583
0.882132639325953
0.875643135187436
0.88265746556165
0.874102141916935
0.875236654741329
0.871981754983923
0.875937947772524
0.879490045747431
0.871822144201232
0.879525078621262
0.880206711830744
0.874423977545943
0.873639367914615
0.875068958599052
0.876775277116913
0.871834952928778
0.872804562366678
0.886734660573771
