0.804793213024205
0.807016644748152
0.826534639808942
0.804691050565104
0.801299575916444
0.802377585288175
0.819224071714435
0.795816617734854
0.822100955571906
0.800832582139548
0.800515964036505
0.822699598381813
0.818508750778694
0.801276111523266
0.824399869413209
0.807908925773825
0.822337526146281
0.802807797263043
0.823105126569456
0.823739588673024
0.815420997921638
0.82357756046966
0.824515316763985
0.801685414954877
0.825339934426931
0.805883892713012
0.813783200511907
0.824658528904278
0.81584323505944
0.796587565801152
0.807688278859842
0.823774908828054
0.815202269520956
0.825355217498984
0.799829983347389
