3.7494e-33 6.12323e-17 1 
1 0 0 
6.12323e-17 1 0 
1 0 0 
6.12323e-17 0 1 
4.75878e-17 3.91372e-17 1.00624 
0.792047 0.429744 0.434907 
0.246774 0.123078 0.961374 
0.167768 0.966789 0.193454 
0.672936 0.266457 0.691866 
0.910382 0.396894 0.12749 
0.275265 0.871505 0.408357 
0.601644 0.0932201 0.79358 
0.773157 0.566431 0.293339 
0.840287 0.539466 0.0576417 
0.918115 0.321208 0.246868 
0.745044 0.355159 0.564821 
0.0151453 0.985674 0.168013 
0.0986677 0.179742 0.978774 
0.0483491 0.638768 0.768496 
0.457057 0.751095 0.477997 
0.130575 0.86223 0.489742 
0.142663 0.822118 0.551382 
0.376521 0.882692 0.345269 
0.622914 0.774293 0.11988 
0.981447 0.152068 0.118622 
0.649673 0.757615 0.0792266 
0.120225 0.688854 0.715217 
0.195006 0.974831 0.109178 
0.47638 0.230886 0.849216 
0.224446 0.0214553 0.97451 
0.890621 0.450961 0.0619074 
0.946402 0.290886 0.147925 
0.722875 0.611383 0.322804 
0.201782 0.955228 0.216566 
0.152243 0.877328 0.460754 
0.380517 0.25869 0.888024 
0.703093 0.710076 0.0387556 
0.582822 0.316392 0.748477 
0.428367 0.2042 0.880531 
0.86961 0.493982 0.00133254 
0.0195914 0.382645 0.924118 
0.813124 0.534896 0.229757 
0.451301 0.216169 0.865863 
0.0557291 0.73627 0.675119 
0.326209 0.837891 0.439698 
0.348176 0.368666 0.862846 
0.304482 0.921825 0.240687 
0.019354 0.378009 0.926204 
0.526263 0.61649 0.588604 
0.068496 0.90494 0.422212 
0.191524 0.957423 0.216585 
0.53368 0.596159 0.599872 
0.495748 0.620723 0.608286 
0.858957 0.457696 0.229758 
0.413858 0.848541 0.339673 
0.69551 0.472835 0.541037 
0.551987 0.240647 0.802085 
0.653336 0.65369 0.387523 
0.641738 0.679505 0.357932 
0.710611 0.700972 0.0737463 
0.196689 0.394481 0.898189 
0.669004 0.133713 0.73124 
0.82109 0.0649705 0.567137 
0.766922 0.365588 0.5296 
0.0572382 0.988441 0.147925 
0.60898 0.295154 0.742529 
0.960198 0.037578 0.277914 
0.511017 0.570842 0.642706 
0.570746 0.111121 0.81372 
0.162363 0.935646 0.313758 
0.283585 0.897847 0.337517 
0.561265 0.30883 0.767906 
0.394203 0.20539 0.896133 
0.325566 0.507933 0.797822 
0.145215 0.0748169 0.988682 
0.243172 0.487707 0.838807 
0.309066 0.910517 0.274911 
0.291311 0.584254 0.758008 
0.0769148 0.940562 0.331947 
0.485651 0.71738 0.504848 
0.741038 0.0708377 0.667723 
0.235116 0.904454 0.369833 
0.633215 0.67048 0.386693 
0.0346097 0.675973 0.736873 
0.687166 0.727607 0.00599668 
0.93485 0.19293 0.304623 
0.407625 0.8009 0.43946 
0.542586 0.0518671 0.838702 
0.700666 0.0347538 0.714018 
0.966213 0 0.259009 
0.0401653 0.942503 0.331826 
0.733013 0.524129 0.434907 
0.518211 0.578879 0.629641 
0.21843 0.840264 0.505945 
0.342757 0.171444 0.92435 
0.822605 0.520204 0.229758 
0.892585 0.451956 0.00769418 
0.849243 0.0671982 0.523728 
0.892148 0.451735 0.0168716 
