3.7494e-33 6.12323e-17 1 
6.12323e-17 1 0 
6.12323e-17 0 1 
1 0 0 
1 0 0 
5.51352e-17 2.85517e-17 1.014 
0.151921 0.228829 0.962432 
0.848966 0.249861 0.465735 
0.596484 0.702751 0.389679 
0.45616 0.372385 0.808271 
0.00165145 0.998963 0.0455068 
0.208836 0.939361 0.273637 
0.632649 0.487287 0.602341 
0.092038 0.924042 0.371215 
0.924412 0.197886 0.335306 
0.823169 0.136502 0.551619 
0.368809 0.86163 0.360012 
0.945545 0.329513 0.0936535 
0.954353 0.17174 0.2458 
0.806035 0.216728 0.560944 
0.0288782 0.126336 0.991584 
0.18093 0.882611 0.43602 
0.493017 0.757059 0.429421 
0.775311 0.0699603 0.628026 
0.123203 0.538987 0.834254 
0.685277 0.546736 0.481949 
0.732993 0.441373 0.522426 
0.871842 0.457281 0.200905 
0.299851 0.89858 0.320411 
0.319112 0.956301 0.0257908 
0.908673 0.100654 0.405684 
0.468505 0.732614 0.494639 
0.129638 0.979155 0.156568 
0.530331 0.816088 0.234484 
0.89635 0.407699 0.200951 
0.0714976 0.392397 0.91753 
0.617732 0.583036 0.530186 
0.552191 0.153789 0.821252 
0.406041 0.564163 0.71913 
0.311966 0.682942 0.661021 
0.279868 0.612674 0.740029 
0.442376 0.828324 0.346805 
0.744596 0.594062 0.304467 
0.507169 0.778123 0.371295 
0.336319 0.00904707 0.943049 
0.710338 0.0534798 0.707641 
0.250208 0.630737 0.735599 
0.0596163 0.468081 0.882634 
0.237536 0.314242 0.922349 
0.831121 0.435923 0.362928 
0.965642 0.259644 0.106971 
0.34942 0.0351692 0.937608 
0.541084 0.189924 0.8216 
0.642773 0.764039 0.057972 
0.531951 0.83931 0.112461 
0.577821 0.6537 0.488677 
0.227438 0.351516 0.909549 
0.796244 0.589314 0.137249 
0.692444 0.717832 0.0748952 
0.0410791 0.310271 0.949793 
0.986418 0.0678521 0.156734 
0.749357 0.177631 0.638087 
0.762665 0.623157 0.196748 
0.623532 0.480264 0.6173 
0.521563 0.726026 0.448663 
0.420394 0.640213 0.643006 
0.590836 0.671073 0.448743 
0.355249 0.50341 0.787824 
0.554417 0.366709 0.74736 
0.199842 0.0150457 0.983941 
0.100807 0.523779 0.852338 
0.608154 0.794445 0 
0.850694 0.446189 0.280059 
0.659622 0.740879 0.126836 
0.399787 0.518909 0.756904 
0.476926 0.0480027 0.877718 
0.674907 0.389323 0.62858 
0.708573 0.419263 0.568509 
0.438968 0.301951 0.851379 
0.937787 0.34721 0 
0.21311 0.982893 0.0222964 
0.419942 0.288863 0.860995 
0.189178 0.710244 0.679495 
0.662445 0.746753 0.0594027 
0.138517 0.675715 0.724387 
0.911849 0.0686512 0.405772 
0.22356 0.574268 0.787969 
0.4306 0.272244 0.860564 
0.113928 0.951061 0.31635 
0.0958654 0.811433 0.577811 
0.890979 0.467318 0.0109775 
0.770553 0.117726 0.62886 
0.654922 0.364723 0.667319 
0.184525 0.403954 0.896843 
0.391274 0.507859 0.769371 
0.794815 0.255253 0.561033 
0.484675 0.168904 0.866992 
0.983452 0.0264551 0.180046 
0.271212 0.413025 0.869434 
0.422475 0.850598 0.317482 
