3.7494e-33 6.12323e-17 1 
6.12323e-17 0 1 
6.12323e-17 1 0 
1 0 0 
1 0 0 
2.71664e-17 5.50074e-17 1.00192 
0.954697 0.0180604 0.300571 
0.37062 0.373656 0.850347 
0.539561 0.836894 0.0927474 
0.848586 0.319536 0.423169 
0.636759 0.290853 0.714273 
0.476495 0.119083 0.871088 
0.714819 0.640905 0.279987 
0.225013 0.972211 0.0661868 
0.827559 0.221282 0.515934 
0.0253796 0.739185 0.673131 
0.897073 0.409757 0.165771 
0.383445 0.10253 0.91786 
0.352892 0.583704 0.731373 
0.788448 0.0715299 0.611787 
0.407316 0.27469 0.871328 
0.0425767 0.45611 0.889308 
0.333933 0.936412 0.121099 
0.441528 0.367531 0.81852 
0.92227 0.3601 0.140532 
0.836985 0.251394 0.486125 
0.426207 0.704971 0.566901 
0.500787 0.828332 0.251516 
0.754247 0.551374 0.359718 
0.153474 0.238048 0.959411 
0.905786 0.407908 0.125857 
0.801784 0.168599 0.574813 
0.973197 0.0216853 0.230594 
0.516879 0.760561 0.393565 
0.976319 0.2053 0.0796897 
0.136608 0.945884 0.294492 
0.164371 0.526567 0.843938 
0.648313 0.44673 0.617263 
0.732597 0.494056 0.468912 
0.655685 0.137877 0.743969 
0.560691 0.825028 0.0818407 
0.580813 0.424589 0.694611 
0.147151 0.0453075 0.988088 
0.687877 0.616748 0.382994 
0.597314 0.802039 0.0246657 
0.520107 0.786358 0.345569 
0.924817 0.201341 0.322902 
0.256246 0.583752 0.770508 
0.671338 0.727569 0.17678 
0.198363 0.623404 0.757644 
0.298141 0.955104 0.0560858 
0.392963 0.156769 0.907548 
0.498793 0.669749 0.551222 
0.268703 0.860799 0.432872 
0.706484 0.148559 0.693183 
0.427749 0.646721 0.638525 
0.280243 0.959221 0.0371027 
0.625747 0.779776 0.0386691 
0.503899 0.676606 0.53757 
0.665824 0.721593 0.216068 
0.248035 0.848976 0.466621 
0.0861589 0.928707 0.376279 
0.735956 0.331428 0.592622 
0.551738 0.811854 0.191051 
0.611283 0.447225 0.65301 
0.452229 0.891937 5.56829e-05 
0.0995728 0.689451 0.719306 
0.701309 0.628792 0.337321 
0.435792 0.90013 0.0141659 
0.32336 0.534857 0.787067 
0.292583 0.9373 0.195325 
0.0508383 0.352009 0.935457 
0.781108 0.477986 0.410735 
0.237993 0.469398 0.850343 
0.436713 0.7802 0.447909 
0.765228 0.502518 0.410612 
0.381137 0.771738 0.512839 
0.0610969 0.65451 0.753678 
0.0688784 0.0858329 0.994047 
0.818505 0.475206 0.322893 
0.308907 0.870737 0.382653 
0.0182599 0.195612 0.980884 
0.176209 0.256636 0.951646 
0.671335 0.710517 0.211112 
0.459483 0.881621 0.121099 
0.124476 0.834973 0.539586 
0.879423 0.0855821 0.468887 
0.108911 0.754112 0.647716 
0.270751 0.534006 0.800993 
0.80714 0.00282139 0.592625 
0.974343 0.00554152 0.230812 
0.48338 0.799539 0.369133 
0.0442138 0.981656 0.188036 
0.0346527 0.0573176 0.997902 
0.263211 0.566881 0.787067 
0.867693 0.17481 0.466727 
0.103586 0.33184 0.938434 
0.0922579 0.988328 0.124339 
0.404923 0.516196 0.759801 
0.770156 0.63752 0.021351 
