4.32978e-17 4.32978e-17 1 
0.707107 0.707107 0 
0.707107 0.707107 0 
4.32978e-17 4.32978e-17 1 
0.643418 0.643418 0.414761 
0.583269 0.583269 0.565328 
0.630089 0.630089 0.453846 
0.485002 0.485002 0.727699 
0.541561 0.541561 0.64298 
0.525745 0.525745 0.668718 
0.243617 0.243617 0.938777 
0.667393 0.667393 0.330413 
0.040557 0.040557 0.998354 
0.517133 0.517133 0.682017 
0.465521 0.465521 0.752716 
0.597094 0.597094 0.535684 
0.385907 0.385907 0.837945 
0.0148203 0.0148203 0.99978 
0.379771 0.379771 0.843533 
0.6206 0.6206 0.479283 
0.355464 0.355464 0.86446 
0.592542 0.592542 0.545699 
0.329862 0.329862 0.884524 
0.320319 0.320319 0.891511 
0.607264 0.607264 0.512309 
0.686548 0.686548 0.239383 
0.351734 0.351734 0.867506 
0.214799 0.214799 0.952745 
0.454767 0.454767 0.76575 
0.439153 0.439153 0.783766 
0.404045 0.404045 0.820667 
0.0883375 0.0883375 0.992166 
0.67981 0.67981 0.275167 
0.259989 0.259989 0.929952 
0.562445 0.562445 0.606062 
0.704179 0.704179 0.0909014 
0.701389 0.701389 0.126908 
0.555377 0.555377 0.618962 
0.506483 0.506483 0.697818 
0.67981 0.67981 0.275167 
0.696764 0.696764 0.170411 
0.0703426 0.0703426 0.99504 
0.706629 0.706629 0.0367393 
0.136361 0.136361 0.981229 
0.172536 0.172536 0.969775 
0.231231 0.231231 0.945021 
0.169509 0.169509 0.970842 
0.0760755 0.0760755 0.994196 
0.312005 0.312005 0.897388 
0.426557 0.426557 0.797557 
0.141717 0.141717 0.97971 
0.609388 0.609388 0.50724 
0.436216 0.436216 0.78704 
0.338173 0.338173 0.878224 
0.0456915 0.0456915 0.99791 
0.293081 0.293081 0.910059 
0.201324 0.201324 0.958612 
0.696764 0.696764 0.170411 
0.655083 0.655083 0.376472 
0.692189 0.692189 0.204325 
0.274215 0.274215 0.921744 
0.404045 0.404045 0.820667 
0.288079 0.288079 0.913248 
0.274886 0.274886 0.921344 
0.186664 0.186664 0.964527 
0.414037 0.414037 0.810646 
0.261165 0.261165 0.929293 
0.155541 0.155541 0.975507 
0.658125 0.658125 0.36571 
0.655083 0.655083 0.376472 
0.706629 0.706629 0.0367393 
0.465521 0.465521 0.752716 
0.454767 0.454767 0.76575 
0.152852 0.152852 0.976357 
0.687513 0.687513 0.233778 
0.702544 0.702544 0.113416 
0.000667224 0.000667224 1 
0.301774 0.301774 0.904359 
0.186664 0.186664 0.964527 
0.562445 0.562445 0.606062 
0.0148203 0.0148203 0.99978 
0.616958 0.616958 0.488597 
0.0572083 0.0572083 0.996722 
0.108836 0.108836 0.988084 
0.67146 0.67146 0.313501 
0.0961836 0.0961836 0.990706 
0.658125 0.658125 0.36571 
0.493061 0.493061 0.716786 
0.123977 0.123977 0.98451 
0.305142 0.305142 0.902095 
0.212273 0.212273 0.953877 
0.108836 0.108836 0.988084 
0.231231 0.231231 0.945021 
0.379771 0.379771 0.843533 
0.120309 0.120309 0.98542 
0.549855 0.549855 0.628744 
0.562445 0.562445 0.606062 
0.0572083 0.0572083 0.996722 
0.503632 0.503632 0.701933 
0.355464 0.355464 0.86446 
