3.7494e-33 6.12323e-17 1 
6.12323e-17 0 1 
1 0 0 
1 0 0 
6.12323e-17 1 0 
2.61986e-17 5.53831e-17 1.00057 
0.633688 0.722105 0.278157 
0.185312 0.817451 0.545429 
0.07479 0.572051 0.817159 
0.897325 0.426576 0.115524 
0.646976 0.747189 0.17491 
0.718034 0.687852 0.141727 
0.244235 0.701257 0.67069 
0.507441 0.492662 0.707 
0.447588 0.300219 0.843299 
0.879916 0.475158 0.0419182 
0.0683211 0.134241 0.989561 
0.132362 0.951043 0.294229 
0.0449355 0.857127 0.51332 
0.459483 0.797611 0.391922 
0.831403 0.266888 0.487546 
0.918499 0.153312 0.368047 
0.0370392 0.88022 0.473168 
0.382141 0.611328 0.693098 
0.584495 0.622762 0.526172 
0.262413 0.0220242 0.966153 
0.366028 0.930043 0.034519 
0.510153 0.444428 0.738988 
0.0248317 0.761524 0.648162 
0.815331 0.398313 0.424756 
0.749446 0.657567 0.0842177 
0.786702 0.252538 0.563772 
0.173808 0.90737 0.384373 
0.800977 0.540606 0.260455 
0.464215 0.562045 0.690752 
0.289557 0.891496 0.352439 
0.207555 0.883392 0.424768 
0.45124 0.85946 0.247243 
0.270916 0.96247 0.0199931 
0.482117 0.472174 0.738141 
0.695974 0.0494167 0.717773 
5.77283e-17 0.942774 0.333529 
0.855243 0.517408 0.054206 
0.311575 0.331974 0.891963 
0.614425 0.167518 0.771039 
0.321989 0.294511 0.900402 
0.538493 0.681062 0.496395 
0.603012 0.548307 0.583482 
0.669817 0.596756 0.44253 
0.649492 0.0317237 0.760125 
0.949776 0.210054 0.233285 
0.399521 0.0120569 0.916722 
0.436116 0.265616 0.860176 
0.456788 0.455732 0.772016 
0.140639 0.781782 0.607551 
0.987904 0.128665 0.128598 
0.228612 0.92569 0.30814 
0.685709 0.0335529 0.728036 
0.677184 0.588012 0.44241 
0.197792 0.764281 0.613872 
0.954191 0.225664 0.196804 
0.242995 0.853418 0.461986 
0.741265 0.529147 0.415936 
0.86302 0.42161 0.285769 
0.0934429 0.60689 0.790625 
0.978572 0.195822 0.0697194 
0.594424 0.542016 0.595968 
0.0104195 0.36317 0.931853 
0.417119 0.416155 0.808016 
0.47413 0.142605 0.870799 
0.527474 0.629043 0.57734 
0.0135157 0.510488 0.860229 
0.851693 0.200399 0.490493 
0.957533 0.288 0.0199938 
0.180669 0.981406 0.0723514 
0.729805 0.66546 0.163853 
0.932588 0.097101 0.352548 
0.340902 0.317987 0.885853 
0.767373 0.643037 0.00960096 
0.256507 0.233891 0.939045 
0.412393 0.411439 0.8134 
0.153452 0.982948 0.101934 
0.107623 0.672428 0.732532 
0.803842 0.34866 0.483027 
0.933993 0.342697 0.104551 
0.257155 0.903151 0.344949 
0.400009 0.00097258 0.917428 
0.911198 0.0595898 0.407688 
0.555834 0.778443 0.293098 
0.958805 0.185274 0.224215 
0.0263654 0.995821 0.0921103 
0.763643 0.63991 0.0994855 
0.954363 0.260199 0.155326 
0.346359 0.913225 0.215178 
0.352795 0.322688 0.878344 
0.951521 0.0614257 0.30814 
0.572173 0.221621 0.790048 
0.548025 0.836401 0.0182693 
0.358422 0.084335 0.934187 
0.346005 0.368658 0.867984 
