4.32978e-17 4.32978e-17 1 
4.32978e-17 4.32978e-17 1 
0.707107 0.707107 0 
0.707107 0.707107 0 
0.707107 0.707107 0 
0.0851561 0.0851543 0.992768 
0.602982 0.602981 0.522332 
0.669441 0.669441 0.322022 
0.188951 0.188949 0.963797 
0.344187 0.344187 0.87354 
0.226802 0.22679 0.948045 
0.0381338 0.0381338 0.998547 
0.0659814 0.0659762 0.995814 
0.205684 0.20567 0.956918 
0.566596 0.566596 0.598279 
0.10181 0.1018 0.989816 
0.626257 0.626109 0.466554 
0.504902 0.504902 0.700106 
0.134894 0.134894 0.981635 
0.295563 0.295556 0.908767 
0.675852 0.675852 0.296716 
0.175627 0.175627 0.96867 
0.452591 0.452582 0.768411 
0.120009 0.120009 0.985493 
0.285101 0.2851 0.915129 
0.634086 0.634049 0.442943 
0.693489 0.693981 0.196406 
0.519533 0.51955 0.6786 
0.214076 0.214054 0.953334 
0.306826 0.306825 0.90096 
0.543461 0.543465 0.639782 
0.155296 0.155296 0.975585 
0.369132 0.369128 0.853086 
0.166068 0.166055 0.972186 
0.700492 0.700501 0.13654 
0.69157 0.691507 0.210744 
0.644745 0.644745 0.410619 
0.14502 0.145017 0.978823 
0.609931 0.609931 0.505934 
0.413753 0.413753 0.81094 
0.706041 0.706049 0.0550868 
0.638139 0.638138 0.43077 
0.442601 0.4426 0.779911 
0.654361 0.654361 0.378976 
0.531497 0.531495 0.659576 
0.404595 0.404595 0.820126 
0.46069 0.460694 0.758656 
0.649621 0.649707 0.39922 
0.703396 0.703396 0.102313 
0.496112 0.496059 0.712809 
0.706735 0.706735 0.0324412 
0.0276896 0.0276896 0.999233 
0.697981 0.697991 0.160206 
0.586006 0.586006 0.559638 
0.11154 0.11154 0.987498 
0.661621 0.661575 0.353248 
0.61983 0.619815 0.481628 
0.589819 0.589708 0.553541 
0.0572411 0.0572411 0.996718 
0.704405 0.704375 0.0887425 
0.55876 0.55876 0.612841 
0.575883 0.575883 0.580274 
0.421066 0.421042 0.80356 
0.538504 0.538504 0.648096 
0.47845 0.478441 0.736355 
0.320618 0.320618 0.891343 
0.553862 0.553576 0.62397 
0.0137373 0.0137373 0.999811 
0.33325 0.333216 0.882406 
0.391585 0.391537 0.833276 
0.577903 0.577903 0.576244 
0.436878 0.436878 0.786305 
0.31566 0.315403 0.897143 
0.241347 0.241344 0.940112 
0.253651 0.253649 0.933474 
0.5249 0.524936 0.670098 
0.358508 0.358529 0.861988 
0.329753 0.329753 0.884605 
0.358507 0.358529 0.861988 
0.686496 0.686517 0.240346 
0.658849 0.658849 0.364412 
0.376254 0.37625 0.846709 
0.681295 0.681265 0.268181 
0.241347 0.241344 0.940112 
0.686525 0.686498 0.240348 
0.67944 0.679437 0.277041 
0.018359 0.0183589 0.999679 
0.467227 0.467222 0.750633 
0.398302 0.398263 0.826628 
0.501253 0.501244 0.705364 
0.487309 0.487309 0.724613 
0.487309 0.487309 0.724613 
0.430122 0.430121 0.793728 
0.427736 0.427673 0.796703 
0.274724 0.274724 0.921441 
0.274724 0.274724 0.921441 
0.258367 0.258367 0.930856 
0.380815 0.380814 0.842599 
0.698899 0.698876 0.153927 
0.265418 0.26526 0.928513 
