0 0 6 
0.880804 0.23724 3.90251 
0.859396 0.859399 2.61401 
0.720825 0.877597 3.27974 
0.292106 0.275208 5.18355 
0.639693 0.0639483 5.42098 
0.644985 0.622455 5.11964 
0.667889 0.316309 4.97036 
0.259714 0.128836 5.32464 
0.00773272 0.0790466 5.85907 
0.00193574 0.13518 5.76417 
0.779934 0.69582 3.66756 
0.698507 0.853813 3.40324 
0.832101 0.653316 3.78573 
0.780506 0.850317 2.84398 
0.740554 0.316309 4.43037 
0.227879 0.18648 5.21141 
0.193426 0.121637 5.41007 
0.653448 0.213658 5.0214 
0.823493 0.773795 2.92925 
0.665271 0.784073 3.89356 
0.265527 0.742817 4.34477 
0.823493 0.812709 2.74807 
0.119296 0.808311 4.19794 
0.19766 0.0264756 5.58004 
0.873671 0.73126 3.23229 
0.708354 0.850317 3.43817 
0.796237 0.171142 4.22778 
0.22316 0.153551 5.30131 
0.8261 0.275208 3.93604 
0.845401 0.649251 3.7849 
0.648388 0.268388 5.13963 
0.85593 0.164073 3.97938 
0.109626 0.169557 5.47983 
0.292106 0.0499087 5.52957 
0.707078 0.751892 3.74188 
0.796237 0.199799 4.06576 
0.865655 0.637246 3.86206 
0.171878 0.246081 5.23139 
0.0326876 0.0499087 5.89625 
0.217883 0.67489 4.87051 
0.137646 0.717094 4.69311 
0.0681299 0.11525 5.67568 
0.10241 0.751892 4.52057 
0.0106312 0.773795 4.60941 
0.0514643 0.69582 5.06494 
0.0106312 0.782086 4.58134 
0.808243 0.782288 3.01624 
0.799883 0.757825 3.15052 
0.796237 0.199799 4.06576 
0.802692 0.69582 3.56434 
0.725355 0.295525 4.53495 
0.845401 0.685662 3.52191 
0 0.00932102 5.98986 
0.267986 0.722324 4.49312 
0.112249 0.0499087 5.72592 
0.865655 0.637246 3.86206 
0.670708 0.245315 4.88853 
0.665271 0.622455 4.97375 
0.025314 0.0499087 5.90755 
0.750208 0.841082 3.04794 
0.713279 0.666671 4.31698 
0.171878 0.246081 5.23139 
0.0514643 0.715292 4.93391 
0.878522 0.10725 4.12515 
0.859396 0.84488 2.62224 
0.880804 0.23724 3.90251 
0.227879 0.18648 5.21141 
0.873671 0.812013 2.70888 
0.799883 0.761068 3.13174 
0.0514643 0.205767 5.53753 
0.808243 0.777474 3.07493 
0.15286 0.0639483 5.5955 
0.0681299 0.11525 5.67568 
0.0681299 0.729227 4.7582 
0.828597 0.782288 2.86785 
0.081939 0.834266 4.22191 
0.763517 0.782086 3.24814 
0.0952165 0.0185528 5.82394 
0.0252481 0.756224 4.69244 
0.678324 0.259526 4.8239 
0.267986 0.722324 4.49312 
0.0952165 0.0175875 5.82523 
0.0246265 0.806565 4.39268 
0.0870274 0.11525 5.63394 
0.678324 0.259526 4.8239 
0.217883 0.665847 4.93159 
0.737357 0.859399 3.11882 
0.0246265 0.806565 4.39268 
0.217883 0.82467 4.00096 
0.720825 0.877597 3.27974 
0.15286 0.0639483 5.5955 
0.653448 0.213658 5.0214 
0.259714 0.827969 3.91933 
0.725355 0.123899 4.70905 
0.0514643 0.0293745 5.89785 
0.845401 0.685662 3.52191 
0.750208 0.859399 3.03486 
0.025314 0.0499087 5.90755 
0.816001 0.757825 3.08972 
