0 0 0.5 
0.5 0 0 
0 0 0.5 
0.5 0 0 
0 0.5 0 
0.430408 0.00148457 0.0681075 
0.328975 0.0125758 0.15845 
0.399928 0.089216 0.0109081 
0.00890984 0.175614 0.315476 
0.136886 0.0756068 0.287507 
0.306284 0.0804469 0.120003 
0.0737969 0.387248 0.038955 
0.0294595 0.436098 0.0344427 
0.353064 0.06781 0.0791264 
0.0976786 0.18167 0.220651 
0.0391869 0.0975925 0.363221 
0.00826231 0.0366391 0.455099 
0.00956254 0.00818831 0.482249 
0.0418769 0.0210375 0.437086 
0.146664 0.157625 0.195711 
0.0801973 0.307171 0.112632 
0 0.471124 0.0288757 
0.0354674 0.463461 0.00107206 
0.103431 0.255982 0.140587 
0.240894 0.239339 0.0197665 
0.0454267 0.11433 0.340244 
0.00180122 0.498199 0 
0.0441094 0.415454 0.0404365 
0.387998 0.0525445 0.0594571 
0.20363 0.193359 0.10301 
0.237945 0.0530808 0.208975 
0.188059 0.0634517 0.248489 
0.477412 0.0102511 0.0123366 
0 0.22446 0.27554 
0.0167023 0.329204 0.154094 
0.0510104 0.286989 0.162001 
0.450666 0.0482621 0.00107206 
0.287413 0.0672927 0.145294 
0.158454 0.21435 0.127195 
0.32019 0.16792 0.0118898 
0.396427 0.0884351 0.0151386 
0.496815 0.00323671 0 
0.290776 0.155718 0.0535062 
0.101269 0.14702 0.251711 
0.105428 0.153058 0.241514 
0.140946 0.175407 0.183646 
0.077703 0.0407503 0.381558 
0.259832 0.211281 0.0288866 
0.132294 0.0200133 0.347692 
0.0845224 0.316715 0.098763 
0.149938 0.195968 0.154094 
0.111339 0.360683 0.0279777 
0.0781772 0.299434 0.122389 
0.278388 0.136991 0.0846206 
0.135199 0.133052 0.231749 
0.365511 0.128389 0.00610091 
0.0441094 0.415454 0.0404365 
0.440229 0.00105203 0.0587188 
0.030091 0.445445 0.0244636 
0.0955784 0.270473 0.133948 
0.27526 0.0586134 0.166127 
0.198599 0.202786 0.0986149 
0.0697922 0.0245151 0.405693 
0.265705 0.0565789 0.177716 
0.0218487 0.00941435 0.468737 
0.0671409 0.352321 0.0805381 
0.0496604 0.124985 0.325355 
0.231338 0.0953174 0.173345 
0.107646 0.348719 0.0436346 
0.197603 0.201768 0.100629 
0.21885 0.247047 0.0341025 
0.0909422 0.228884 0.180175 
0.446336 0.0477984 0.00586526 
0.0720211 0.37793 0.0500494 
0.166303 0.0511028 0.282594 
0.0411425 0.111165 0.347692 
0.477412 0.0102511 0.0123366 
0.365468 0.128374 0.00615872 
0.0585521 0.0501776 0.39127 
0.24814 0.0241013 0.227758 
0.180326 0.139386 0.180288 
0.114205 0.0267392 0.359056 
0.00503608 0.0745505 0.420413 
0.170367 0.171184 0.15845 
0.0163854 0.322958 0.160657 
0.0496604 0.124985 0.325355 
0.030091 0.445445 0.0244636 
0.207403 0.0315134 0.261084 
0 0 0.5 
0.207554 0.108849 0.183597 
0.207403 0.0315134 0.261084 
0.219083 0.117324 0.163593 
0.077703 0.0407503 0.381558 
0.00503608 0.0745505 0.420413 
0.018687 0.279804 0.201509 
0.175214 0.144498 0.180288 
0.0218487 0.00941435 0.468737 
0.0630125 0.383481 0.0535062 
0.354353 0.00760872 0.138038 
0.210782 0.218862 0.0703562 
