3.7494e-33 6.12323e-17 1 
6.12323e-17 0 1 
6.12323e-17 1 0 
1 0 0 
1 0 0 
2.238e-17 5.7024e-17 1.00043 
0.597851 0.665038 0.447582 
0.708635 0.723156 0.0599161 
0.482876 0.35293 0.801463 
0.798445 0.375328 0.471861 
0.578112 0.74466 0.336303 
0.372006 0.296312 0.879672 
0.991505 0.0964321 0.0940178 
0.191248 0.80419 0.563381 
0.905507 0.193623 0.377786 
0.255051 0.931081 0.260852 
0.529965 0.682642 0.504946 
0.745365 0.593703 0.30323 
0.927696 0.327251 0.183061 
0.725437 0.00652112 0.688332 
0.272053 0.696062 0.665101 
0.882195 0.424851 0.20417 
0.427604 0.86937 0.255897 
0.667964 0.461786 0.583642 
0.339677 0.0290952 0.941723 
0.615982 0.793439 0.0232732 
0.812654 0.255047 0.525357 
0.495562 0.836175 0.244272 
0.681347 0.520676 0.514489 
0.278664 0.822259 0.496544 
0.545123 0.148389 0.826453 
0.763437 0.130383 0.633258 
0.0698632 0.703451 0.707614 
0.635421 0.648441 0.420271 
0.298551 0.492382 0.81763 
0.086164 0.411593 0.909247 
0.971751 0.195742 0.13223 
0.586816 0.229018 0.776663 
0.468531 0.603509 0.646924 
0.0638086 0.882012 0.466988 
0.0959966 0.500696 0.860364 
0.781694 0.15923 0.603577 
0.778863 0.627273 0.0121869 
0.846798 0.440905 0.315006 
0.690853 0.474069 0.546056 
0.948639 0.286187 0.173885 
0.232281 0.636574 0.73544 
0.223507 0.178029 0.958306 
0.109452 0.765528 0.634464 
0.213321 0.2583 0.942274 
0.611502 0.777343 0.147697 
0.827998 0.560664 0.0231685 
0.710413 0.578291 0.403585 
0.321737 0.946829 0 
0.392536 0.856484 0.335243 
0.507836 0.565354 0.650335 
0.245864 0.414853 0.879514 
0.914019 0.275742 0.315006 
0.03625 0.359935 0.932654 
0.172002 0.318758 0.933808 
0.0864744 0.687052 0.728677 
0.147396 0.767614 0.624671 
0.654427 0.44248 0.613263 
0.201663 0.963312 0.183609 
0.15147 0.642508 0.751529 
0.276715 0.603771 0.748415 
0.634823 0.547069 0.54616 
0.909106 0.0100794 0.420513 
0.410861 0.896467 0.16619 
0.11693 0.967524 0.229922 
0.0444148 0.974011 0.222824 
0.187001 0.429114 0.887348 
0.508713 0.179423 0.843139 
0.922229 0.143389 0.39397 
0.0922362 0.107947 0.990129 
0.617416 0.056793 0.784751 
0.0716621 0.834955 0.54616 
0.216529 0.0620756 0.974867 
0.039685 0.915207 0.403602 
0.557529 0.73422 0.398482 
0.442279 0.899207 8.04767e-262 
0.868891 0.0799249 0.48885 
0.0303603 0.880558 0.479873 
0.958456 0.0278487 0.285577 
0.403224 0.246169 0.881661 
0.398499 0.914443 0.107585 
0.608037 0.783206 0.13833 
0.603014 0.182143 0.776663 
0.705746 0.720208 0.118732 
0.101679 0.529526 0.842785 
0.0804704 0.854084 0.514152 
0.405044 0.11305 0.909267 
0.13616 0.95233 0.274761 
0.852299 0.315698 0.420386 
0.159951 0.484197 0.86056 
0.867047 0.0427805 0.496491 
0.564661 0.0877939 0.835942 
0.0137138 0.452945 0.892174 
0.417321 0.881185 0.222821 
0.490535 0.139304 0.86056 
