0 0 0.5 
3.46945e-18 0.5 0 
0.5 0 0 
0.5 0 0 
0.0350352 0.101984 0.362981 
0.0658637 0.434136 0 
0.00670074 0.44687 0.0464314 
0.183323 0.232087 0.1067 
0.0133354 0.0355788 0.451086 
0.186093 0.0647639 0.249143 
0.21822 0.220432 0.0613472 
0.0577645 0.414583 0.0276529 
0.197274 0.0887353 0.21399 
0.116675 0.192448 0.190877 
0.323403 0.171916 0.00468102 
0.0436253 0.0151824 0.441192 
0.251709 0.0796306 0.16866 
0.0769974 0.148892 0.274111 
0.0216338 0.00413307 0.474233 
0.0818982 0.00618508 0.411917 
0.107587 0.313983 0.0784303 
0.0119083 0.488092 0 
0.411633 0.0786411 0.00972617 
0.129903 0.351465 0.0186321 
0.466438 0.0102795 0.0236122 
0.125028 0.145977 0.228995 
0.114864 0.33522 0.0499164 
0.139297 0.245447 0.115256 
0.296644 0.0181589 0.185197 
0.364485 0.0980674 0.0374473 
0.229459 0.270541 0 
0.0878986 0.311113 0.100989 
0.0628169 0.292961 0.144222 
0.0167832 0.00320638 0.48001 
0.476016 0.00697595 0.0179511 
0.0993473 0.400501 0.000151431 
0.174924 0.0627396 0.262336 
0.00356673 0.000406731 0.496027 
0.0385977 0.178224 0.283178 
0.155068 0.0296253 0.315307 
0.0251281 0.470191 0.00468102 
0.236637 0.135314 0.128049 
0.0860502 0.32891 0.08504 
0.430916 0.00112642 0.0679581 
0.0622252 0.297643 0.140132 
0.207782 0.261863 0.0303543 
0.148484 0.202287 0.154499 
0.125556 0.153493 0.220951 
0.26113 0.115084 0.123786 
0.0982044 0.395894 0.00590187 
0.0280633 0.376361 0.0955757 
0.0192193 0.171272 0.309508 
0.304472 0.109504 0.0860244 
0.344839 0.15048 0.00468102 
0.144585 0.208756 0.146659 
0.448829 0.0235176 0.0276529 
0.448829 0.0235176 0.0276529 
0.0286926 0.384801 0.0865063 
0.190488 0.222817 0.0866953 
0.231037 0.185386 0.0835774 
0.00799522 0.466638 0.0253666 
0.392022 0.082611 0.0253666 
0.351642 0.016539 0.131819 
0.159591 0.0304894 0.30992 
0.0396464 0.256413 0.203941 
0.138543 0.0693012 0.292156 
0.118178 0.0372621 0.344565 
0.0255915 0.343211 0.131198 
0.401954 0.057383 0.0406625 
0.272509 0.0537736 0.173717 
0.385659 0.0736788 0.0406625 
0.0471957 0.169516 0.283288 
0.138543 0.0693012 0.292156 
0.255991 0.12805 0.115959 
0.000422535 0.099392 0.400185 
0.28828 0.124091 0.0876295 
0.111892 0.0114 0.376708 
0.200472 0.095587 0.203941 
0.374981 0.106387 0.0186321 
0.272509 0.0537736 0.173717 
0.355177 0.107376 0.0374473 
0.296002 0.0565502 0.147448 
0.428152 0.0508249 0.0210234 
0.0447776 0.12115 0.334072 
0.148484 0.202287 0.154499 
0.186227 0.0481977 0.265575 
0.0919022 0.0043225 0.403775 
0.0405469 0.0718263 0.387627 
0.331507 0.0393524 0.12914 
0.296516 0.135696 0.0730581 
0.112436 0.0108564 0.376708 
0.153918 0.00152072 0.344562 
0.331507 0.0393524 0.12914 
0.146653 0.278837 0.0745092 
0.484469 0.00346275 0.0120683 
0.495206 0.00479406 0 
0.402046 0.0768096 0.0211439 
0.379156 0.0833966 0.0374473 
0.279399 0.13322 0.0873814 
0.0852501 0.301739 0.113011 
