6.12323e-17 3.01384e-12 1 
1 3.01384e-12 4.35984e-17 
1 3.01384e-12 4.35984e-17 
0.643847 4.95315 0.765154 
0.627851 4.71032 0.77939 
0.0924067 3.20403 0.995721 
0.0562219 0.874225 0.998418 
0.927893 0.748008 0.372848 
0.391962 2.57548 0.920125 
0.144849 2.34475 0.989454 
0.863004 4.57741 0.505198 
0.466981 2.1238 0.884267 
0.368649 1.1074 0.929569 
0.911342 4.32499 0.411649 
0.182684 2.94139 0.983172 
0.994836 2.697 0.102541 
0.491297 2.01749 0.870992 
0.423151 0.22084 0.923514 
0.998088 3.4326 0.0618086 
0.605683 1.10742 0.795706 
0.294083 2.28243 0.95578 
0.684132 3.69667 0.729358 
0.980546 1.50154 0.196299 
0.896448 4.10356 0.444204 
0.797622 0.0465271 0.603157 
0.118907 0.558867 0.992905 
0.248459 0.216642 0.968642 
0.841065 1.01048 0.540934 
0.565979 2.05005 0.82442 
0.664579 2.91975 0.747218 
0.585421 4.4751 0.810729 
0.0226938 0.821561 0.999743 
0.202824 0.436856 0.979303 
0.729912 2.46027 0.683541 
0.521427 1.00785 0.854292 
0.857531 2.24003 0.514433 
0.993401 3.8144 0.114695 
0.901221 0.662707 0.433361 
0.998088 3.47437 0.0618094 
0.508865 1.59015 0.860846 
0.237922 3.55776 0.971284 
0.884404 1.94926 0.466722 
0.772483 0.361709 0.635036 
0.342352 0.862943 0.939572 
0.999186 3.16164 0.0403426 
0.729912 2.11236 0.68355 
0.224501 0.0681564 0.974475 
0.91241 0.796578 0.410566 
0.971139 1.72675 0.238513 
0.96481 4.24947 0.262996 
0.449656 0.677925 0.906059 
0.284204 1.38867 0.959042 
0.998088 3.91331 0.0618094 
0.629482 3.64908 0.777015 
0.677448 1.23582 0.735571 
0.758453 2.83024 0.651961 
0.962054 1.72136 0.272858 
0.991229 3.13157 0.132389 
0.958071 1.98971 0.292066 
0.827324 0.491191 0.561726 
0.950141 1.01409 0.311859 
0.698898 0.584658 0.715222 
0.97583 1.33105 0.218532 
0.941624 1.86587 0.337344 
0.435191 1.19347 0.900338 
0.325623 2.77929 0.945749 
0.831229 1.83366 0.555933 
0.986546 1.1441 0.163484 
0.577462 4.16322 0.816418 
0.999924 3.19123 0.0122917 
0.750508 1.33986 0.660862 
0.702951 0.848459 0.71139 
0.962054 1.60874 0.303401 
0.88859 1.32183 0.45946 
0.893967 2.19511 0.448132 
0.656405 0.527023 0.760908 
0.988727 0.163711 0.149729 
0.547994 2.49417 0.836629 
0.435191 1.50814 0.910129 
0.812553 0.466878 0.582887 
0.547994 2.54587 0.836629 
0.935939 0.146544 0.352162 
0.874448 1.78553 0.485119 
0.533718 4.24616 0.845662 
0.984084 1.33026 0.177706 
0.874448 2.23678 0.485119 
0.945492 1.86587 0.326324 
0.172854 0.338115 0.984947 
0.811513 0.0465271 0.584334 
0.325623 2.77926 0.945733 
0.764546 1.22175 0.644569 
0.784704 0.791585 0.619871 
0.935105 1.74091 0.354371 
0.587808 0.793755 0.809 
0.172854 0.338115 0.98951 
0.706821 0.475216 0.715222 
0.784704 0.447913 0.619871 
0.752309 1.33986 0.669082 
0.992399 4.16318 0.123062 
0.991229 2.6787 0.132389 
