6.12323e-17 2.98831e-07 1 
3.6733e-06 1.42089e-08 1.05917 
1 1.41223e-07 0 
0.855517 4.1963 0.517776 
1 1.41223e-07 0 
0.0772117 3.12126 0.997015 
0.383484 3.28719 0.923553 
0.118847 3.91507 0.992945 
0.985214 0.0989657 0.196666 
0.0772117 2.8223 0.997015 
0.0320856 1.5779e-08 1.01008 
0.331857 3.31462 0.943335 
0.608795 1.27123 0.793333 
0.941788 3.99089 0.336328 
0.688511 1.66641 0.734044 
0.969224 0.664446 0.249885 
0.489693 0.846102 0.871895 
0.54562 0.386878 0.838418 
0.371366 1.12475 0.928487 
0.9493 1.88794 0.314371 
0.437477 2.42194 0.903686 
0.866838 2.18642 0.498596 
0.740845 0.233969 0.672334 
0.353273 4.09961 0.93552 
0.894443 2.63048 0.447938 
0.890552 2.05953 0.454888 
0.991067 0.710278 0.133364 
0.76121 0.928561 0.648506 
0.9053 0.212847 0.424777 
0.201812 0.556679 0.979424 
0.510656 0.568895 0.859785 
0.995852 0.246755 0.0909918 
0.706195 2.22394 0.708475 
0.817602 1.46081 0.575784 
0.0592889 1.42089e-08 1.0501 
0.722682 0.135439 0.691181 
0.960523 1.50198 0.278202 
0.58796 0.828316 0.80889 
0.449515 1.54813 0.893273 
0.235695 0.293678 0.971827 
0.830778 0.449868 0.556603 
0.408976 3.62878 0.912794 
0.783466 2.42582 0.625892 
0.987502 0.620523 0.157875 
0.756674 3.8082 0.653793 
0.25436 2.294 0.967111 
0.928045 0.530103 0.372468 
0.0548324 2.93876 0.999971 
0.956556 0.78439 0.292358 
0.627456 0.381761 0.778653 
0.00819173 2.97198 0.999971 
0.645599 3.04764 0.763694 
0.314469 0.722309 0.949268 
0.413517 2.57902 0.910498 
0.142551 1.06625 0.989788 
0.783326 3.52964 0.623465 
0.87327 2.53279 0.487237 
0.883141 0.691154 0.469718 
0.843957 1.78261 0.537017 
0.99924 0.823175 0.0390236 
0.291488 0.0741978 0.956574 
0.715966 4.19211 0.698136 
0.812106 0.990132 0.601887 
0.662276 1.38645 0.76287 
0.182393 0.646989 0.983226 
0.938052 1.36538 0.348425 
0.584026 0.503196 0.831867 
0.686057 2.19247 0.734044 
0.530265 0.135406 0.887391 
0.574914 0.135422 0.862734 
0.991067 0.600775 0.183989 
0.843957 1.80256 0.537017 
0.608795 1.01962 0.793333 
0.966979 3.79977 0.254857 
0.645599 0.373936 0.769965 
0.466825 0.306674 0.887981 
0.154195 1.9006 0.98804 
0.916846 0.375293 0.399241 
0.998593 0.792411 0.0530346 
0.83741 0.429621 0.57144 
0.666479 2.0015 0.751683 
0.855584 3.75762 0.517776 
0.324164 3.88839 0.946001 
0.803245 3.58666 0.595648 
0.360408 0.897792 0.932795 
0.919722 0.585692 0.392571 
0.285375 2.22482 0.959122 
0.669964 1.97772 0.742739 
0.24415 1.97772 0.969834 
0.267128 0.558782 0.963661 
0.90093 0.802801 0.433964 
0.934829 0.0771719 0.355099 
0.996704 3.58666 0.0811234 
0.16469 1.78594 0.986345 
0.87327 2.27616 0.487237 
0.798582 1.04178 0.601886 
0.783324 3.55959 0.622711 
0.781485 3.73434 0.623925 
0.446178 2.62925 0.894944 
0.466825 0.484999 0.887981 
