6.12323e-17 1.80103e-15 1 
1.34649 1.86747e-15 0.085173 
0.0623351 4.57773 0.998055 
1 1.86771e-15 0 
0.01197 3.83952 0.999966 
1.12032 1.8673e-15 0.111412 
0.447534 1.73452 0.894267 
1.28557 1.86608e-15 0.219725 
0.920994 2.21956 0.390699 
0.900577 3.65954 0.435681 
0.599552 1.49824 0.800336 
0.266537 2.98357 0.963986 
0.809083 0.567993 0.587697 
0.880627 0.163325 0.473809 
0.955685 1.80452 0.295595 
0.463192 3.39179 0.886273 
0.0561069 2.04258 0.998425 
1.21495 1.86343e-15 0.352307 
0.541491 0.616777 0.840809 
0.967486 2.16259 0.253071 
0.74836 0.966091 0.663336 
0.575684 1.14749 0.817672 
1.26708 1.86496e-15 0.284201 
1.0532 1.86721e-15 0.122419 
0.597402 1.92391 0.801942 
0.999652 0.23656 0.0263972 
0.791679 2.80814 0.610937 
0.133837 3.30164 0.992391 
0.555752 2.84794 0.831348 
0.841198 0.255462 0.541965 
0.988293 2.35486 0.152569 
0.66537 1.45865 0.746513 
0.368887 3.44621 0.932627 
0.830347 1.24325 0.557246 
0.866074 0.262691 0.499916 
0.895786 0.571435 0.448762 
0.980741 0.739877 0.197499 
0.61454 0.766973 0.788886 
1.09228 1.86364e-15 0.344043 
0.266509 3.21087 0.963926 
0.729344 0.0941099 0.689991 
0.988293 2.35486 0.175106 
0.638447 2.61231 0.769666 
0.937982 2.50538 0.346685 
0.696149 1.19397 0.717897 
0.369363 3.11283 0.929474 
0.488115 0.0857488 0.872779 
0.683295 0.479471 0.730143 
0.997711 0.916755 0.069811 
0.972141 2.30352 0.234395 
0.0210764 3.26543 0.999966 
0.223335 3.51614 0.974851 
0.0979935 1.05151 0.995251 
0.512785 1.44397 0.858801 
1.21495 1.86343e-15 0.352307 
1.05533 1.84484e-15 0.753906 
0.335834 0.991675 0.941921 
0.643301 1.03728 0.774186 
0.555752 2.74517 0.831348 
0.39243 0.925489 0.919782 
0.856627 0.453429 0.515937 
0.787125 0.195075 0.617219 
0.935826 1.10429 0.369701 
0.994233 0.0336241 0.107701 
0.9611 3.52365 0.277852 
0.296506 0.320155 0.955031 
0.23511 0.279042 0.971969 
0.0868567 0.373285 0.996221 
0.709943 1.18105 0.704259 
0.427265 1.95236 0.904127 
0.638447 2.561 0.770978 
0.999883 0.797523 0.0174653 
0.948251 0.850972 0.317523 
0.830347 0.309141 0.563125 
0.779461 1.73452 0.634222 
0.943344 0.533276 0.331974 
0.948251 1.38626 0.317523 
0.964351 1.23366 0.264784 
0.764425 3.12295 0.644713 
0.508263 2.30351 0.861202 
0.405367 0.275795 0.924078 
0.324891 0.530276 0.945751 
0.427265 1.95236 0.904127 
0.908779 0.496143 0.417277 
0.163656 0.0109136 0.986528 
0.169745 0.0109136 0.985488 
0.758136 3.61624 0.652856 
0.930699 1.42122 0.365942 
0.856627 0.760554 0.515937 
0.948251 0.7055 0.317523 
0.293553 0.730278 0.955943 
0.334521 3.30875 0.942557 
0.990109 0.496143 0.140298 
0.989709 0.402526 0.143096 
0.767222 2.75037 0.641382 
0.196698 0.295908 0.980464 
0.997711 0.930446 0.069811 
0.196698 0.643666 0.980464 
0.758136 3.61624 0.652856 
0.909175 0.473781 0.417277 
