3.73227e-10 0.000917956 0.999089 
0.000119484 2.61136e-10 0.999926 
0.165779 0.834235 3.73682e-10 
0.00433012 1.57921 7.43472e-05 
2.36082e-07 6.45692e-08 1.40377 
1.85062 0.112865 1.2091e-05 
1.47682 0.000257815 0.128501 
0.0554653 1.42802 1.24016e-05 
1.63812 0.000245406 0.128673 
2.35474e-07 6.5186e-08 1.21819 
2.31429e-07 6.92225e-08 1.37515 
0.0273089 1.32007 1.24016e-05 
1.25679 0.00499814 0.0546431 
0.00958155 0.950598 0.0997378 
3.93214e-07 6.4848e-08 1.17537 
0.413791 0.418372 0.601747 
0.00378521 1.57498 7.43472e-05 
1.77463 0.811709 1.2091e-05 
0.576978 0.205978 0.695433 
0.0037608 1.2439 0.000137609 
0.55815 0.743625 0.0519111 
0.564971 0.433138 0.460919 
0.586678 0.161317 0.661758 
0.0622689 1.06053 0.00762327 
2.39635e-07 2.51895e-05 1.07402 
0.693597 0.498415 0.375642 
0.163925 0.817254 0.364356 
0.769341 0.587459 0.301004 
0.368872 0.172906 0.752804 
0.370719 0.0660307 0.752804 
0.295408 0.345003 0.769037 
0.736106 0.569492 0.314203 
0.630191 0.291545 0.426098 
0.086323 1.10329 0.00150335 
0.878194 0.026225 0.255217 
1.18012 0.000258129 0.119306 
0.177674 0.78289 0.130018 
0.312677 0.597705 0.252003 
0.978077 0.0809572 0.0629947 
0.278921 0.269347 0.825302 
1.09091 0.413825 0.00495943 
0.64402 0.0240597 0.540797 
0.206716 0.558329 0.383222 
0.234275 0.721953 0.209551 
0.232074 0.672758 0.347406 
1.24718 0.00499814 0.0548372 
0.0174919 1.15489 0.00194488 
0.172618 0.0107384 0.987936 
1.0485 0.421805 0.0144565 
0.495278 0.697405 0.121499 
0.0120539 0.915928 0.143067 
0.00662064 1.17363 0.00194488 
0.311495 0.382728 0.624475 
0.0585317 0.224298 0.899341 
0.889086 0.366942 0.160283 
0.786724 0.318381 0.371913 
6.91491e-06 2.19874e-06 1.01655 
0.290529 0.219011 0.869987 
0.808339 0.141145 0.334306 
0.63529 0.253532 0.41982 
0.448112 0.697929 0.114034 
1.79468 0.148073 1.14845e-05 
0.82105 0.0967478 0.334306 
0.271887 0.0340323 0.948812 
0.274563 0.0357166 0.901441 
0.914722 0.105507 0.136453 
0.457905 0.521766 0.377439 
0.0464753 0.840427 0.216335 
0.25473 0.649231 0.315417 
7.39759e-07 6.50608e-08 1.06522 
0.999807 0.0568923 0.0908497 
0.0686541 1.10957 1.51772e-05 
0.310624 0.643958 0.250446 
0.264835 0.0308746 0.954136 
0.0628073 0.627947 0.537473 
0.574939 0.320621 0.494302 
0.7654 0.685358 0.184669 
0.009212 0.888891 0.171312 
1.85062 0.112865 1.2091e-05 
0.673888 0.0245865 0.519037 
0.0546445 1.06787 0.0062249 
0.99826 0.270696 0.0400975 
0.17621 0.394049 0.610143 
0.668389 0.0240597 0.535627 
0.651923 0.427316 0.40277 
0.836806 0.0412313 0.226944 
0.611853 0.530103 0.376975 
0.235303 0.672758 0.187529 
1.03705 0.422577 0.0114801 
0.291405 0.211391 0.869987 
0.493291 0.69784 0.110916 
0.279429 0.38354 0.793831 
0.621619 0.319316 0.503875 
0.649402 0.405978 0.40547 
0.836806 0.0412313 0.226944 
0.279444 0.267725 0.793831 
0.998458 0.261996 0.0400975 
0.945436 0.141869 0.0709137 
1.13558 0.0258617 0.000464033 
1.13816 0.0284253 0.000142599 
