0.069464 4.0424 0.0695428 
0.069464 0.069464 6.06946 
2.06946 0.069464 0.069464 
2.06946 0.069464 0.069464 
0.069464 4.06946 0.069464 
0.069464 0.069464 6.06946 
0.685682 1.16141 0.207518 
0.115869 0.27793 4.02575 
0.668717 0.0696981 2.93474 
0.248039 2.51529 0.091142 
1.24798 0.522727 0.126661 
0.0789464 3.30428 0.954475 
0.325326 1.03996 1.89513 
0.192178 1.99276 1.07415 
0.144257 0.359706 3.66998 
0.230108 2.24315 0.410953 
0.218377 2.36906 0.116111 
1.88776 0.0702234 0.155614 
1.12937 0.109456 1.54515 
0.17223 0.68807 2.69466 
0.903377 0.104945 2.15111 
0.17223 0.68807 2.69466 
0.307341 0.0721563 3.92409 
0.0792513 3.87036 0.113635 
0.069464 2.99613 1.25061 
1.41015 0.165192 0.779339 
1.85035 0.0935408 0.069464 
0.533991 0.21688 3.81193 
0.426191 0.460252 3.50167 
0.249856 0.0715057 4.4167 
0.069464 3.35621 0.836252 
0.445776 1.64673 0.0778867 
1.6968 0.100136 0.373989 
0.0846352 0.0695199 5.6921 
0.256891 0.893535 2.25918 
0.81967 0.946632 0.069464 
0.106885 2.65858 1.34961 
1.05384 0.132916 1.54515 
0.877961 0.103864 2.25918 
0.351669 1.38779 1.1214 
0.55149 0.0706084 3.46651 
0.224546 0.793931 2.46817 
0.108062 1.88061 2.49479 
1.65531 0.261716 0.145817 
0.566975 0.217337 3.20862 
2.00046 0.0718454 0.069464 
0.069464 3.11337 1.18112 
0.669632 0.0696636 2.93474 
0.32014 1.0131 2.02534 
0.179897 1.46775 1.73891 
0.793276 0.215091 1.95568 
0.069464 3.63874 0.322557 
0.0928035 0.117777 5.16394 
0.0744827 0.0920094 5.41452 
0.768676 0.973125 0.243676 
0.122837 0.0708351 4.929 
0.566975 0.217337 3.20862 
0.069464 2.67482 1.28766 
1.75982 0.0859667 0.14017 
0.943353 0.301955 1.5722 
0.222088 0.0715504 4.64462 
0.069464 3.5544 0.461373 
0.069464 2.81877 1.26948 
0.0842711 0.0695711 5.6921 
0.069464 2.85112 1.26944 
0.408044 1.21716 1.46859 
0.202462 2.1233 0.687149 
0.0887974 0.071437 5.42462 
0.204896 0.803783 2.49482 
0.136321 2.11352 2.33803 
0.566975 0.217337 3.20862 
1.02205 0.14063 1.74164 
0.967876 0.306447 1.47591 
0.069464 3.47429 0.610512 
1.29629 0.308292 0.236653 
1.00549 0.353704 1.41567 
1.45527 0.0881994 1.10957 
0.126369 0.0699855 4.929 
0.10847 0.0695311 5.14858 
0.504677 0.576045 1.60123 
0.0853429 3.79497 0.173211 
0.069464 3.47429 0.610512 
1.52855 0.0790058 1.04162 
1.58051 0.15346 0.236653 
0.399921 1.43176 0.687149 
0.392021 1.5763 0.357931 
1.18749 0.394892 0.236653 
1.60049 0.302769 0.153702 
0.249856 0.0715057 4.4167 
1.52855 0.0790058 1.04162 
0.439726 1.51119 0.410953 
0.222088 0.0715504 4.64462 
1.34592 0.130449 1.32044 
0.428698 1.27043 1.43662 
1.00593 0.438916 1.12725 
2.00135 0.0717843 0.069464 
1.18749 0.394892 0.236653 
0.345125 1.29607 1.24542 
0.504677 0.576045 1.60123 
0.55518 0.814126 1.25311 
