4.24145e-05 4.00004 4.24145e-05 
2.00004 4.23339e-05 4.23339e-05 
4.45413e-05 4.45413e-05 6.00004 
0.116129 4.23332e-05 4.79368 
2.00004 4.23339e-05 4.23339e-05 
4.24145e-05 3.24224 5.42948 
0.160256 2.42602 0.452611 
0.0520029 0.056003 4.82384 
1.87409 0.00113616 2.27322 
0.0216852 3.41581 0.429108 
1.78423 0.0208865 1.60316 
0.123749 2.63424 0.986861 
0.034431 2.22604 1.91966 
0.221653 2.1006 0.795674 
0.694953 0.976742 0.692546 
0.0496731 0.0191618 5.68678 
0.000863277 3.50422 4.688 
0.57326 0.441847 2.81549 
1.33476 0.24429 0.00966082 
0.920006 0.137795 1.78618 
0.297358 0.0200447 3.92997 
1.02087 0.121505 1.47213 
0.280312 0.0168905 4.2209 
0.958007 0.551722 1.01532 
0.00279615 3.70482 1.10537 
0.0122941 2.91014 1.65894 
0.0650674 0.91035 3.25964 
0.197881 0.49639 3.35684 
0.644146 0.35084 2.76542 
0.253232 1.10156 2.10526 
1.08097 0.0317155 2.96899 
4.24145e-05 3.6201 4.09979 
0.847182 0.22678 1.21751 
0.312832 1.89893 0.0409737 
0.0324965 1.16918 2.6625 
1.25877 0.00875911 2.06221 
0.867305 0.667288 0.702407 
0.492433 1.37246 0.0506168 
0.0432329 3.09676 0.752905 
1.39039 0.166016 0.537831 
1.2279 0.00248751 3.98561 
0.102773 2.71356 0.565063 
1.16764 0.0130176 3.02218 
0.324581 0.0234122 3.63336 
1.06101 0.0287527 3.48023 
0.533912 1.2978 0.0869835 
1.7203 0.0448269 0.149791 
1.12986 0.375652 0.326013 
0.158261 1.47774 1.9226 
0.433378 1.5528 0.24225 
4.24145e-05 3.58714 4.53468 
1.19408 0.00260345 3.58219 
0.405277 1.58151 0.20061 
0.525602 1.24226 0.861469 
0.16641 0.621166 3.00322 
0.0588114 2.97185 1.07495 
0.629009 0.341642 3.40146 
1.95872 0.00119792 0.345422 
1.55589 0.0654793 1.34778 
1.46261 0.00319717 2.30214 
0.986361 0.102914 1.78913 
0.00329639 3.86517 0.00212374 
0.311728 1.77645 0.848608 
0.454512 0.755275 1.32202 
0.0809061 2.82202 0.710855 
0.368492 0.397923 3.42485 
0.0567636 0.0222558 5.53952 
1.90725 0.000186185 1.34778 
0.751552 0.865711 0.812337 
0.799998 0.769162 0.486138 
0.752392 0.828547 0.921991 
0.717199 0.0326234 2.47365 
0.240777 2.15585 0.241649 
0.989585 0.517928 0.346945 
0.779078 0.749045 1.5889 
1.58453 0.0716759 1.17619 
1.42751 0.00698675 2.30379 
0.610579 1.07253 0.609361 
0.000112486 3.56586 4.40044 
0.00137522 3.83056 0.0779066 
0.0330153 1.19113 2.51446 
1.29806 0.00835309 2.41359 
1.68898 0.0502732 0.308503 
0.043098 3.04007 1.58682 
0.318272 1.86263 0.0727547 
0.151807 0.648421 3.17196 
1.41372 0.181483 0.115962 
4.24145e-05 3.59761 4.40044 
1.29423 0.237114 0.659927 
0.000888392 1.64385 2.4333 
0.36638 1.68757 0.200328 
1.66633 0.0496768 0.743375 
0.416749 0.75229 1.55226 
1.51328 0.133624 0.00887164 
0.612619 1.12016 0.178464 
0.217777 2.18992 0.72408 
0.137249 0.205363 3.63336 
1.52139 4.23339e-05 3.15511 
0.479829 1.44037 0.0319729 
0.080044 2.84999 0.713536 
