2.8723e-05 2.8723e-05 6.00003 
2.00003 2.8723e-05 2.8723e-05 
0.00015975 4.00016 0.00015975 
2.00003 2.8723e-05 2.8723e-05 
2.88859e-05 2.8723e-05 5.99849 
0.00016732 3.68316 3.04054 
0.0120458 2.51827 1.74508 
0.000195332 0.720856 3.65291 
0.197988 2.25048 0.163889 
1.43929 2.8723e-05 1.51414 
0.000166356 3.56486 4.69184 
1.05246 0.0599706 2.29688 
0.12687 0.750683 2.55526 
0.1557 0.555609 3.80816 
0.439231 1.41001 0.932386 
0.881973 0.162648 1.88518 
0.0318299 3.43352 0.223842 
0.0663183 2.93557 0.637744 
1.36611 0.0143633 2.16419 
0.0347863 2.13593 1.6406 
1.29606 0.223939 0.668543 
0.778705 0.0434757 4.29761 
0.290929 1.93586 0.112656 
0.250347 0.423445 2.7576 
0.51867 1.26754 1.01991 
0.00352714 2.62359 1.69105 
0.0910706 1.04492 2.85485 
0.00831271 0.547403 4.54815 
0.694277 0.948865 0.767145 
0.0541061 2.00025 1.37349 
1.56086 0.0825379 0.586081 
0.026119 0.0400136 5.07131 
0.0875439 2.72921 1.12244 
1.60848 0.0793601 0.597054 
1.6816 0.0387007 1.1021 
1.24563 0.270683 0.335068 
0.309199 1.83323 0.33163 
0.248829 1.32853 2.00402 
1.11761 0.361042 1.10615 
0.223683 0.498144 2.74485 
0.973977 0.530957 0.673612 
0.165602 0.569432 3.65943 
0.0421392 3.11218 0.523148 
0.104172 0.202337 4.03117 
1.17021 0.315952 0.804717 
0.835278 0.217238 1.62545 
0.00456343 3.94523 0.085098 
0.098713 0.193434 4.24259 
0.326753 1.75188 0.637383 
0.17261 0.650781 2.49251 
0.0149481 0.676234 4.0294 
1.8411 0.00651816 0.440657 
0.768882 0.797676 0.578032 
0.304422 1.79061 1.46765 
0.47876 1.39412 0.0845449 
1.74836 0.040886 0.0293347 
0.025834 0.0276352 5.4897 
0.397657 1.53637 1.01072 
1.08543 0.126724 1.39378 
0.0149433 0.041024 5.74784 
0.000373225 1.67625 2.39776 
1.92625 0.000607549 0.440657 
0.365354 1.70089 0.0545709 
0.737543 0.896571 0.150212 
0.0163358 0.0532448 5.30221 
0.929138 0.19413 1.55624 
1.79385 0.0171029 0.586177 
0.00718853 3.81262 0.0269803 
0.539442 0.133167 2.42628 
0.318108 1.70473 1.86894 
0.390762 1.58681 0.642136 
0.614354 1.0865 0.679936 
0.405978 0.852108 1.23814 
1.97 0.000459654 0.195408 
0.0137408 0.0391351 5.77177 
0.0272204 3.23526 0.932392 
1.19782 0.330932 0.141597 
0.643334 0.996943 1.1044 
0.0248002 0.0371636 5.24783 
0.666476 0.982149 0.83886 
0.0224676 3.32193 0.934055 
0.0890667 2.77977 0.427749 
0.00831666 3.7858 0.119368 
0.964006 0.175738 1.56052 
0.00509151 0.105202 5.48552 
1.92923 0.000459654 0.849654 
1.83142 0.00951901 0.442308 
0.0523749 3.16224 0.141126 
0.234443 1.39254 2.00868 
0.6164 1.11591 0.211786 
1.38254 0.179674 1.01981 
1.10386 0.0619325 1.31968 
0.719684 0.875089 0.832639 
0.810402 0.265769 1.21111 
0.0143105 3.55157 0.0016118 
0.0331376 0.0355242 5.07401 
0.212375 1.21243 2.06385 
0.0327971 3.32614 0.137054 
0.567424 0.105089 2.42204 
1.70551 0.039611 0.557196 
