0.000175735 0.000175735 6.00018 
1.0001 1.99995 5.20618e-05 
3 1 1 
1.00005 2.00006 5.32021e-05 
0.043079 0.0774612 5.79651 
0.0117976 0.0234101 5.93047 
0.189337 0.36961 4.90684 
0.298237 0.58396 4.26179 
0.107723 0.200112 5.43773 
0.085826 0.166109 5.51654 
1.05534 1.97233 0.02767 
2.55797 1.22101 0.778987 
0.33129 0.627263 4.15435 
0.507072 0.955356 3.1591 
1.49509 1.48314 1.14867 
0.167822 0.327977 5.03075 
0.926978 1.23133 2.35003 
0.367035 0.669593 4.04874 
2.73756 1.13122 0.868778 
0.289897 0.544273 4.41166 
0.523767 0.990469 3.0504 
2.24573 1.2035 1.49561 
1.73727 1.62268 0.404761 
1.15652 1.79701 0.43055 
0.689928 1.35013 1.95044 
1.93198 1.51724 0.551203 
0.0760108 0.137571 5.6296 
2.82787 1.08607 0.913933 
1.21781 1.89196 0.109197 
0.710162 1.13811 2.63493 
2.13329 1.24795 1.43547 
0.213457 0.396945 4.8575 
2.43757 1.28121 0.718786 
0.35926 0.713157 3.86509 
0.37784 0.688694 3.99105 
1.55121 1.68887 0.389619 
2.19025 1.22543 1.46594 
2.06443 1.45301 0.618088 
0.313431 0.609003 4.1916 
1.16571 1.91715 0.0828542 
2.32023 1.17404 1.53546 
0.273905 0.514818 4.4976 
1.17453 1.39846 1.69583 
1.03463 1.21471 2.41626 
0.700906 1.12266 2.68588 
1.31523 1.83238 0.186756 
2.79362 1.10319 0.896812 
0.169059 0.313072 5.11112 
2.10307 1.07196 2.60645 
1.54594 1.69144 0.386961 
0.266989 0.49231 4.57915 
2.98993 1.00504 0.994964 
0.40907 0.804445 3.59597 
0.0570272 0.104648 5.71524 
1.43749 1.75959 0.284976 
2.89362 1.05319 0.946811 
1.26201 1.37412 1.74603 
1.39119 1.32064 1.85074 
0.627201 1.16418 2.5282 
2.39279 1.26429 0.886361 
1.84031 1.5718 0.456494 
0.549019 1.0643 2.81891 
0.125213 0.233549 5.33826 
0.517498 1.01538 2.961 
0.226238 0.41957 4.79186 
0.880774 1.29269 2.13494 
1.35258 1.53891 1.07226 
2.63823 1.18088 0.819115 
0.22289 0.431988 4.72492 
1.71999 1.60726 0.474954 
0.674353 1.32654 2.02196 
0.468531 0.932907 3.20306 
0.376153 0.725416 3.84584 
1.60542 1.43997 1.20784 
0.249814 0.475488 4.60909 
1.76331 1.39423 1.23758 
0.381878 0.749474 3.76264 
0.475442 0.918583 3.25859 
0.0614492 0.115988 5.67306 
0.399208 0.783991 3.65808 
1.94773 1.32132 1.33622 
2.34497 1.16426 1.54869 
0.433448 0.825382 3.55069 
0.127886 0.237301 5.33023 
0.14535 0.26495 5.2607 
0.44885 0.859489 3.44178 
0.549905 1.04236 2.88933 
0.621597 1.16451 2.52458 
0.864266 1.27123 2.2086 
0.437786 0.837117 3.51036 
1.65803 1.41938 1.23605 
0.154044 0.291304 5.15988 
1.93808 1.11124 2.50955 
2.89296 1.05352 0.946479 
2.00659 1.29805 1.3677 
2.43119 1.2844 0.715597 
0.901811 1.71472 0.832736 
0.780744 1.21995 2.36978 
0.290662 0.534087 4.45439 
1.80315 1.58777 0.482518 
