1.30995e-12 7.14039e-06 6 
2 2.45855e-16 3.6832e-16 
1.99063 0.386737 3.6832e-16 
3.5702e-06 9.26112e-19 6 
7.33824e-07 4 3.6832e-16 
0.408338 3.82616 1.46725 
0.357999 1.93853 5.17778 
1.08621 2.06487 4.0684 
1.7704 1.81133 1.02863 
1.48849 0.29625 4.02224 
0.290985 0.693755 5.88661 
0.082774 2.6605 4.53858 
1.72021 0.758596 3.02537 
1.37576 2.73679 1.57697 
1.64612 1.30135 2.94046 
0.926531 3.55034 0.310607 
1.70207 1.34357 2.52037 
1.90074 1.09397 1.29555 
0.731549 3.28985 2.77356 
0.232264 1.71679 5.39734 
1.85771 0.137886 2.37561 
1.94945 0.785977 0.9198 
1.43777 2.50101 2.18325 
1.58857 2.47155 0.0115224 
0.858672 1.63612 4.89368 
0.176609 1.13796 5.76784 
0.782043 1.48582 5.11818 
0.256341 2.34186 4.85301 
0.813245 1.54644 5.03293 
0.759499 2.99521 3.41245 
1.66885 0.853592 3.21846 
0.856844 3.1328 2.71965 
0.0726254 1.51949 5.57703 
1.81751 0.809387 2.29877 
0.230682 1.45037 5.59433 
0.566376 3.6503 1.93293 
0.316014 3.94386 0.790121 
1.16382 3.10574 1.73105 
1.61081 1.27322 3.12691 
0.606156 0.349405 5.73896 
0.745842 3.35557 2.55472 
0.181227 1.605 5.50684 
1.055 1.75586 4.36676 
0.689259 3.75935 0.310796 
0.536708 2.92344 3.80369 
1.38663 0.614454 4.33789 
1.79763 0.875126 2.42966 
0.140971 3.99696 0.515021 
1.22377 1.87021 3.89983 
1.34518 2.97999 0.314658 
0.332648 1.78232 5.3227 
0.753479 3.68616 0.665381 
0.905658 3.4224 1.82967 
0.437726 3.06323 3.7067 
0.205388 0.459066 5.98337 
1.15298 0.914692 4.8123 
1.46725 0.493593 4.12086 
0.942922 3.44447 1.19924 
0.828645 1.81002 4.79035 
0.983163 2.41492 3.94246 
0.466668 1.03926 5.66832 
1.55196 2.21983 1.97715 
1.29897 2.80602 2.16895 
1.25415 1.91683 3.76043 
0.120043 2.86489 4.21787 
1.33743 2.58496 2.27184 
1.78143 0.677874 2.63431 
0.514561 3.87025 0.311784 
1.63458 0.0371289 3.55667 
1.68453 0.0355278 3.30889 
0.639881 3.61612 1.94085 
1.5429 1.22128 3.50382 
1.96861 0.384487 0.941767 
1.51927 2.14598 2.27164 
0.652535 3.78056 0.585194 
1.86791 1.01705 1.80873 
1.13351 3.22849 1.33938 
0.0130514 3.77747 2.04175 
1.20556 3.22005 0.515021 
1.01417 0.430686 5.22167 
1.57599 0.654041 3.68139 
0.139312 3.98092 0.790121 
1.30295 2.85099 2.05911 
1.34622 0.560891 4.4493 
1.33133 0.595165 4.43912 
1.11033 2.11678 3.92024 
1.28255 0.0332189 4.6705 
1.26007 2.46115 3.08803 
0.496363 0.98408 5.66832 
0.987624 2.2467 4.02224 
0.879948 3.51792 1.21185 
1.50725 1.18992 3.57812 
1.51483 2.31503 2.01 
1.0337 1.57485 4.64222 
0.977401 3.51969 0.522226 
1.27892 0.428132 4.63615 
1.85771 0.137886 2.37561 
0.814398 3.55661 1.27684 
1.41715 0.469344 4.23018 
0.549953 3.70167 1.82874 
