0.0500011 0.0526059 6.05 
0.0558167 0.0500001 6.04997 
0.0511399 4.05 0.0501792 
2.05 0.0500464 0.0500318 
2.05 0.0500464 0.0500318 
0.0513129 0.0501283 6.05001 
0.931818 1.23089 5.1359 
1.25453 3.0345 1.82931 
1.27358 2.81884 2.35457 
0.861704 3.57257 1.54212 
0.129051 1.9933 5.29098 
0.209719 4.01395 0.70348 
1.47157 0.850719 4.12383 
1.73962 2.1782 0.560129 
1.59909 2.49468 1.09704 
0.612974 1.75382 5.22454 
0.855059 0.321981 5.5333 
0.785697 3.10462 3.25137 
0.149415 2.34181 4.96057 
1.82953 1.13642 2.27669 
0.424224 0.46775 5.91209 
0.193666 3.61439 2.74073 
1.45848 0.262537 4.29787 
0.54144 3.05161 3.73428 
0.688571 3.72897 1.42744 
1.55107 2.58117 1.22891 
1.68178 1.88575 2.23035 
1.40123 2.06496 3.31085 
1.87836 0.899981 2.12285 
0.690541 3.80419 0.887171 
1.37273 2.60008 2.53249 
0.152474 2.4123 4.88434 
0.28264 1.53082 5.58154 
1.78671 0.0997526 3.03618 
0.380952 1.50517 5.55385 
1.13114 3.34128 1.1285 
0.74703 0.285165 5.66643 
1.51314 1.00105 3.89819 
1.23268 2.33447 3.50724 
2.0027 0.907648 0.410294 
0.339681 0.710533 5.90381 
2.03209 0.652782 0.20242 
0.491414 2.97252 3.93171 
0.815498 3.22878 2.89715 
0.348863 1.36524 5.6476 
1.97446 1.19715 0.0864552 
1.62963 2.16233 1.94009 
0.989475 2.89957 3.21514 
1.49549 0.537031 4.14288 
1.9332 1.43058 0.0551827 
1.67385 1.28378 3.03618 
1.07145 3.48313 0.38681 
1.16111 2.52838 3.38082 
0.829398 3.25636 2.7836 
1.5086 0.940283 3.9404 
2.01896 0.618335 0.679055 
1.00104 3.43889 1.48206 
1.09845 1.61286 4.60952 
1.3204 0.765411 4.5673 
0.17354 1.89828 5.36002 
0.402716 2.47039 4.71219 
1.72066 1.39333 2.67036 
0.65968 3.81097 0.999829 
0.724824 1.68809 5.13591 
1.38574 0.803266 4.39078 
1.13517 1.66865 4.47926 
0.608968 3.89295 0.575848 
0.953415 3.52992 1.29706 
1.95556 0.78679 1.65464 
1.95826 1.31744 0.293569 
0.2515 1.03351 5.83933 
1.42204 2.67959 1.99599 
1.68003 1.97904 2.05383 
1.86694 1.70687 0.560216 
0.951733 3.51727 1.41179 
1.44766 2.72881 1.65003 
1.19022 2.252 3.74806 
1.70258 0.320699 3.41111 
1.35711 2.97726 1.22385 
0.749356 2.14821 4.71219 
1.2178 1.44565 4.45835 
1.35237 2.64835 2.53479 
0.764688 1.08205 5.44174 
0.565825 3.46503 2.7727 
2.02912 0.535364 0.593953 
1.04355 3.38929 1.48184 
1.82047 0.799372 2.66285 
0.817874 3.20614 2.945 
1.28692 0.746581 4.65655 
0.475438 0.154742 5.91222 
1.08917 2.40137 3.77476 
1.17785 2.23173 3.78881 
0.281133 3.5838 2.79427 
0.437007 0.145347 5.93644 
0.0558167 0.0500001 6.04997 
0.636812 2.87523 3.93534 
0.760048 1.09483 5.44176 
0.662179 3.82118 0.905308 
2.04897 0.178199 0.0500318 
1.34847 1.98618 3.59798 
