0.0500009 0.0527115 6.05 
0.0513557 0.05 6.05 
0.0510107 0.051823 6.05 
2.05 0.0500126 0.05001 
2.05 0.0500126 0.05001 
0.0506979 4.05 0.050029 
0.0821492 1.41427 5.6901 
0.20474 2.25974 5.03225 
1.85996 0.708727 2.40702 
0.2505 1.81921 5.39807 
1.75976 1.71914 1.90851 
1.11086 3.44657 0.173453 
1.83377 0.449918 2.69979 
0.370328 3.49013 2.96041 
1.73969 0.850694 3.06411 
0.528549 0.78114 5.77874 
0.61967 3.85712 0.768728 
1.32584 3.12057 0.59889 
1.57227 2.53182 1.29607 
1.05206 3.26037 2.00964 
0.819486 3.68438 1.0444 
0.293004 1.79796 5.39817 
0.635234 1.25045 5.51129 
0.330868 3.24331 3.61605 
1.69167 0.61888 3.4097 
1.93448 1.26913 0.932906 
0.601047 3.74136 1.66617 
1.62463 1.67953 2.85211 
2.0332 0.191534 0.879005 
0.10683 1.92322 5.35719 
0.983502 0.912279 5.20751 
0.50495 1.07366 5.6963 
0.140879 3.13967 3.86465 
1.14765 0.996832 4.86253 
0.461263 2.80457 4.22254 
1.01299 1.58322 4.79932 
1.23698 1.49168 4.37936 
1.65344 1.3376 3.08667 
1.53525 0.110048 4.06952 
1.95514 0.544803 1.73967 
1.37757 2.21081 3.16356 
2.00187 0.503236 1.21227 
1.6847 1.99796 1.93859 
1.40017 2.86485 1.44414 
0.646427 3.05564 3.58403 
1.54119 2.13993 2.60369 
0.323946 2.62579 4.60024 
0.0506134 0.0524181 6.05 
1.75397 0.44112 3.14083 
1.88492 1.63368 0.422756 
1.56754 2.39171 1.8476 
1.51516 2.42381 2.10903 
0.709762 3.75559 1.14854 
0.560895 3.47169 2.75464 
1.26414 1.52765 4.27345 
0.887 2.73137 3.73423 
0.907946 3.40569 2.10903 
0.384714 2.99462 3.99032 
1.0775 0.936408 5.02704 
0.737438 3.34575 2.75464 
1.47282 2.78177 1.1081 
0.887 2.73137 3.73423 
1.43952 2.57571 2.1653 
0.315356 2.89843 4.18901 
1.12235 1.55535 4.58353 
0.150561 3.87175 1.83167 
0.32028 2.95162 4.10206 
1.32995 0.278335 4.65726 
0.0507007 4.04318 0.400445 
1.85351 0.18121 2.67859 
1.16465 2.12979 3.94851 
0.792166 2.42717 4.33728 
1.89535 0.721612 2.13652 
0.867617 3.00347 3.26846 
1.39332 2.85054 1.56354 
0.528549 0.78114 5.77874 
1.22938 1.63627 4.27345 
0.94675 3.62357 0.322249 
0.678868 1.35756 5.39807 
1.40997 0.728189 4.3374 
1.99686 0.609019 1.21398 
1.45336 2.31763 2.66112 
1.4955 2.07575 2.93499 
0.120743 2.54154 4.76002 
1.39656 0.35926 4.46523 
0.927162 1.59722 4.94287 
0.474852 3.95454 0.32088 
1.1963 2.19834 3.78683 
0.972597 1.67927 4.79931 
1.99219 0.531796 1.35459 
1.24576 2.34534 3.42677 
0.798234 3.57713 1.80137 
1.39656 0.35926 4.46523 
1.06476 3.3011 1.7871 
0.9887 3.58027 0.322249 
0.550947 0.990522 5.6983 
0.672299 3.18813 3.26846 
1.20491 2.18 3.78687 
1.67659 2.02615 1.90905 
0.392763 3.03561 3.92753 
