0.0500004 0.0540384 6.05 
2.05 0.0500044 0.0500063 
2.05 0.0500044 0.0500063 
0.0520192 0.05 6.05 
0.0504107 4.05 0.0501913 
0.837403 1.71834 4.97587 
0.791828 3.71774 1.00699 
0.531904 3.92764 0.333779 
0.423546 2.32044 4.87174 
1.3987 2.38247 2.80113 
1.81234 0.819079 2.64968 
0.729692 3.52342 2.23962 
0.880974 2.8936 3.48218 
1.49291 2.60718 1.70475 
1.44586 2.46393 2.4054 
1.64521 1.36718 3.08981 
0.234841 2.22986 5.05778 
1.46916 1.22179 3.89943 
0.63784 1.27101 5.51672 
1.99569 0.640452 1.16349 
1.27024 3.20896 0.49328 
1.97634 1.04033 0.777532 
0.485084 0.473108 5.87615 
0.55247 3.10758 3.63181 
1.66847 1.02322 3.31505 
0.779228 3.6536 1.51519 
0.654654 3.82452 0.882408 
1.91146 1.46298 0.62656 
1.92562 0.533624 2.13305 
1.72586 0.257814 3.3353 
1.77056 1.83638 1.60843 
0.112059 0.567595 5.99675 
0.59995 3.01564 3.75431 
0.775453 3.75812 0.697893 
0.164567 0.905645 5.90128 
1.5378 0.38061 4.03539 
0.941609 2.67173 3.7308 
1.21412 2.9487 2.28796 
0.343923 3.50826 2.96091 
1.30694 2.71036 2.53375 
1.84774 1.35077 1.83571 
1.08723 3.46731 0.29485 
0.988854 1.51639 4.8731 
1.5378 0.38061 4.03539 
1.42366 2.42549 2.60238 
0.291672 2.9294 4.1564 
1.59389 2.28294 1.99188 
2.04829 0.221702 0.0959826 
0.654838 3.78553 1.30717 
1.16731 2.73305 2.98411 
0.432911 1.80361 5.33608 
0.193968 1.94456 5.34068 
2.03014 0.220145 0.858221 
1.8641 1.28483 1.7694 
0.227487 2.14167 5.14394 
1.0897 1.57053 4.64209 
0.379885 2.09176 5.11775 
1.0847 3.45869 0.543629 
0.0527344 2.7926 4.4235 
2.00929 0.292303 1.27077 
1.23826 1.18087 4.57845 
0.591406 0.895379 5.68729 
0.646838 0.981797 5.6066 
1.36702 0.742345 4.44445 
0.557274 3.1506 3.53004 
0.134194 0.679421 5.9699 
1.03532 3.29597 1.9417 
0.933427 3.14448 2.87062 
1.74019 1.06367 2.89539 
0.58843 3.58347 2.37049 
0.459063 2.53822 4.59658 
1.34853 0.732624 4.49709 
0.47195 2.81734 4.19384 
0.428769 2.88131 4.13371 
2.04961 0.12249 0.0957972 
0.799685 2.69709 3.96412 
0.34565 3.98926 0.721088 
1.5646 0.663105 3.91831 
1.62908 2.29884 1.60843 
1.05756 3.3653 1.53929 
0.905901 3.32422 2.37049 
1.35326 2.2997 3.16866 
1.75294 2.11315 0.62656 
1.15673 3.34033 0.868774 
0.626508 0.947109 5.64176 
0.713167 3.4224 2.63402 
0.702637 3.38467 2.74147 
1.70708 0.956076 3.14188 
1.89556 1.57387 0.458499 
0.988854 1.51639 4.8731 
1.28669 1.90404 3.91831 
1.31274 2.96745 1.70637 
1.89743 0.787827 2.10373 
1.89392 1.31235 1.39904 
1.83318 1.86137 0.0500063 
1.43011 2.68206 1.99384 
0.286247 0.499092 5.97004 
1.69467 1.90621 2.12992 
0.561174 2.21132 4.87174 
1.10812 3.27188 1.70475 
