0.0500035 0.0604128 6.04998 
0.0513147 4.05 0.0500496 
2.05 0.0500045 0.0500496 
2.05 0.0500045 0.0500496 
0.0552064 0.05 6.04998 
0.0520539 0.0600338 6.05024 
0.654584 1.17109 5.53643 
0.700679 3.6259 1.90502 
1.42863 1.66897 3.67769 
0.976798 0.614988 5.30319 
2.00545 0.266037 1.26907 
0.457599 3.8227 1.63497 
1.68439 2.28787 1.06988 
0.548879 0.766425 5.76053 
1.3123 3.1193 0.917466 
0.264115 3.75539 2.2238 
0.173614 2.38423 4.91581 
1.72901 1.27898 2.76791 
1.98307 0.432318 1.50488 
1.0746 3.38261 1.38341 
1.90168 1.01351 1.80567 
0.292727 0.674706 5.93194 
1.78446 0.199309 3.0886 
1.11325 0.340327 5.13377 
0.564266 3.89667 0.742131 
0.510251 3.47025 2.85958 
1.92309 1.42102 0.656276 
0.321076 1.35738 5.66745 
1.55357 2.17279 2.41747 
1.79961 1.87945 1.18852 
0.372696 3.53112 2.85889 
1.01892 2.83135 3.26068 
1.50949 1.76086 3.25725 
0.163778 3.70438 2.49949 
0.927591 1.1309 5.21632 
1.65377 1.93301 2.32129 
0.278902 4.01267 0.524537 
0.202079 3.06499 3.96673 
1.4617 1.70827 3.50538 
1.31841 2.52229 2.87835 
0.880264 1.5909 5.02595 
1.2656 3.25984 0.239735 
0.499351 2.89598 4.06446 
0.73767 3.70677 1.36329 
0.314931 1.26272 5.71249 
1.65138 2.45021 0.111693 
0.474528 3.93978 0.742131 
0.617952 0.900965 5.67005 
0.862551 1.96632 4.73153 
1.8205 0.971401 2.48246 
1.49001 2.69155 1.3633 
1.29656 1.44775 4.26398 
1.00155 2.50037 3.83838 
1.38691 0.167081 4.54445 
1.46637 1.98893 3.18477 
0.327798 2.58284 4.63265 
1.33225 0.803739 4.52207 
0.589514 2.6611 4.30917 
0.0961215 2.07519 5.23208 
1.95996 0.565972 1.7104 
1.27339 1.52733 4.26398 
0.0564305 4.04696 0.438157 
1.98576 0.729062 1.21093 
0.454231 3.75474 1.99656 
0.882804 2.56484 3.99955 
1.5794 2.63984 0.339471 
1.3984 2.10561 3.26068 
1.23801 2.3369 3.45398 
0.57955 2.61381 4.38327 
1.2077 2.20189 3.7762 
1.14879 2.94906 2.65023 
0.787917 2.27783 4.52202 
0.803445 2.3248 4.44493 
1.02908 3.30737 1.95817 
1.17509 0.356035 5.0072 
1.04409 2.21157 4.12379 
2.03694 0.580828 0.414222 
0.845967 3.23073 2.81487 
1.86057 0.390627 2.57502 
0.805337 3.17118 3.05359 
1.93224 0.127067 2.07523 
1.72342 0.0955545 3.34208 
1.95217 1.26892 0.548053 
0.418191 0.519524 5.90561 
1.48688 2.68514 1.43339 
0.805337 3.17118 3.05359 
0.850766 2.46342 4.20546 
0.95213 1.7067 4.80643 
0.718722 2.07062 4.82711 
0.368126 2.97635 4.03807 
1.11932 1.56221 4.60368 
0.114066 2.07341 5.23208 
0.199011 2.99215 4.09236 
1.22015 1.7191 4.23378 
1.34259 2.56944 2.68002 
0.95102 1.15924 5.17394 
1.1342 2.06175 4.09236 
1.19569 3.07253 2.09991 
1.62522 2.22281 1.83625 
1.36083 3.07781 0.0525179 
