2.03147 0.0314659 0.0314659 
0.0314659 4.03147 0.0314659 
0.0314659 0.0314659 6.03147 
1.90462 1.4333 0.0314659 
0.430768 0.0314659 5.91067 
1.94039 1.22065 0.180684 
0.341625 3.96852 0.872879 
0.118554 1.37705 5.72625 
0.539526 0.33741 5.85108 
0.36515 3.6725 2.36102 
0.624478 3.76877 1.34732 
1.43474 2.33382 2.63595 
1.97813 0.22824 1.40562 
1.51093 0.906043 3.91796 
2.01325 0.424963 0.618041 
1.08371 3.26806 1.68376 
1.77993 0.253815 2.94913 
1.16639 0.717148 4.93128 
1.83595 1.77577 0.48236 
1.55081 2.64406 0.404323 
1.12661 3.18289 1.7658 
1.70005 2.02576 1.90474 
0.589224 0.653404 5.7463 
0.994045 2.9937 2.88316 
1.72044 2.18835 0.404337 
0.956104 2.85913 3.32131 
1.8115 1.85906 0.645289 
0.662345 3.60089 2.25613 
1.86075 1.43828 1.54594 
1.73831 2.08393 0.618041 
1.4043 2.9194 1.09686 
0.654371 3.3435 3.07738 
1.29152 3.14152 1.23466 
0.91146 3.43141 2.097 
0.560065 0.620366 5.78588 
0.706841 3.31215 3.0302 
0.736986 2.96961 3.56422 
1.16156 3.08551 2.057 
0.888354 2.75841 3.67761 
1.32005 1.87539 3.80683 
1.79879 1.94751 0.0406732 
0.265953 2.49973 4.74102 
0.669287 3.50542 2.50361 
1.20971 0.151309 4.88317 
0.808367 2.41866 4.26956 
1.65869 1.32737 2.94839 
0.920687 3.46986 1.90411 
0.500706 1.61451 5.41693 
1.30566 3.07865 1.09132 
1.05775 2.79509 3.20386 
0.89047 2.679 3.73334 
0.286326 2.13941 5.15936 
0.201677 3.99457 0.779784 
0.392895 3.94435 0.779865 
0.778026 2.57646 4.14362 
1.88108 0.0840161 2.54233 
1.54001 2.62545 0.841154 
0.627871 0.96144 5.62502 
1.3322 0.933193 4.48392 
1.63617 1.15914 3.27589 
1.46515 2.38384 2.374 
1.23813 0.871713 4.77514 
0.677852 3.15795 3.43614 
0.0588982 2.03278 5.24114 
1.02278 3.05972 2.70313 
0.0895395 2.27394 5.07285 
0.938053 1.04338 5.20093 
0.173003 1.63015 5.5601 
0.414949 1.98833 5.25006 
1.2664 1.2282 4.4267 
1.62829 1.57883 2.85391 
1.89505 0.0842121 2.44805 
1.2604 0.754933 4.65789 
1.36508 0.816381 4.3661 
1.20159 0.139687 4.91415 
0.521324 0.555668 5.81888 
0.854976 2.56514 3.98552 
0.825815 2.47125 4.17478 
1.23945 1.65004 4.22778 
0.513822 2.07754 5.06866 
0.35691 3.8551 1.50692 
1.63917 1.5894 2.79204 
1.0379 3.0303 2.69899 
0.831524 0.529894 5.55674 
1.29892 0.765422 4.59422 
0.64027 3.20744 3.4484 
1.28007 1.70535 4.06092 
0.896286 2.93456 3.32201 
0.35445 3.81722 1.72312 
0.189189 1.9176 5.30391 
0.788954 0.498413 5.58049 
0.219771 3.77338 2.16442 
1.10876 0.19757 5.10786 
0.502695 1.51043 5.46999 
1.57685 1.09468 3.5919 
1.59173 1.47912 3.29288 
0.858306 3.61453 1.49629 
1.34059 2.76536 2.18618 
1.37733 0.82357 4.32902 
0.44472 1.79911 5.326 
