0.0349728 0.0349728 6.03497 
0.0349728 4.03497 0.0349728 
2.03497 0.0349728 0.0349728 
2.03497 0.0349728 0.0349728 
1.17067 2.07588 3.96934 
1.32973 2.33304 3.08822 
0.913113 3.67143 0.141495 
0.0904827 2.62469 4.61745 
0.63406 3.57277 2.2175 
1.58987 0.104987 3.83314 
1.66924 1.99546 1.87714 
0.342726 2.25845 4.95032 
0.671934 3.76239 1.24309 
0.597169 0.385849 5.8341 
1.81799 1.89289 0.277803 
0.783617 0.499708 5.61062 
1.93053 1.17671 1.04684 
1.8693 0.529132 2.49447 
1.91222 0.990038 1.71457 
2.00251 0.649225 0.730836 
0.279465 3.93882 1.14133 
1.40693 2.83664 1.50988 
1.11024 2.98004 2.79506 
1.92832 0.246512 2.3037 
0.431614 3.78933 1.78256 
1.35871 3.02433 0.619091 
0.994214 3.17891 2.56915 
1.25097 1.4794 4.3701 
0.15766 1.00102 5.85537 
0.978381 2.15742 4.30319 
0.382955 3.85405 1.81663 
0.729667 2.1438 4.88379 
0.809741 3.08976 3.17394 
0.756472 2.73613 4.0984 
1.30496 1.80534 4.02909 
0.832491 0.177468 5.55402 
1.56163 1.40209 3.34845 
1.51063 1.35643 3.58831 
1.72373 0.322141 3.22787 
0.0804875 2.68333 4.54226 
0.69994 0.0593047 5.74317 
1.65234 2.55478 0.38773 
0.0437194 3.83768 1.94456 
0.297285 3.31873 3.45987 
0.35336 2.8804 4.2069 
1.02375 1.1589 5.03256 
1.78902 0.121758 3.00668 
1.48587 0.838235 4.18412 
0.224662 0.883191 5.90509 
0.0404331 2.47552 4.80051 
0.299934 2.5234 4.69395 
1.05782 3.3728 1.6139 
1.26587 2.80646 2.38939 
1.99682 0.60133 1.31486 
1.95995 1.03593 0.818892 
0.60884 1.79804 5.14532 
1.51765 2.67487 1.4446 
1.85388 1.66462 0.913894 
0.324696 2.01924 5.20973 
0.495652 1.54525 5.44572 
1.43975 0.336023 4.3701 
1.30867 3.02482 1.34782 
0.269973 2.94168 4.16951 
0.485885 3.92118 0.563257 
0.540653 1.74669 5.27156 
0.516062 3.45369 2.88632 
1.76387 2.08353 0.276964 
1.73041 1.69773 2.12812 
0.926511 3.25801 2.57008 
1.47236 0.931992 4.1841 
0.813926 0.742261 5.47126 
1.61843 1.45293 3.04635 
1.71269 1.33866 2.96613 
1.11965 3.35751 0.995182 
0.563202 1.64546 5.31507 
1.76478 1.60349 2.06764 
1.96843 1.01512 0.65406 
0.830808 2.85015 3.71756 
0.405589 2.64441 4.49683 
0.939933 0.564823 5.39634 
0.466762 3.11809 3.6838 
0.869276 3.70682 0.324309 
1.83584 0.205788 2.65616 
0.202814 0.705606 5.95405 
0.206761 2.73613 4.43174 
1.74715 1.58652 2.12046 
0.270448 1.30073 5.72135 
0.892286 3.41757 2.00911 
1.08054 3.47383 0.454397 
0.181837 0.712878 5.94819 
0.473055 3.14087 3.64818 
0.716212 2.43298 4.49545 
1.27771 3.30626 0.396374 
0.249317 1.78222 5.47902 
1.03042 2.77801 3.38188 
1.04356 1.08539 5.03239 
1.13233 3.39231 0.501232 
1.25941 1.48878 4.35716 
0.866624 3.70214 0.405409 
1.03222 2.78872 3.34005 
