0.0279288 0.0279288 6.02793 
2.02793 0.0279288 0.0279288 
2.02793 0.0279288 0.0279288 
0.0279288 4.02793 0.0279288 
0.28944 0.49907 5.93981 
1.97971 0.711668 1.03204 
1.21452 0.266251 4.94061 
0.196093 3.42143 3.26793 
0.117544 2.04489 5.23636 
1.33039 0.578003 4.57926 
0.760819 2.74347 3.8953 
0.887297 1.33144 5.13158 
0.808651 3.58605 1.8104 
0.232074 3.84993 1.69201 
0.667652 3.81639 0.231884 
0.747502 3.74695 0.625069 
1.75551 1.67559 2.11729 
1.77165 1.48672 2.39458 
0.611374 2.92258 4.0689 
1.46566 2.74799 1.29489 
1.44075 2.1702 3.0067 
0.595303 3.06179 3.5974 
1.69445 2.0936 1.58617 
0.363927 1.9846 5.18586 
0.813582 0.11396 5.56779 
0.960991 0.170615 5.35194 
1.39638 1.75799 3.69642 
1.84853 0.030594 2.53182 
1.19892 3.28311 0.118634 
1.2772 1.3973 4.34613 
0.553732 3.14903 3.63696 
0.168868 3.39208 3.34681 
0.916944 0.124346 5.42731 
0.737024 0.0435951 5.67142 
0.382764 0.75408 5.83621 
1.03041 0.581503 5.18836 
1.04965 2.63919 3.45137 
1.22295 2.66737 3.131 
0.778317 3.60514 1.771 
1.92071 1.0818 1.18242 
1.59983 2.20648 2.0458 
0.564976 3.64942 2.21565 
1.52822 2.23702 2.25483 
0.389181 2.1216 5.05537 
0.715262 1.10486 5.47413 
0.631425 3.65807 1.8785 
0.0592026 3.25456 3.59243 
1.4866 0.190926 4.20338 
0.473052 2.80136 4.20338 
1.72509 2.16389 0.936462 
1.75995 1.90092 1.37317 
0.452685 3.21163 3.63708 
1.85741 1.81553 1.15067 
1.30057 1.17536 4.50269 
0.170489 3.29261 3.58015 
0.281168 3.93576 1.1837 
0.63635 2.25886 4.68136 
1.56244 2.60454 0.486641 
1.1111 1.79874 4.49133 
0.417558 2.29702 4.85897 
0.689146 1.13466 5.46422 
0.275188 1.31188 5.69591 
1.88826 0.945727 2.06974 
0.342357 3.33921 3.39843 
1.17055 0.810756 4.89583 
1.75818 0.991373 2.68166 
0.498968 3.92944 0.367246 
0.534728 2.98704 3.8176 
1.50695 2.15876 2.71602 
1.38135 2.51716 2.64776 
0.636736 3.69177 1.70276 
1.63896 2.43604 0.711518 
0.938496 0.89125 5.26956 
0.535004 3.9039 0.0323093 
0.602929 3.41653 2.84766 
0.428892 2.07208 5.06715 
1.00142 2.84229 3.29454 
0.838778 1.24509 5.27932 
1.8255 1.57637 1.54874 
1.54413 1.29896 3.73318 
1.04901 1.39909 4.77659 
1.62277 2.51495 0.537641 
1.26449 1.45556 4.28939 
0.523569 3.8057 1.80215 
1.93168 1.22825 1.04503 
1.4222 2.21456 3.05209 
0.531185 0.730332 5.78712 
1.66425 2.35791 1.12654 
0.496181 3.92525 0.406838 
0.602966 2.87545 4.15295 
0.981119 2.47651 3.83104 
1.4137 2.87187 0.81656 
0.827838 1.28858 5.28365 
1.80153 1.61483 1.50379 
0.612618 2.55462 4.51069 
1.93434 0.0291784 1.85493 
1.24641 1.44854 4.3404 
1.51604 2.65709 0.81656 
1.58513 2.54859 0.486346 
1.37146 2.49077 2.81555 
