9.40549e-09 9.40545e-09 6 
9.41069e-09 4 9.40545e-09 
2 9.40545e-09 9.40545e-09 
2 9.40545e-09 9.40545e-09 
0.465796 3.91173 0.96544 
0.397912 0.642252 5.85295 
1.94263 0.195315 1.73604 
0.22315 3.95723 0.655067 
1.77041 0.266233 2.88708 
1.59428 2.4404 1.33627 
0.357137 2.17183 4.9762 
0.776881 1.58144 5.04725 
1.34483 2.98273 0.266159 
1.36055 2.66918 2.1085 
0.0820742 3.89503 1.40991 
0.963981 1.96033 4.41767 
1.11096 3.3486 1.01471 
1.95683 0.922668 0.160309 
1.00587 2.06942 4.23245 
1.53422 1.64135 3.12371 
0.927029 1.6867 4.91923 
1.98869 0.570115 0.369749 
0.119499 1.1608 5.74876 
1.26971 2.35519 3.28181 
0.827779 1.52547 5.09179 
1.56699 1.7849 2.73194 
0.507483 3.1269 3.50484 
0.73122 0.827999 5.52955 
1.90091 1.28335 1.12998 
1.80079 1.0902 2.39393 
0.307831 3.03956 3.86478 
1.83426 0.28091 2.56979 
1.92278 0.515373 1.71463 
1.07987 3.39323 0.740603 
0.951643 1.9186 4.51723 
0.70204 0.553286 5.65096 
0.0429044 0.950454 5.84482 
1.15819 1.77362 4.16664 
1.0441 2.60911 3.38978 
1.73234 1.4351 2.24127 
1.44022 0.689657 4.12947 
0.267349 1.94883 5.24036 
1.46961 0.700539 4.02552 
1.68506 0.66131 3.23545 
1.60828 2.42368 0.798406 
0.808787 3.65068 0.681675 
1.2467 1.83074 3.91411 
1.73563 1.43771 2.21578 
1.20149 0.964714 4.6458 
1.15381 2.90115 2.37801 
1.31988 2.73086 1.98069 
1.30796 2.88323 1.48866 
1.5213 2.33136 2.21872 
0.92671 1.68631 4.92321 
0.391617 2.47767 4.71651 
0.708027 0.414873 5.67214 
0.73 1.13625 5.42108 
0.661459 3.44214 2.79417 
0.316343 3.08891 3.77871 
1.24255 2.03345 3.74443 
1.96293 0.872401 0.480395 
1.90301 1.28143 1.12803 
1.08672 3.41513 0.242724 
0.178948 3.65554 2.47721 
1.21492 2.25412 3.66337 
1.25728 1.97882 3.74332 
0.535088 3.69467 1.87588 
0.876232 1.61307 4.96751 
0.145077 3.19923 3.59483 
0.255955 3.52177 2.77376 
0.633418 3.71516 1.50354 
1.71185 2.15124 0.34811 
1.39202 2.87813 0.576784 
0.863855 3.21728 2.64206 
0.267088 1.94846 5.2404 
0.556737 3.70431 1.87128 
1.87361 0.0532147 2.16984 
0.00891321 3.90458 1.37034 
1.82436 0.754849 2.42513 
1.37466 2.75037 1.5865 
1.87363 0.0607545 2.16931 
1.47763 2.5625 1.60951 
1.38294 0.104181 4.42613 
1.21625 2.25468 3.66151 
0.659359 3.44096 2.79515 
0.0641681 1.19975 5.7626 
0.163215 3.56268 2.75464 
1.9307 1.30507 0.354413 
0.610652 3.77805 1.05603 
0.83761 3.27041 2.62706 
1.40248 2.80631 1.05741 
0.0618098 1.20178 5.75741 
0.535596 3.31144 3.05941 
1.45085 2.39595 2.18996 
1.05097 2.60883 3.38446 
1.01363 3.03305 2.66354 
0.392752 2.47946 4.71447 
0.573363 3.80391 1.05086 
0.943628 1.87302 4.58176 
1.96147 0.8738 0.480473 
