0.0100724 0.0100724 6.01007 
0.0250305 9.40211e-05 5.99963 
2.20004 0.200041 0.200041 
0.0122651 4.01227 0.0122651 
0.0310701 4.00031 0.00076452 
0.0836949 3.67931 2.71258 
0.145504 3.17846 4.05736 
0.193825 2.11564 5.45594 
0.682127 0.0829621 5.76499 
1.64558 2.88753 0.436919 
0.0670251 3.85395 1.99919 
1.14603 3.36782 1.52374 
0.288428 2.32996 5.14234 
0.465136 1.97631 5.36361 
0.350155 3.30894 3.49042 
2.04889 1.11147 1.64758 
1.55923 0.485279 4.34321 
1.75462 0.180735 3.88288 
1.16763 1.67514 4.64858 
0.983139 2.6156 3.57514 
0.838735 2.54143 4.21418 
1.49587 2.13245 3.24864 
0.585928 3.04788 3.76782 
1.33663 3.35764 2.10031 
1.0921 0.361104 5.2389 
0.0635767 3.8912 1.80599 
1.19696 2.21516 4.08657 
0.96386 2.96326 3.09965 
1.93202 0.585441 3.36498 
0.524411 2.52038 4.7243 
0.390738 3.25318 3.66462 
1.38717 2.02644 3.45139 
0.110692 3.79527 2.31379 
0.748638 3.76955 1.17302 
1.82652 1.43942 2.85713 
1.03097 2.40121 3.96721 
0.612087 1.76376 5.32767 
0.766391 0.226506 5.72751 
0.558081 3.93942 0.825843 
0.917361 2.27037 4.68216 
1.62576 2.17301 3.02755 
2.03154 1.41753 1.28836 
1.07463 1.85944 4.4801 
1.4152 2.70489 2.6528 
1.45848 3.28055 0.956446 
1.58343 2.78534 1.32381 
1.26061 0.715834 4.79604 
0.228118 1.5725 5.87909 
0.243906 2.36096 5.18219 
2.18463 1.03493 0.661371 
2.13804 1.2163 0.543072 
0.626059 3.58644 2.29781 
0.688043 1.93845 5.08783 
1.79814 1.1315 3.16078 
1.85016 1.83386 2.06824 
1.97738 0.921637 2.59155 
0.385608 3.73748 2.25498 
1.71047 2.74263 0.375704 
1.29048 1.46042 4.41257 
1.2478 0.521607 5.01732 
1.26412 0.439348 5.02636 
1.18681 3.48104 0.736933 
2.12495 1.29879 0.541466 
1.69713 2.79055 0.360802 
1.32273 0.379473 4.9456 
0.0627521 3.9107 1.70134 
0.810446 2.45562 4.28408 
0.924416 1.61691 4.88376 
1.90828 1.50781 2.47682 
1.10573 2.01349 4.30096 
2.11889 1.04493 1.02886 
0.489212 2.31408 4.97874 
0.994087 3.79065 0.157448 
1.42918 2.73107 2.54014 
1.02887 0.839687 5.71844 
0.380032 2.45647 4.91062 
1.68751 2.64963 1.61197 
2.15065 0.773725 1.43989 
0.949979 2.88783 3.35683 
1.08818 0.888774 5.67302 
2.14447 0.811552 1.43679 
1.24852 3.55477 0.249808 
0.877273 1.53189 5.02102 
0.851759 1.70504 5.097 
2.10475 1.19214 1.0983 
0.641995 1.87038 5.20831 
1.29587 2.16628 4.13858 
0.507216 1.92301 5.35234 
1.04431 3.09299 2.93101 
2.01265 1.63011 1.08076 
0.0651329 3.98731 1.24294 
1.57197 2.05824 3.28574 
2.15195 1.32451 0.278585 
2.12394 1.15055 0.894423 
1.85464 1.01857 3.32912 
0.220283 3.08582 4.13029 
0.224429 1.6312 5.84112 
0.129007 3.34356 3.69971 
1.69134 2.65623 1.54116 
1.98239 0.986721 2.57111 
