0.000204861 0.000204861 6.0002 
0.00041244 2.05348e-05 6.00002 
0.00376478 4.00376 0.00376478 
2.20002 0.200023 0.200023 
0.0232434 3.99976 2.5977e-05 
1.60768 0.357591 4.17395 
0.0997325 3.83833 2.08049 
1.85376 2.32538 0.737778 
0.329403 3.79435 1.85752 
2.14055 0.999062 1.33571 
1.91431 0.793742 3.04325 
0.453218 0.076682 5.95929 
0.0788582 3.93784 1.4449 
1.81683 1.45142 2.64628 
0.785643 3.90118 0.125417 
0.362848 3.86191 1.5031 
0.788228 3.22866 3.3053 
0.125183 3.49215 3.27328 
1.53003 0.721089 4.4727 
1.79127 2.1799 1.94883 
1.55997 1.65129 3.67039 
1.31388 3.09224 2.174 
0.285872 1.72091 5.72704 
0.263585 2.90705 4.35617 
2.17903 0.91981 1.16689 
0.864861 3.58551 2.22421 
1.47104 2.63632 2.5684 
1.28179 1.92006 4.43336 
0.751744 3.14555 3.43149 
1.35167 0.152081 4.95298 
1.06942 1.52562 4.83763 
0.155101 2.85821 4.57773 
1.96314 0.745031 2.73902 
1.10491 2.48344 3.7269 
0.82547 1.44016 5.3417 
1.41034 1.83092 4.25807 
1.00725 0.28065 5.56823 
0.406027 3.17413 3.77162 
1.19453 1.77724 4.77855 
0.66908 1.5566 5.38127 
0.558087 3.32715 3.17134 
2.04901 1.22817 1.59636 
0.441923 3.40332 3.18089 
0.619691 3.64193 1.89104 
1.97906 2.09381 0.958768 
0.917008 2.22767 4.34231 
1.23138 3.57644 0.458583 
0.898272 3.71858 1.55839 
1.32397 3.44549 0.808116 
1.43829 2.57803 2.8198 
0.497952 1.12306 5.80645 
1.65407 0.482132 4.01303 
0.540276 1.26783 5.69722 
1.63004 0.407838 4.09317 
0.167703 2.81004 4.67222 
1.92687 0.879465 2.90009 
0.481338 1.08339 5.82685 
0.207758 1.9991 5.57245 
0.948745 2.4499 4.0844 
1.12985 1.04988 5.09478 
1.99435 2.03066 1.06435 
2.03776 1.19827 1.82854 
1.5512 0.659928 4.48676 
0.689988 1.70865 5.25036 
0.214442 2.74996 4.72548 
0.972488 1.40945 4.89727 
1.71697 2.72822 0.261144 
1.25425 0.143909 5.13431 
0.184423 3.26885 3.80313 
0.603632 3.96896 0.88685 
1.21421 3.60994 0.360831 
1.77185 2.56047 0.627814 
1.8845 0.216834 3.52891 
2.10464 0.903543 1.71981 
1.09228 2.75413 3.45962 
1.55976 3.02785 0.248103 
1.18033 0.531879 5.06533 
0.602996 1.94453 5.21813 
1.92996 2.13455 1.03544 
1.04516 0.76406 5.45252 
0.906219 3.72683 1.35031 
1.71379 1.05101 3.92338 
1.43277 3.11961 0.718627 
1.59383 0.42643 4.5129 
2.09423 0.238052 2.47217 
0.552118 1.30325 5.66701 
1.87674 2.22718 1.11879 
1.75567 1.86043 2.37535 
1.46343 2.62313 2.62557 
0.729535 1.63116 5.21498 
1.6905 2.14168 3.09057 
0.430637 0.599951 5.90914 
1.36903 2.94744 2.33206 
2.08734 0.960621 1.70908 
2.16792 1.32408 0.527374 
0.723975 2.81251 4.28221 
1.67347 2.66139 1.45269 
0.998763 2.95967 3.06006 
1.17164 0.529002 5.08651 
2.09278 0.871901 1.93209 
