0.90645699396563
0.907281944853356
0.907018295036081
0.906023974835328
0.906271473589145
0.907550521400041
0.906971416578067
0.906440796661692
0.90732275648116
0.907221918805619
0.906526067759527
0.906852332240025
0.906266002810664
0.906613729698152
0.90697991675517
0.906947021831612
0.90676219896979
0.906064616152046
0.907153444003278
0.907074441569025
0.905145142256686
0.90644090850957
0.907551710765285
0.906216687563238
0.90739815701254
0.906978578507322
0.906887273050499
0.90599304367657
0.906648606639159
0.907632439411932
0.907755680013752
0.906541790024634
0.906706005109653
0.907078923040398
0.906967428390505
