0.988243601345896
0.987620911588414
0.986737308562308
0.988138396699205
0.988097298630208
0.987682145502176
0.98775582718404
0.987736345904646
0.988106244732483
0.986281429650641
0.987951304003887
0.987896318593863
0.987966382577491
0.985878603403514
0.988434522384439
0.987908997542404
0.988444027234624
0.988147408756809
0.987980086170904
0.985976575564181
0.988371880316939
0.987388877685942
0.987825998928333
0.98830437478098
0.987964629875615
0.987855685342111
0.986874086100364
0.98817450049895
0.988077179799624
0.987625136905914
0.987706541093166
0.988189990317468
0.987893503706769
0.98802525878792
0.987029646032912
