0.838660784683019
0.836601972131049
0.852702072499007
0.833564213445433
0.645583596249402
0.862258087441677
0.863388381062295
0.843235429725668
0.621626512024156
0.821232026975086
0.840595503718348
0.838539791984647
0.647063767782186
0.840376757809907
0.817291386121447
0.838253407842635
0.82167721553912
0.630404071961028
0.844476367122213
0.820632558163909
0.833904693818896
0.821700484563877
0.862799998150293
0.883529803180572
0.614232816065948
0.79216701199848
0.835709419515035
0.822622353160022
0.828437725115811
0.754026489406801
0.839083474663157
0.637325311754124
0.84431501333305
0.830843488369085
0.830045393995124
