0.911257695778131
0.905361621018457
0.901174352286097
0.901382148969831
0.911138153191734
0.902722833947498
0.911763827803424
0.916698434799019
0.93473760319266
0.903912490932109
0.90006705497617
0.913713931589037
0.902102658020657
0.92138882842659
0.92045390746169
0.918367236347622
0.931338015600789
0.902952047111591
0.930813549715978
0.91514213348662
0.925907127707618
0.931802762730583
0.915365250660519
0.906024792132506
0.9042525216185
0.93168160556805
0.898364258886718
0.915037298652433
0.903634563304932
0.906693268154905
0.928519369516204
0.913133605076374
0.908893253931836
0.917371914947277
0.921959980796448
