0.426821361664318
0.408003466103072
0.425238142789129
0.411111317792825
0.425801684400255
0.423917169608643
0.421780837314094
0.432367471720552
0.424249297810439
0.43143291547223
0.420206126303673
0.402225146148746
0.408838267706335
0.42934544362521
0.417728736938036
0.434830537227947
0.425316075227985
0.402852552881343
0.432061913033285
0.428268035660481
0.410408980326713
0.414816364187635
0.41999278142116
0.430119809485138
0.432754135515174
0.405789643890356
0.405665002747502
0.416661559186914
0.420977743750196
0.423581512481295
0.353648961413377
0.423851694636529
0.417840066344448
0.412090475820039
0.330891664271993
