0.920911205066922
0.910132667600486
0.922308127788222
0.909591333806853
0.919563213059706
0.916792392412138
0.912889834060706
0.919903150918366
0.906351107672702
0.915158308180275
0.915323367164631
0.908064127493004
0.910619635020257
0.911805605451854
0.910484139019711
0.907249382535774
0.910445648797948
0.9165336746757
0.917963814865334
0.907626310859909
0.913410417078622
0.91965467657467
0.913032036497969
0.918886385430721
0.920725028534552
0.914894577112501
0.909805204918457
0.918753494321043
0.91233892929874
0.90450645590726
0.909474295016117
0.913032532638886
0.915664201417928
0.909444754547412
0.917429990465865
