0.808268907533799
0.951656683518075
0.956104801276144
0.952958023855424
0.9500880359952
0.948462016028493
0.95319169482239
0.949828179415183
0.957129061435136
0.952983722571107
0.953488560443348
0.955228879979867
0.950179541913826
0.946515228548486
0.953087301653759
0.953241230308993
0.947421931146296
0.951964725779207
0.950482181005971
0.946354482170521
0.950848613659339
0.94778184180665
0.949963279874333
0.956558098397228
0.948607134503779
0.814837866827957
0.953771619011924
0.953756039802163
0.955190129514688
0.94869514129813
0.953606987159784
0.95466399238049
0.952517766638355
0.950210615363597
0.814259035932297
