0.796089133644782
0.804663040314508
0.794717584531062
0.795971367308619
0.804910143532885
0.799032151051797
0.801619459643422
0.79987132022148
0.804996153914315
0.797110543021032
0.804509362262202
0.794179597702704
0.802113713227687
0.794827170463839
0.802146386657921
0.801467631980863
0.792078628733644
0.801947227848927
0.802168471804069
0.804050800315572
0.799507135685243
0.801141626946902
0.79496900841496
0.792183287612123
0.799449694602862
0.797186547529426
0.801139148601547
0.802697976709819
0.797639153895443
0.794479603339884
0.806865837194542
0.798815279821916
0.803374599177883
0.797822381164779
0.797274853008623
