0.882083047222367
0.878341188862364
0.882514360752764
0.879635709495844
0.883868487976868
0.884271822887378
0.885061990777305
0.883980770721156
0.879345172516294
0.882332406760828
0.883542777982745
0.883925361041323
0.883570535801991
0.88597501559633
0.882844505662329
0.881523446547616
0.887532498795997
0.885099432799627
0.883322182199505
0.878605253859334
0.883503065392903
0.881558835568123
0.881749767795466
0.889066049471672
0.881530555508266
0.878562833601251
0.885247265726994
0.883671707231306
0.88489602950207
0.881872952966881
0.878049883104615
0.887361644059168
0.885140359876758
0.8840462508717
0.883316462565102
