0.1026335068807065 0.25688852032036 0.9609758849175063 
0.4247994701528726 0.2236043218333273 0.8772380049993826 
0.24225554639785926 0.015396565138500922 0.9700903030241105 
0.5772990270936392 0.7337252177771405 0.3582919732768596 
0.9937578134597191 0.10583333655780817 0.03528049122106824 
0.9403603184916074 0.3394263625232879 0.022632185722388745 
0.7344664293040136 0.653506843383622 0.1829969122039687 
0.5141447636037971 0.8311441193029223 0.21178908141584044 
0.8953820075520974 0.2946434492824406 0.33388066482940004 
0.21426810805263802 0.5875891210871927 0.7802744405986421 
0.0035473732449727608 0.6732409475406549 0.7394146622143911 
0.2210067951836753 0.9640326551239571 0.14763819403289608 
0.393907771311097 0.4960625350742769 0.7737949528114065 
0.5294283287591868 0.3298978144601848 0.7815836978351377 
0.6432677172198709 0.6444819558745659 0.4133396333946586 
0.2513858806376801 0.4858630452572198 0.8371034824138527 
0.37675461385030407 0.807885789155728 0.45318485480291043 
0.9579221998249741 0.17622962490598285 0.22655722982941637 
0.26614106871966736 0.9105363675059168 0.3163739164183479 
0.8401138531363489 0.5421284303756496 0.01747795030408422 
0.980574575122351 0.10093511535672048 0.16818324860564032 
0.6083998863875275 0.7935306662687361 0.01259602853041966 
0.9160005495556913 0.39090055034261145 0.09022057944568593 
0.7382764698631815 0.2457632522173653 0.6281307808935198 
0.8203359466770702 0.5623186069799011 0.10414758198642482 
0.06400411259315283 0.09330759681378294 0.9935779616859464 
0.09098608946779499 0.9772002991405944 0.1918361459237839 
0.9791860841918483 0.20092595406276847 0.02869448568978682 
0.9887602489933078 0.047275523022770216 0.14183862285574803 
0.8464935324530235 0.1435550208971143 0.5126798762292426 
0.9255827429055852 0.08509971774069022 0.36885583101779607 
0.6285913487552107 0.02507807885593021 0.7773313361951908 
0.09041692318649334 0.8133558153875666 0.5746973965285683 
0.24206690608429077 0.8245543738523898 0.5113840998111628 
0.5476805571640873 0.1019809186789754 0.830449215503168 
0.40990633844302393 0.9110266810707094 0.044801563382558925 
0.9554977236874566 0.04172408992630651 0.29203287545738915 
0.7632575649676387 0.06645685878287985 0.6426673909888249 
0.23134002436141066 0.9728428310854619 0.007656313348200143 
0.19059608039734058 0.12912129045938814 0.973139674706192 
0.6454857570078193 0.2235118992926017 0.7303359284429711 
0.46399649382996105 0.8160523403848451 0.344624188741766 
0.4331254505080149 0.39549668188351766 0.8099288356030777 
0.06492837576998176 0.5510246385099644 0.8319592260290377 
0.5039386908192727 0.5510309667079715 0.6651395865712972 
0.10796044912875605 0.9933336881931584 0.04040699598453966 
0.9206339293901511 0.3081855336918717 0.2396974027366725 
0.43577136376424114 0.7270897015745349 0.5305128503507788 
0.7495611929645803 0.6584240200258206 0.06808691397436939 
0.095456087014637 0.44932502950891123 0.8882539914397627 
0.9985083494242761 0.03859174903446042 0.038623218877622004 
0.921035984123316 0.16114382139329075 0.3545777556147057 
0.040753034975357205 0.1716157561338548 0.9843206908253544 
0.313668489618353 0.15333506445170594 0.937070134317668 
0.5167647876471474 0.1739187333748525 0.838275866543518 
0.6510459762695021 0.37141376184044445 0.6619599340585657 
0.1638131050617017 0.3958622093851247 0.903580864002095 
0.7287391104433768 0.12468208873488953 0.6733451460127274 
0.33774807616099495 0.9342165447694154 0.11474181682648249 
0.16469621577199456 0.7691581428662914 0.6174713821488917 
0.19424128520419423 0.8873467648590384 0.4181937852436616 
0.8604151860856952 0.03389560230040337 0.5084651371508295 
0.42204760721527496 0.04453005657981613 0.9054793709990634 
0.16568134119444006 0.21105040636912994 0.9633314170893821 
0.6683800630167398 0.6994654421373959 0.25301420240230926 
0.5999473843402133 0.7895383667055756 0.1291986978387507 
0.7539570060436771 0.492535194353815 0.4346928977571464 
0.05554337820130589 0.8777784021497282 0.47583611659630937 
0.5225354227151111 0.8495735975912492 0.07198218032126207 
0.9456216085155664 0.29611431582359277 0.1345960083834538 
0.25266003367310236 0.2945200119288126 0.9216403148505163 
0.17351173642552725 0.9820267437919407 0.07427753226916194 
0.13650683884250292 0.643661811836158 0.753037419344498 
0.1591418285552356 0.9594191902089697 0.23278465555714972 
0.7170315087944681 0.47731814314238796 0.5079696896696022 
0.8459797268481642 0.24743515353096832 0.4723284308180188 
0.5436130211183666 0.6463442360804204 0.5354661630357055 
0.013390329930652617 0.02387628799624901 0.9996252407456852 
0.34003961685969775 0.685473710848952 0.6438158515452052 
0.8088330906205464 0.33198341527382225 0.4853617655938139 
6.123233995736766E-17 1.0 0.0 
0.11703597223913999 0.05733214792091221 0.9914714347961894 
0.11764369438295333 0.91986910691256 0.3741667907762796 
0.607661766742774 0.4681758654543625 0.6415282817188263 
1.0 0.0 0.0 
0.788636871156517 0.5446163283239753 0.2853855994533905 
0.32673035482599816 0.9037413525083451 0.27658424214272387 
0.32252636031738197 0.3218122643257339 0.8901761698843476 
0.40287257616157074 0.8961600983591748 0.18598592819300594 
0.008006362209080534 0.9996800123710531 0.02399522931727381 
0.9750250259384121 0.19045467696670954 0.11425066658582617 
0.3395729117428439 0.079397261501255 0.9372226589645537 
0.02613862288183884 0.7391920093157394 0.6729873295669103 
0.03661153498777811 0.9590379966552651 0.28090161351849646 
0.8688975881963691 0.46097969823819435 0.1803183269630591 
6.118488120659834E-17 2.4103461139628543E-18 1.0000000000000002 
0.058377534551788735 0.9919803352425911 0.1121029792273678 
0.3047212711991944 0.6628886180065539 0.6839032292628161 
0.8422479581933129 0.44495190031536574 0.3043619281791676 
0.030978383253834115 0.3523885122818371 0.9353409411454051 
