0.9974862184809429 0.07086073624080347 
0.9942878493868262 0.10673177859344418 
0.559594897814252 0.8287662820966215 
0.9996576147558511 0.026165879703199772 
0.9993148208193909 0.037012010087382904 
0.9112889667528266 0.41176743323697385 
0.17109236546020049 0.9852549936342536 
0.9965836185696637 0.08258989767880279 
0.9982369899048702 0.059354123577591886 
0.3162276402308995 0.9486833399791507 
0.7815674081239772 0.623820796830603 
0.11914518871852502 0.9928768423149102 
0.9376697172700926 0.34752769862936767 
0.7142849197490633 0.6998550231434181 
0.9801155119734414 0.19842777826967387 
0.728409914109611 0.6851415890360394 
0.9771765632633049 0.21242872736265284 
0.13178773908239025 0.9912779589134179 
0.9433501326994186 0.3317989257607526 
0.9739764276586894 0.2266493290641244 
0.8395702002396807 0.5432512115674502 
0.27056370627058046 0.9627020727354476 
0.9999868615667693 0.005126079773369875 
0.5432504299900087 0.8395707059656563 
0.8957902732908204 0.44447698059354795 
0.09454662406057947 0.9955204346866755 
0.8499656030628773 0.5268381854136612 
0.9037376612363676 0.4280867197928715 
0.8287667128895526 0.559594259804589 
0.5103780832861785 0.8599501218681969 
0.4938900773105719 0.8695243478673598 
0.8874420599981849 0.4609192881038696 
0.6549294412522608 0.7556900336652598 
0.3955363632967987 0.9184503172790257 
0.5919812523496694 0.8059517335836663 
0.15776274655051023 0.9874770457083241 
0.47739746072281214 0.8786874669047073 
0.9912778587332751 0.1317884926128723 
6.123233995736766E-17 1.0 
0.6998547862331606 0.7142851518732117 
0.8786873293760734 0.47739771385496166 
0.4117677767027802 0.9112888115571536 
0.9988438365825627 0.04807275861677513 
0.9852550985480445 0.17109176130101425 
0.22664933981393057 0.9739764251571541 
0.7556891003796159 0.6549305181219202 
0.5268378144642408 0.8499658329900927 
0.6851396014070492 0.7284117836662101 
0.21242985484965174 0.9771763181578624 
0.02616863225236412 0.9996575427045207 
0.8059519836972385 0.5919809118328785 
0.42808680769656937 0.9037376195977239 
0.9536793399802607 0.3008250596190657 
0.8175584714409361 0.5758455919560035 
0.059354790874297014 0.9982369502278847 
0.607979912917536 0.7939524075716285 
0.30082609204120464 0.9536790143162514 
0.00512651919583681 0.9999868593141286 
0.9252287413222263 0.37940977350522853 
0.793952551234266 0.6079797253104746 
0.995520420328192 0.09454677524685809 
0.98948129148995 0.14466089240489502 
0.869523948114718 0.493890781099418 
0.3317992909344526 0.9433500042589678 
0.9316323384150689 0.3634022372238104 
0.6701587437115731 0.7422177970292319 
0.9928768452417269 0.11914516432837624 
0.37940972404901585 0.9252287616027993 
0.9627020218015567 0.2705638875001523 
0.2856008309323096 0.958348665867895 
0.6394776038435719 0.7688097256034706 
0.07085973850305939 0.9974862893590458 
0.03701171332360108 0.999314831810702 
0.18464681961509374 0.982804940975589 
0.7688094416062042 0.6394779452781437 
0.10673314719901134 0.9942877024729785 
0.9486838008398377 0.3162262576448692 
0.4609185462837218 0.8874424452840312 
0.5758453054658363 0.8175586732296084 
0.982804722772581 0.18464798102310845 
0.2410813245747005 0.9705049175255671 
0.015542414347905644 0.9998792093829324 
0.08258964749768595 0.9965836393028976 
0.3475279376969276 0.9376696286646595 
0.36340211015109747 0.931632387982368 
0.9998791963512453 0.015543252683652852 
0.9184503745043014 0.39553623041752867 
1.0 0.0 
0.04807269725129705 0.9988438395359833 
0.8599498475680152 0.5103785454618438 
0.987477096251856 0.15776243018539843 
0.44447698154071263 0.8957902728208523 
0.9583486584223018 0.28560085591638956 
0.6238213831925782 0.781566940109226 
0.14466045794767599 0.9894813550069393 
0.2557221237914758 0.9667503273356451 
0.19842762942288483 0.9801155421079774 
0.966750452857732 0.2557216492582711 
0.9705048865448291 0.24108144929174502 
0.7422183240570644 0.6701581600144271 
