0.4050269762293997 0.08310304308984051 0.011869980680759784 
0.18500357730147815 0.03446139467120674 0.2805350280273151 
0.04734361984589753 0.43497793777249333 0.01767844238160915 
0.1286662514503257 0.21467985435562087 0.1566538941940534 
0.2105821780337458 0.14018654122879465 0.14923128073745956 
0.16133911626138273 0.10053961885854938 0.2381212648800679 
0.017047723490060243 0.07168757478298597 0.4112647017269538 
0.0305717482270244 0.275053152389042 0.1943750993839336 
0.5 0.0 0.0 
0.32051002252551597 0.056091747399758474 0.12339823007472556 
0.058880422620712324 0.3549644694506332 0.0861551079286545 
0.07373583569958057 0.049951851540872054 0.37631231275954735 
0.2242654780894129 0.14648632241041545 0.12924819950017163 
0.41973195489731213 0.020069377720041342 0.06019866738264651 
0.18911484130797832 0.1894497788904493 0.12143537980157237 
0.00910568267293695 0.2569539190752613 0.2339403982518018 
0.21963187781110188 0.00876053539874305 0.27160758679015506 
0.07676813601045487 0.2612104440471894 0.16202141994235575 
0.19328780294236697 0.11022618909646081 0.19648600796117222 
0.43781714863741766 0.046634097502488814 0.015548753860093523 
0.0 0.5 0.0 
0.0677317056545254 0.18573982701410519 0.2465284673313694 
0.30013582372212394 0.19362316851710573 0.006241007760770356 
0.05020066625223328 0.024597733468480116 0.4252016002792866 
0.10512340444499359 0.10488967483684407 0.28998692071816234 
0.17691720843343253 0.13629912940101005 0.18678366216555742 
0.07982635062656686 0.15428218333312968 0.26589146604030345 
0.06180960016509585 0.07873697571276204 0.3594534241221421 
0.46410152703359503 0.01794952295281713 0.017948950013587817 
0.2758218795646755 0.18915287647801166 0.035025243957312824 
0.20616965823188382 0.2157798690174687 0.07805047275064747 
0.3922991828743385 0.04038651989674666 0.06731429722891485 
0.0707220141955201 0.39909595468816045 0.030182031116319452 
0.1690366738643935 0.056885584293289174 0.27407774184231737 
0.08290210159868713 0.36170159252535417 0.05539630587595873 
0.04168585816518251 0.3258345904749706 0.1324795513598469 
0.1252135091615129 0.02928158356077594 0.34550490727771116 
0.13567795411154174 0.3017098617414329 0.06261218414702535 
0.08912825951527821 0.3049417875594932 0.10592995292522861 
0.24363747083066772 0.16824006527877455 0.08812246389055772 
0.0 0.0 0.5 
0.0064865283488712774 0.011569733430558539 0.4819437382205702 
0.28762676918005203 0.15264448569067784 0.05972874512927012 
0.12179125336999232 0.33683872245443636 0.04137002417557134 
0.31346979782054946 0.10492565076187697 0.08160455141757356 
0.24871414598933883 0.10208518931824824 0.14920066469241294 
0.30668435393440574 0.0120798292132908 0.18123581685230344 
0.09227664823755113 0.20067723723822276 0.2070461145242261 
0.3278352204011034 0.1398842557408786 0.032280523858017995 
0.05307722478177702 0.2479044784739589 0.19901829674426408 
0.13215622743855246 0.12069663665736992 0.2471471359040776 
0.038882731206013495 0.09726929562757512 0.3638479731664114 
0.04450828520108118 0.2099537806320378 0.24553793416688102 
0.281630454058746 0.047771102548095475 0.17059844339315855 
0.15011072085102078 0.333490778101789 0.016398501047190206 
0.3609688148543426 0.13034119591592214 0.00868998922973524 
0.27013807574879045 0.0790258782632373 0.15083604598797223 
0.1018717977233613 0.2052843215616323 0.1928438807150064 
0.02511365294472681 0.4266528683887762 0.04823347866649702 
0.1975209043959083 0.25994279068467585 0.042536304919415846 
0.001284900343226967 0.23766732646004576 0.26104777319672723 
0.11503588090282658 0.24661464441990957 0.13834947467726383 
0.014382342823028105 0.37559333133679623 0.11002432584017569 
0.2386559429204209 0.04083463307012378 0.22050942400945533 
0.03609787685255958 0.3877983304000922 0.07610379274734819 
0.1392268150079984 0.0732823447898049 0.2874908402021967 
0.2538974147390284 0.22303144609706632 0.023071139163905297 
0.14644748525426807 0.16020248046302454 0.19335003428270736 
0.21506819686319792 0.2804816521440199 0.004450150992782231 
0.16516437474342946 0.2668209258300171 0.06801469942655342 
0.3705659829583869 0.01618178109442831 0.11325223594718481 
0.20180990405357035 0.06989028908482238 0.22829980686160728 
0.02240724606505757 0.1902900160016057 0.2873027379333367 
0.15381433714900847 0.01622394443990684 0.3299617184110847 
0.15755485214479378 0.18727633537007096 0.15516881248513525 
0.1428168652527352 0.2511442218544025 0.10603891289286232 
0.019720982686451085 0.31142998771729546 0.16884902959625347 
0.09545252520212628 0.40138849287659933 0.0031589819212743953 
0.1729606187699363 0.21973069559486277 0.1073086856352009 
0.09864437542627909 0.006263849670650161 0.39509177490307074 
0.08600471526627881 0.10026483453604448 0.3137304501976767 
0.18093118397778765 0.29413950608769907 0.024929309934513255 
0.10839703531000765 0.29982076761248644 0.09178219707750596 
0.3435191134943243 0.10758308751882287 0.048897798986852814 
0.027837130055642513 0.04057701778117846 0.431585852163179 
0.01173852420586289 0.1335110702217619 0.35475040557237525 
0.0038804003622277677 0.4844909616283439 0.011628638009428371 
0.23377475503833026 0.20798899796813744 0.058236246993532303 
0.033327099874504926 0.15677256709517068 0.3099003330303244 
0.055965690970219945 0.13528663994527018 0.3087476690845099 
0.2937805564061156 0.09666445292959874 0.10955499066428565 
0.264599899634022 0.1397681367756584 0.09563196359031961 
0.3354936644778993 0.030842242504743732 0.133664093017357 
0.06476373530817175 0.2958287325332247 0.13940753215860352 
0.351989381546723 0.06475551807937287 0.08325510037390416 
0.3809416279606713 0.07440994282587912 0.044648429213449525 
0.25918835680665914 0.022576602520754396 0.21823504067258648 
0.11840036649842416 0.14906127174853478 0.23253836175304105 
0.2289739600547709 0.07622786691826067 0.19479817302696845 
0.11170494384487982 0.0546038160675993 0.3336912400875209 
