0.5143920014030888 0.8309849119807114 0.21181346735496845 
0.7540052580099571 0.4924968834179406 0.4346526092374852 
0.9750408977666069 0.190392327857245 0.11421912788841078 
0.19059068979061697 0.12913929692502835 0.9731383411184901 
0.9456013412715153 0.2961763033317806 0.13460200864115227 
0.6683496783574255 0.6995266436660458 0.25292525030301505 
0.11703704051860743 0.05733096196805329 0.9914713772704 
0.42440206662887464 0.22341244225582113 0.8774792114269319 
0.7886369749044344 0.5447055684705803 0.28521494612085985 
0.7632432929086655 0.06647298957631088 0.6426826724649772 
0.40993067753687534 0.9110161356085849 0.0447933061400846 
0.30485982526119954 0.6628518327247445 0.683877134283022 
0.8953969697962394 0.2945189829736788 0.33395034832720605 
0.9209749796443165 0.1611796202205431 0.35471991330444413 
0.7345499537411246 0.6534384096236275 0.1829060149023438 
0.5038719598015945 0.5511821549502696 0.665064869159451 
0.0036229229214732816 0.6732702156801872 0.7393876460338374 
0.2525538510886209 0.29448623533677803 0.9216802099955705 
0.8687984183465277 0.4611065358411361 0.18047180079768524 
0.4357637557378746 0.7270319754598397 0.5305982056548868 
0.4028820624586763 0.8961628058807797 0.1859523301949502 
0.10798348214527748 0.9933322151312881 0.040381653831280055 
0.19384393561442986 0.8873502216893887 0.4183707837472665 
0.46413492323000566 0.8161109105547318 0.34429893219672253 
0.0555698134322689 0.8777547070104343 0.4758767384062072 
0.16562486859294542 0.2108737129347724 0.9633798213044908 
0.013442436424973414 0.023975408911583108 0.999622168957093 
0.16453227679567736 0.769265768763745 0.6173810062682166 
0.23135913986720527 0.972838551870171 0.0076223615143870055 
0.9206656623563284 0.30811575472544017 0.2396652245277899 
6.123233995736765E-17 7.114971408471984E-25 1.0 
0.6433810444674763 0.644512948262029 0.4131148643446842 
0.9887605303973416 0.04726550609206406 0.14183999951434423 
0.8422310356081926 0.444905427101766 0.3044766716741155 
0.25113477437783477 0.48538918243672563 0.8374536803140823 
0.8088537470987758 0.33206828017543516 0.48526927896333905 
0.9579261792899114 0.1762297346418763 0.2265403179548538 
0.11765073132812576 0.9198879785386771 0.37411817966784766 
0.9937594315361598 0.10581510508203162 0.03528959860082423 
0.24203489678964338 0.015386551472015966 0.9701455369014619 
0.4331467349412508 0.3955953535454891 0.8098692624510164 
0.34012795895259923 0.6855329035231151 0.6437061516918312 
0.3228077468118108 0.32199394610111776 0.8900084591016607 
0.8402127684228484 0.5419749936797499 0.017481704866756313 
0.8459744582339291 0.2474775639754198 0.47231564799888015 
0.5225186350839434 0.8495697063031538 0.07214977561979155 
0.9805589142698136 0.10094863763485928 0.16826642031513675 
0.6084375242592397 0.7935018286904785 0.012594718661179819 
0.8201779638752195 0.5625414085891259 0.10418863275838491 
0.9985070575425694 0.03862586450687372 0.038622514532032914 
0.6000392682599174 0.7894766473699552 0.1291491378352898 
0.7382130548099857 0.24583204166100273 0.6281783926568091 
0.8603675924298192 0.03389203199547814 0.5085459035954715 
0.16373153256874087 0.3957824416187286 0.9036305905341016 
0.007724550199347453 0.9996825217696245 0.02398305636365119 
0.1364857384969233 0.6438341153047263 0.7528939335369427 
0.03665130960806985 0.9590334259835048 0.28091203133784554 
0.5773926413887788 0.7336554454141584 0.3582840005976291 
0.05845198562366475 0.9919733368341472 0.11212610930010194 
0.7496110264577415 0.6583626815667212 0.06813140636481581 
0.09044047113215946 0.8133705315509092 0.5746728631021171 
0.7286776528379088 0.12468781996787742 0.6734105922884606 
0.3768967150487637 0.8078228397127498 0.4531789114950964 
0.339710653984062 0.07942235473213069 0.9371706147434011 
0.9402826109209954 0.3396427504257022 0.022614457385946505 
0.6509310742469077 0.3712841163131087 0.6621456347008275 
6.123233995736766E-17 1.0 0.0 
0.3378466120155582 0.9341823079855621 0.11473047631897033 
0.22122953355751485 0.9639869839008512 0.14760280604265083 
0.628460293383994 0.02507837330894454 0.7774372867517234 
0.5168475049541478 0.173940833132299 0.8382202832143317 
0.06404626772550401 0.0933635311356521 0.993569990813086 
0.5294224735304406 0.32998398774218457 0.7815512858121825 
0.0648796842391246 0.5509421365796106 0.8320176612994016 
0.8464064386483651 0.1435534703362986 0.51282408462259 
0.2143938697814144 0.5877509231309572 0.7801180173274156 
0.10271299628075686 0.2569278752273356 0.9609568706899371 
0.09094394282607589 0.9772084486444391 0.1918146166515381 
0.026143449785078432 0.7392038446540237 0.6729741422090787 
1.0 0.0 0.0 
0.17404524483771827 0.981925757877874 0.07436436488898122 
0.9160711698622466 0.39075721148150755 0.09012443299356596 
0.6077287433291831 0.46809024864906507 0.6415273132542283 
0.15893356068201325 0.9594282651574783 0.23288951738077227 
0.5438784807093338 0.6463204637603109 0.5352252388910331 
0.9792007560135849 0.20085583589570993 0.028684710370855487 
0.9555261793222085 0.04171289436749511 0.2919413555380418 
0.6454701615636971 0.2235438919160846 0.7303399201179851 
0.422092203141627 0.04454079551738478 0.9054580551200185 
0.24226960573254835 0.8244965709838551 0.5113813083933166 
0.7168053801537179 0.477315139432359 0.508291554770834 
0.3267704630355101 0.9036996746866174 0.2766730244509948 
0.9256077700774632 0.08509176926553925 0.36879485730618083 
0.5475907776528197 0.10200666272212808 0.8305052564492742 
0.030937448500533107 0.35192024497165614 0.9355185810337314 
0.04080400068544225 0.17157612601827407 0.9843254880925436 
0.09559230758537127 0.449340248051931 0.8882316433291112 
0.2661936885019928 0.9105529092237573 0.3162820255813733 
0.3936412829565523 0.4961714910328229 0.773860705707807 
0.3135762494912375 0.15326533972098585 0.9371124112907799 
