0.9316321658795375 0.36340267954240796 
0.9974862933073587 0.07085968292298428 
0.19842789261126806 0.9801154888245829 
0.559593243137444 0.8287673993557646 
0.9771763471927155 0.21242972128942178 
0.18464710420832064 0.9828048875069159 
1.0 0.0 
0.3008251669028644 0.953679306139052 
0.9928768609320014 0.11914503357595337 
0.9982369619572006 0.05935459360873819 
0.9184503261052981 0.3955363428018613 
0.973976412622295 0.2266493936797651 
0.9912779206576724 0.13178802683324942 
0.948683124938058 0.3162282853537316 
0.10673159968773971 0.9942878685914337 
0.9705050480406938 0.24108079916810163 
0.6394780166282396 0.768809382258836 
6.123233995736766E-17 1.0 
0.9112892526684551 0.4117668004720252 
0.980115480094533 0.19842793573250522 
0.24108224063122227 0.9705046899692085 
0.9583486414101363 0.28560091300159735 
0.8786878630728159 0.47739673154361717 
0.048072683237907164 0.9988438402104244 
0.27056261044925467 0.9627023807111338 
0.9988438496441997 0.04807248722455877 
0.059353779416318114 0.9982370103682787 
0.11914558942415156 0.9928767942301661 
0.9998792116357379 0.0155422694190821 
0.9536794825024464 0.3008246077930892 
0.25572169262039585 0.9667504413877244 
0.5919810622341485 0.805951873225771 
0.9993148398694282 0.03701149573766606 
0.7422175669439246 0.6701589985367956 
0.9627022424284509 0.27056310247931464 
0.9828046493458019 0.18464837184301258 
0.15776256790575433 0.9874770742492113 
0.7815661778942801 0.62382233814743 
0.9433501139358291 0.3317989791082218 
0.5758458461224537 0.8175582924192717 
0.14465984693874512 0.9894814443351926 
0.47739751465361124 0.8786874376036994 
0.9037375569033564 0.42808694005114495 
0.6079802796632445 0.7939521267309528 
0.5432504567746292 0.8395706886344692 
0.895790492981498 0.44447653783294866 
0.13178853239215743 0.9912778534446945 
0.6701585447283397 0.7422179766939049 
0.7284107913630237 0.6851406563807855 
0.8287672206509078 0.5595935078023775 
0.4938899739524236 0.8695244065748093 
0.7142850066728018 0.6998549344274393 
0.9996575247876107 0.026169316680176833 
0.9852550212245716 0.17109220657811622 
0.7688089997206088 0.639478476532711 
0.3475280334291227 0.9376695931834873 
0.8395701690106107 0.5432512598305638 
0.9252282555351249 0.3794109581435804 
0.6549314693330837 0.755688275995604 
0.7556886654465811 0.6549310199674202 
0.5268379769122181 0.849965732299274 
0.869524257366508 0.49389023664294357 
0.1710916691419516 0.9852551145516683 
0.9999868506705 0.005128204958384834 
0.9965836138293717 0.08258995487824068 
0.2266495186080887 0.9739763835508136 
0.8599507244624125 0.5103770679571838 
0.28559890601881305 0.9583492395159801 
0.37941123485724193 0.9252281420623255 
0.8175591459779958 0.5758446342788393 
0.9874770796541598 0.15776253407476756 
0.6851398160238362 0.7284115817989332 
0.41176595867350646 0.9112896330353419 
0.3162275451171404 0.9486833716837177 
0.07085963376963937 0.9974862967991253 
0.005129882045934316 0.9999868420685318 
0.3634023537668147 0.9316322929550794 
0.9376698752185826 0.3475272724658709 
0.9942878411752117 0.10673185509086311 
0.2124292690520172 0.9771764455051225 
0.460919870495198 0.8874417575157763 
0.037011813954940076 0.999314828083605 
0.7939521193553353 0.6079802892949503 
0.9955204081244687 0.09454690374460335 
0.5103772987896795 0.8599505874642741 
0.8874415991426676 0.4609201754220625 
0.09454713682087505 0.995520385988642 
0.08258996452266526 0.9965836130301085 
0.8059522912702688 0.5919804930875711 
0.8499655632258537 0.5268382496840538 
0.44447706913919943 0.8957902293558617 
0.3318001822968024 0.9433496907445345 
0.39553600470949585 0.9184504717068034 
0.6238203728760022 0.7815677465100805 
0.026169234547856874 0.9996575269376904 
0.9667503698015703 0.2557219632501814 
0.9894812750528635 0.14466100483461142 
0.6998547098575311 0.7142852267058525 
0.4280870518781949 0.9037375039325499 
0.015542316524460816 0.9998792109035238 
