0.7525478176340482 0.3217170195070552 4.345828622297379 
0.26078589417263554 0.1540085698340235 5.26755331676376 
0.16834371198959985 0.24087400253627309 5.238134017194952 
0.87070863819833 0.718055235492696 3.2596561890645197 
0.819281211187135 0.6434568562590318 3.8671597890760876 
0.840136438129002 0.1540085698340235 4.014530988086363 
0.7210682127947061 0.6916180527656411 4.072445774401367 
0.04182052533360825 0.07499424350908956 5.818423427614727 
0.636721675087148 0.8032614519776332 3.966124635988834 
0.837208713074588 0.28768096923044895 3.9887541425423816 
0.6738471670005796 0.6797862695520468 4.516957910989413 
0.0 0.0 6.0 
0.26510027009991544 0.8498511839373907 3.8865036503837502 
0.6649886183491582 0.03493851936838144 5.299291333915317 
0.26510027009991544 0.8303030582483031 3.981194437596215 
0.16439289686699654 0.7798604169650099 4.208489482553957 
0.0645589678121602 0.743366764292325 4.663399463274105 
0.7111409518500482 0.8367768110324837 3.3263162765616934 
0.7211705175427173 0.7605104750488373 3.579427836668864 
0.8789734316658969 0.8213922355951221 2.684535800147102 
0.10692044217465146 0.8615940071763122 4.109860480293685 
0.8361355871720212 0.7340360411032215 3.1631327275521275 
0.7766224066229936 0.8123218232961072 2.946303154488578 
0.7434658450953398 0.8367768110324837 3.0910622803365713 
0.047913691317939655 0.6231936773332906 5.589650327544765 
0.7932735631943715 0.06926315566975039 4.357990007035122 
0.2519421940925618 0.6428444755367871 5.073475125753693 
0.8376051612382813 0.6788026179709953 3.569194479167658 
0.7190920757601919 0.16736765218629518 4.605155782562532 
0.26510027009991544 0.7393412853723889 4.368859142303196 
0.7111409518500482 0.2967884019432121 4.602427825154893 
0.599958228569888 0.6916180527656411 4.900114491923407 
0.8789734316658969 0.7870995466750963 2.821474142732894 
0.6732134960558764 0.8367768110324837 3.735585799579194 
0.7190920757601919 0.16736765218629518 4.605155782562532 
0.636721675087148 0.8032614519776332 3.966124635988834 
0.6939075302617184 0.2553864589734025 4.703314396689229 
0.26510027009991544 0.83945648487012 3.8984130708188185 
0.7005736758350867 0.8605782322026425 3.3863967719751216 
0.0 0.0 6.0 
0.26510027009991544 0.8303030582483031 3.981194437596215 
0.7525478176340482 0.3217170195070552 4.345828622297379 
0.6466549301542271 0.6602972252162986 4.853903373871981 
0.837208713074588 0.28768096923044895 3.9887541425423816 
0.7766224066229936 0.8123218232961072 2.946303154488578 
0.8376051612382813 0.6788026179709953 3.569194479167658 
0.6738471670005796 0.718055235492696 4.228195019257505 
0.2132287608139043 0.7870995466750963 4.093096859092853 
0.33004092764436865 0.7319639878682144 4.50519590522317 
0.7926426740932874 0.8367768110324837 2.799770433899994 
0.819281211187135 0.6434568562590318 3.8671597890760876 
0.8789734316658969 0.8335796683203769 2.6549668967150826 
0.26078589417263554 0.11794469281597225 5.350804288003469 
0.11058678786178333 0.6231936773332906 5.452389439870089 
0.8051915098338529 0.7340360411032215 3.2483577370752297 
0.7434658450953398 0.8367768110324837 3.0910622803365713 
0.10692044217465146 0.8615940071763122 4.109860480293685 
0.2519421940925618 0.6428444755367871 5.073475125753693 
0.04182052533360825 0.07499424350908956 5.818423427614727 
0.7932735631943715 0.0 4.469323950636501 
0.0645589678121602 0.743366764292325 4.663399463274105 
0.8899454167817703 0.24087400253627309 3.942820314949507 
0.16834371198959985 0.24087400253627309 5.238134017194952 
0.6939075302617184 0.662229536556584 4.495346147911814 
0.6952685185518969 0.06705957099487786 5.012895447893758 
0.7525478176340482 0.3217170195070552 4.345828622297379 
0.26510027009991544 0.8498511839373907 3.8865036503837502 
0.16439289686699654 0.7798604169650099 4.208489482553957 
0.16834371198959985 0.24087400253627309 5.238134017194952 
0.04182052533360825 0.07499424350908956 5.818423427614727 
0.7932735631943715 0.06926315566975039 4.357990007035122 
0.7434658450953398 0.8367768110324837 3.0910622803365713 
0.26510027009991544 0.8303030582483031 3.981194437596215 
0.819281211187135 0.6434568562590318 3.8671597890760876 
0.2519421940925618 0.6428444755367871 5.073475125753693 
0.6649886183491582 0.03493851936838144 5.299291333915317 
0.8043372910927202 0.28768096923044895 4.0134983396596144 
0.6466549301542271 0.6602972252162986 4.853903373871981 
0.8361355871720212 0.7340360411032215 3.1631327275521275 
0.8376051612382813 0.6788026179709953 3.569194479167658 
0.26078589417263554 0.1540085698340235 5.26755331676376 
0.10692044217465146 0.8615940071763122 4.109860480293685 
0.8425760734462217 0.8512356551377559 2.649813238949146 
0.7210682127947061 0.6916180527656411 4.072445774401367 
0.6732134960558764 0.8367768110324837 3.735585799579194 
0.6328561238485646 0.7319639878682144 4.41088862958286 
0.636721675087148 0.8032614519776332 3.966124635988834 
0.0 0.0 6.0 
0.7111409518500482 0.8367768110324837 3.3263162765616934 
0.33004092764436865 0.7319639878682144 4.50519590522317 
0.7766224066229936 0.8123218232961072 2.946303154488578 
0.0645589678121602 0.743366764292325 4.663399463274105 
0.7190920757601919 0.16736765218629518 4.605155782562532 
0.8899454167817703 0.24087400253627309 3.942820314949507 
0.8789734316658969 0.7870995466750963 2.821474142732894 
0.6738471670005796 0.6797862695520468 4.516957910989413 
0.6732134960558764 0.8367768110324837 3.735585799579194 
0.8051915098338529 0.7340360411032215 3.2483577370752297 
0.0 0.0 6.0 
0.7766224066229936 0.8123218232961072 2.946303154488578 
