0.24744899999999997 0.252551 
0.0 0.5 
0.4260205 0.07397949999999998 
0.21683649999999996 0.2831635 
0.19642849999999998 0.3035715 
0.0739795 0.4260205 
0.3137755 0.18622450000000002 
0.267857 0.232143 
0.15561199999999994 0.344388 
0.278061 0.221939 
0.40051 0.09949000000000002 
0.375 0.125 
0.16581649999999998 0.3341835 
0.4821428553952332 0.017857144604766784 
0.385204 0.11479600000000001 
0.380102 0.119898 
0.2015305 0.2984695 
0.227041 0.272959 
0.272959 0.227041 
0.4413265 0.05867349999999999 
0.369898 0.130102 
0.23214299999999996 0.267857 
0.4209185 0.07908150000000003 
0.45663263693255957 0.043367363067440434 
0.26275499999999996 0.23724500000000004 
0.405612 0.09438800000000003 
0.47704080921069025 0.022959190789309747 
0.2882655 0.2117345 
0.048469409694126234 0.4515305903058738 
0.12499999999999997 0.375 
0.4719388099975286 0.028061190002471426 
0.3392855 0.16071449999999998 
0.390306 0.10969400000000001 
0.11989799999999999 0.380102 
0.10969400000000004 0.39030599999999993 
0.237245 0.26275499999999996 
0.364796 0.135204 
0.06377549999999996 0.4362245 
0.43622449999999996 0.06377550000000004 
0.395408 0.10459200000000002 
0.344388 0.15561199999999997 
0.3035715 0.1964285 
0.15050999999999998 0.34949 
0.3341835 0.16581649999999998 
0.4617346847381719 0.03826531526182808 
0.5 0.0 
0.3239795 0.17602050000000002 
0.09949000000000001 0.40051 
0.19132650000000004 0.30867349999999993 
0.130102 0.369898 
0.4668367347129685 0.03316326528703151 
0.354592 0.14540799999999998 
0.17091849999999995 0.3290815 
0.007653048194547294 0.4923469518054527 
0.30867349999999993 0.19132650000000007 
0.012755097423255871 0.48724490257674413 
0.1760205 0.3239795 
0.257653 0.24234699999999998 
0.053571499999999966 0.4464285 
0.2831635 0.2168365 
0.49234695226976166 0.007653047730238338 
0.1862245 0.3137755 
0.14540799999999995 0.354592 
0.140306 0.359694 
0.18112250000000002 0.3188775 
0.45153059032759524 0.04846940967240476 
0.359694 0.140306 
0.2984695 0.2015305 
0.10459199999999999 0.395408 
0.22193899999999997 0.278061 
0.3290815 0.17091849999999997 
0.24234699999999995 0.257653 
0.2933675 0.2066325 
0.04336736306744042 0.45663263693255957 
0.13520399999999996 0.364796 
0.03316326602102324 0.46683673397897674 
0.4107145 0.08928550000000002 
0.06887749999999997 0.4311225 
0.3188775 0.18112250000000002 
0.017857144603859093 0.4821428553961409 
0.0025510199238737326 0.49744898007612626 
0.25255099999999997 0.24744900000000003 
0.34949 0.15050999999999998 
0.05867349999999995 0.44132650000000007 
0.11479599999999998 0.385204 
0.02295919078840207 0.4770408092115979 
0.4464285 0.053571499999999994 
0.20663249999999997 0.2933675 
0.08418350000000001 0.4158165 
0.1607145 0.3392855 
0.4311225 0.06887749999999998 
0.08928549999999999 0.4107145 
0.4974489801649457 0.002551019835054291 
0.2117345 0.2882655 
0.4872449026655636 0.012755097334436416 
0.094388 0.405612 
0.038265315656404286 0.4617346843435957 
0.02806118726653756 0.47193881273346244 
0.0790815 0.4209185 
0.4158165 0.08418350000000002 
