0.5295056878902361 0.3299805026700824 0.7814963815336564 
0.026199489672059803 0.7391946120099402 0.6729821040090126 
0.9555013164951445 0.0417311152835597 0.29202011607633466 
0.7540306025302894 0.4925195170564499 0.43458299065459277 
0.21432935964424463 0.5877486370327064 0.7801374656178768 
0.24231150653235986 0.824480087697324 0.5113880315304916 
0.3047989600344835 0.6628515577449167 0.6839045301480571 
6.123233995736766E-17 0.0 1.0 
0.9791875884070402 0.20091657025517154 0.02870885763146308 
0.73830383154754 0.24577661566811138 0.6280933907572592 
0.8604234716216292 0.033902678717378766 0.5084506444664708 
0.9887639936654826 0.047267960304220785 0.14181503714121466 
0.9937560763607426 0.10585015818806537 0.035278955592017026 
0.5774408258802013 0.7336261368677448 0.35826635888860686 
0.1906550994624087 0.12916128346920397 0.9731228061768807 
0.6683257981919034 0.6995227053497635 0.25299923353896386 
0.5169462762975123 0.17396764495849357 0.8381538080386747 
0.04078823730737612 0.17157847449094163 0.9843257320565781 
0.10812846209801993 0.9933164980163882 0.040380322598155695 
0.7169656314311196 0.4772902988045702 0.5080888249249537 
0.6084461593213082 0.7934952176425637 0.012594077398904512 
0.7287576291451843 0.12468827893660578 0.6733239569913707 
0.5999090715202747 0.7895665620533255 0.12920429557477572 
0.8459410576129514 0.24743095451985458 0.4723998833510388 
0.78869541666669 0.5445940546174682 0.28526628858772946 
0.25134193537022487 0.4857619022018527 0.8371753734395126 
0.808894857571929 0.33200959527566687 0.485240907218854 
0.05840367310117764 0.9919759528435135 0.11212814075831033 
0.22098061593986723 0.9640374815686308 0.14764586519658718 
0.7495638980082706 0.6584174345557322 0.06812080942010587 
0.9985076814403813 0.03861332056567575 0.0386189277355879 
6.123233995736766E-17 1.0 0.0 
0.16379114930068228 0.3959419557847508 0.9035499029163293 
0.3267427387916862 0.9037199417003104 0.27663956625923075 
0.3377770277172828 0.9342068984769253 0.11473513143149236 
0.15913743986546694 0.9594040733190169 0.23284995025187055 
0.8688148515085582 0.46109355757517795 0.18042584338400156 
0.9456177091733602 0.2961205366958833 0.13460971675428365 
0.09040667704673187 0.8133171915038337 0.574753667887108 
0.3401184099988386 0.685396930509451 0.6438559736680903 
0.8202059113644514 0.5625047970408285 0.10416629142321404 
0.9210129892865496 0.16121279921347131 0.3546061292972966 
0.7632484172104582 0.06646355552647515 0.6426775625556795 
0.9805640896730847 0.10094919500028007 0.16823592384621688 
0.916025757276302 0.3908485706366711 0.09018983777371337 
0.9403276614330632 0.33951853907572443 0.022606431998707592 
0.4640871530586875 0.8160350857170896 0.34454296284344543 
0.2661423739538105 0.9105553735850642 0.31631811269921634 
0.5038109720132952 0.5511350158263486 0.6651501325333321 
0.3136676486986906 0.1533490356361057 0.9370681295558564 
0.8464661694347309 0.14355956474191825 0.5127237807767061 
0.03093822006077097 0.3520545645782495 0.9354680166093817 
0.4330761493836448 0.3955586691102785 0.8099249274634904 
0.19425345640185954 0.8873486523893299 0.4181841266461113 
0.9206496664298206 0.3081510675835302 0.2396812701279467 
0.4100020103136583 0.910983942505675 0.04479517870904786 
0.895388967696369 0.29460719221484327 0.33389399339149106 
0.4248242492065316 0.2235922801650621 0.8772290747214749 
0.05557687775207449 0.8777496258103797 0.47588528559839854 
0.8401794295087626 0.5420268707393701 0.017475629511306066 
0.6285802566659114 0.025083556651114412 0.7773401289754358 
0.5437068019129825 0.6462542730423766 0.5354795310075132 
0.42208991060473605 0.04453021476600242 0.9054596442352246 
0.33964952824223527 0.07942232207914673 0.9371927724435263 
0.6511194811488699 0.3713211736002052 0.6619395797990877 
0.3768400736389502 0.807844813673502 0.4531868443820613 
0.0036771973849374666 0.6732129554398077 0.7394395139883935 
0.03672297347467709 0.9590323894290766 0.28090621076283456 
1.0 0.0 0.0 
0.8422556150914783 0.44491348612478965 0.3043968934004956 
0.16467396497574 0.7691455572991464 0.6174929934389171 
0.11768018682043954 0.9199198957428727 0.37403042529496 
0.6433608961003436 0.644519969352245 0.41313528834407753 
0.1656329255337863 0.21099443286948363 0.9633520038270328 
0.393982968470624 0.4960119151496536 0.7737891189365795 
0.5476306816666537 0.10199790051510652 0.8304800207035847 
0.5225641366584073 0.8495556740196253 0.07198527502113905 
0.24223930596647733 0.015395307424589597 0.9700943784777756 
0.23135168012600676 0.972840071915296 0.0076547095774895475 
0.32265211387610476 0.3219318563291334 0.890087351495211 
0.9750222822197224 0.19045235736621643 0.11427794515432568 
0.06407334465821966 0.09339325128783421 0.9935654518541778 
0.11706566627484888 0.05736288687757821 0.9914661512067348 
0.6455359025613217 0.22353711166417112 0.7302838887810545 
0.95791940976831 0.17621225954505623 0.22658253236990328 
0.40298787051582136 0.8961090571715526 0.1859820794384088 
0.09095350836193959 0.977213312040492 0.19178530206328764 
0.6076590365281009 0.4681559688871394 0.6415453874209399 
0.13647497320642563 0.6438032388568454 0.7529222877068662 
0.4357677940325514 0.7270542177808454 0.5305644108787234 
0.17400838651000836 0.9819401019860047 0.07426114418656889 
0.7344970487280817 0.6534818354386205 0.1829633191694705 
0.9256238402099867 0.08506560075551445 0.36876055917494843 
0.013451953082252931 0.02399105292231009 0.999621665600517 
0.008007623600326388 0.9996801081556241 0.023990817456585566 
0.09552022100121597 0.449344873820967 0.8882370583074645 
0.10269849481678921 0.2568931460871861 0.9609677053136559 
0.5143808590870913 0.8309910640921054 0.21181639030985383 
0.2526365623762845 0.29452578001616525 0.9216449057291877 
0.06488650655693592 0.5510504554413506 0.8319453929343661 
