0.684847843370204 0.6848454278924216 0.2492022036422182 
0.4142568080673956 0.41425680806739557 0.8104212447484493 
0.5990540292008033 0.599727024347107 0.531876764577959 
0.27243848962811046 0.2724384896281105 0.9227971276170664 
0.6437705330697293 0.6437705330697296 0.4136653254772903 
0.7094132442694988 0.7068469521543357 0.05498102380515547 
0.07880176461253129 0.07880176461253127 0.9937708809317681 
0.3222883464838934 0.3222883464838933 0.8900901322008664 
4.329780281177467E-17 4.329780281177466E-17 1.0 
0.18836980436289155 0.18836980436289164 0.963863908240459 
0.6954071163962291 0.695407116396229 0.18115707253917224 
0.45278938222685033 0.4527893822268505 0.7680908479374391 
0.01871726753022073 0.01871726753022074 0.9996496025070009 
0.5281265985480854 0.5285152026349774 0.6665440309567788 
0.15827022854091696 0.15805908049835746 0.9757083462403726 
0.12201074483892337 0.12201074483892335 0.9850008915161967 
0.25031692460126004 0.2503169246012599 0.9352448206305848 
0.6757331029179332 0.6757665305317244 0.2945969394115727 
0.599695771759788 0.5990853152660182 0.531876764577959 
0.4944821164928394 0.49448211649283935 0.7148250645700136 
0.45933272125027275 0.46021891086952504 0.761781797764491 
0.4260679022321265 0.4259194559923839 0.7984375954487188 
4.329780281177467E-17 4.329780281177466E-17 1.0 
0.10836105782143664 0.10838728698309462 0.9887608505152828 
0.6639707752617878 0.6605569808605615 0.3597261880970873 
0.15989281544478406 0.15989281544478404 0.9740988528574913 
0.12201074483892337 0.12201074483892335 0.9850008915161967 
0.19555127418174084 0.19555127418174087 0.9609991666655053 
0.010498635690236551 0.01049863569023655 0.9998897725736011 
0.7070490679649639 0.7070490679649638 0.012776187997675144 
0.6947241399508384 0.6947241399508383 0.1863242838149021 
0.3106680684660524 0.31065575484875796 0.8983478291600964 
0.12201074483892337 0.12201074483892335 0.9850008915161967 
0.5041212235135561 0.5042432477659267 0.701953332800057 
0.45278938222685056 0.45278938222685045 0.7680908479374393 
0.3106680684660524 0.31065575484875796 0.8983478291600964 
0.09754770458044407 0.09754770458044405 0.9904387364507574 
4.329780281177467E-17 4.329780281177466E-17 1.0 
0.1883698043628916 0.18836980436289158 0.963863908240459 
0.6954071163962291 0.695407116396229 0.18115707253917224 
0.6475156924162533 0.6470760831607507 0.40369537580519277 
0.42352369099422654 0.42349907630123407 0.8008434434792927 
0.15989281544478406 0.15989281544478404 0.9740988528574913 
0.605556014482768 0.5990492642735957 0.5418363030444385 
0.23131695786822104 0.231316957868221 0.9449787987067135 
0.6691596100487671 0.6688115481873664 0.3249723305773858 
0.010498635690236553 0.010498635690236548 0.9998897725736011 
0.7055872074909524 0.7055565627710306 0.06638749880923456 
0.12201074483892337 0.12201074483892335 0.9850008915161967 
0.6354602214190679 0.6335282424859916 0.44578074652148497 
0.2231959054785287 0.22319590547852863 0.9488767968262475 
0.7070490679649639 0.7070490679649638 0.012776187997675144 
0.6853114672000858 0.6837640508012826 0.25631881010310176 
0.2840298563152519 0.28402985631525185 0.9157805858627247 
0.45933272125027275 0.46021891086952504 0.761781797764491 
0.6954071163962291 0.695407116396229 0.18115707253917224 
0.040693790797468064 0.040693817771417805 0.9983430635583198 
0.493040455023789 0.4930404550237889 0.7168139364018188 
0.07880176461253129 0.07880176461253127 0.9937708809317681 
0.42352369099422654 0.42349907630123407 0.8008434434792927 
0.5884741869747546 0.5884874413648324 0.5545699991673512 
0.3156239523392863 0.31562395233928614 0.8948536424575007 
4.329780281177467E-17 4.329780281177466E-17 1.0 
0.15989281544478406 0.15989281544478404 0.9740988528574913 
0.19555127418174084 0.19555127418174087 0.9609991666655053 
0.12201074483892337 0.12201074483892335 0.9850008915161967 
0.13306853027329366 0.13306853027329366 0.9821331541607844 
0.7086713807699532 0.7023620132846022 0.12632038272229743 
0.26382785581727203 0.26278693945326204 0.9318157420540882 
0.5738136669853147 0.5738136669853144 0.5843592654880502 
0.07880176461253129 0.07880176461253127 0.9937708809317681 
4.329780281177467E-17 4.329780281177466E-17 1.0 
0.7071067811865477 0.7071067811865476 0.0 
0.02624557337816328 0.026245573378163266 0.9993109324710219 
0.34441277833300904 0.344412778333009 0.8733611373549176 
0.5288439586582553 0.527797395693582 0.6665440309567788 
0.45967404115706956 0.45987799536338037 0.761781797764491 
0.42352369099422654 0.42349907630123407 0.8008434434792927 
0.6508312785693421 0.650831278569342 0.3909441055593381 
0.493040455023789 0.4930404550237889 0.7168139364018188 
0.1883698043628916 0.18836980436289158 0.963863908240459 
0.6508194785310645 0.6489745147590651 0.39861064809168606 
4.329780281177465E-17 4.3297802811774677E-17 1.0 
0.5936376165181483 0.5936376165181481 0.5433127649055418 
0.10268087417848439 0.10268087417848437 0.9894004629854812 
0.010498635690236553 0.010498635690236548 0.9998897725736011 
0.4260679022321265 0.4259194559923839 0.7984375954487188 
0.45278938222685056 0.45278938222685045 0.7680908479374393 
0.23131695786822104 0.231316957868221 0.9449787987067135 
0.34441277833300904 0.344412778333009 0.8733611373549176 
0.12201074483892337 0.12201074483892335 0.9850008915161967 
0.6954071163962291 0.695407116396229 0.18115707253917224 
0.15989281544478406 0.15989281544478404 0.9740988528574913 
0.7055809799692497 0.7055627905082471 0.06638749880923456 
0.456483994212045 0.45648399421204494 0.7637046065439408 
0.4142568080673956 0.41425680806739557 0.8104212447484493 
0.06633048397079293 0.06631288664527595 0.9960681367234465 
0.23131695786822104 0.231316957868221 0.9449787987067135 
4.329780281177467E-17 4.329780281177466E-17 1.0 
0.3222883464838934 0.3222883464838933 0.8900901322008664 
