0.9316323393149034 0.3634022349169591 
0.9874770174264462 0.15776292357385474 
0.7815672856663329 0.6238209502542862 
0.8786877182992393 0.4773969980111697 
0.8059515430160269 0.5919815117975268 
0.0708589023474459 0.9974863487577738 
0.8695243648934566 0.49389004733506314 
0.9583486414106034 0.28560091300003 
0.7422172065792082 0.670159397649363 
0.9486830341580228 0.3162285576932099 
0.8287671030553319 0.5595936819633267 
0.9912777998693404 0.13178893537091815 
0.9252286885528092 0.379409902188713 
0.5919808860270519 0.8059520026519114 
0.7939522592056327 0.6079801066665519 
0.9955204928877684 0.09454601123524273 
0.30082520290850484 0.9536792947815617 
0.0825897470656533 0.9965836310514193 
0.31622801557257607 0.9486832148652313 
0.6701581525980913 0.7422183307533663 
0.14466107217889168 0.9894812652072061 
0.6851407743734401 0.7284106803795253 
0.8175591162609154 0.5758446764698542 
0.3317996277556963 0.943349885790623 
0.9974862931259316 0.07085968547692015 
0.04807240206945678 0.9988438537425519 
0.9999868448497002 0.005129339873851148 
0.2557214873468102 0.9667504956860044 
0.7142847385949445 0.6998552080325986 
0.9433501823206064 0.33179878468083424 
0.9942880069404284 0.10673031085137272 
0.9112893561411082 0.4117665714745728 
0.19842778733575236 0.9801155101379824 
0.9852549699527776 0.17109250183263833 
0.5103766085210507 0.8599509971356217 
0.03701230430754922 0.9993148099222013 
0.8874420876500068 0.4609192348637641 
0.4280875175642886 0.9037372833438072 
0.10673166277324637 0.9942878618195327 
0.9037377988835166 0.42808642920463685 
0.65493189386792 0.755687908064288 
0.46091963687534304 0.887441878853315 
0.728411655247839 0.6851397379360675 
0.5432518550982773 0.8395697838371032 
0.973976438805244 0.2266492811642136 
0.6079804164870763 0.7939520219561136 
0.34752762872487936 0.9376697431787284 
0.4117675227079928 0.9112889263251928 
0.3955360167530192 0.9184504665201904 
0.9627020973966268 0.27056361852277117 
0.9996575202778049 0.026169488952408056 
0.768808671948045 0.6394788705950207 
0.8957903431151573 0.44447683987090797 
0.4773978562928247 0.8786872519884509 
0.4444768004049176 0.8957903626975494 
0.2410814663501831 0.9705048823073718 
0.9894812449353679 0.14466121083813188 
0.9705049200164665 0.24108131454725376 
0.6238196837844864 0.7815682965186238 
0.9965836325232321 0.08258972930576479 
0.9801156476134153 0.19842710828749074 
0.37940991867700136 0.9252286817914321 
0.2856008632867962 0.958348656225821 
6.123233995736766E-17 1.0 
0.131788792292392 0.9912778188914109 
0.36340223713779823 0.9316323384486197 
0.026168676931506072 0.999657541534927 
0.6998552095344633 0.7142847371234194 
0.27056429508086643 0.9627019072523924 
0.49388993819451277 0.8695244268853063 
0.9828047510502648 0.18464783051264677 
0.1577623051839559 0.9874771162224694 
0.5758453303221511 0.8175586557221277 
0.7556872113658297 0.654932697746979 
0.9536792050644006 0.3008254873306662 
0.8499656604427549 0.5268380928407811 
0.18464772560030815 0.9828047707610262 
0.8599511342129235 0.5103763775547479 
0.9771763243602359 0.21242982631876084 
0.8395704874579017 0.5432507676844105 
1.0 0.0 
0.9184501559555145 0.39553673789585087 
0.21242923414456322 0.9771764530936847 
0.5595945053947459 0.8287665470637734 
0.9376696865664668 0.34752778147127183 
0.059354662192611034 0.9982369578792407 
0.005127397853997056 0.9999868548092254 
0.22664922787905653 0.9739764512049701 
0.9982370565611414 0.059353002520080377 
0.9998792136137485 0.01554214216740688 
0.6394781118145577 0.768809303085029 
0.9993148637432155 0.0370108511369116 
0.9667504969526626 0.25572148255823174 
0.5268379452429717 0.8499657519289607 
0.9928768152211845 0.11914541449941665 
0.17109164282061767 0.9852551191224241 
0.11914556980167997 0.9928767965848698 
0.015542101960700527 0.9998792142387215 
0.9988438123951376 0.048073261174452694 
0.09454670095638636 0.9955204273837196 
