0.4099999114058864 0.9109849948217078 0.04479298892526054 
0.06484378272155761 0.550910968929197 0.8320410976363204 
1.0 0.0 0.0 
0.32265079945644504 0.3219533873959371 0.8900800401954864 
0.3268147402726325 0.9037037770448978 0.276607318947489 
0.39403102725918526 0.4958944899804184 0.7738399087434896 
0.9255317317161635 0.08504513002738417 0.36899639489445574 
0.09024285481458391 0.8132697951493285 0.5748464729409789 
0.0036155891377864604 0.6733451604317755 0.7393194319360835 
0.9159926446304564 0.3909212203977818 0.09021127659894766 
0.19401436562815225 0.8873725510667753 0.41824440407870317 
0.7633476685390178 0.06649606520239651 0.64255630901007 
0.6434024207837815 0.6445387474986813 0.4130413150066236 
0.06399420206051172 0.09328728369975882 0.993580507459038 
0.5999138301492126 0.7895643555632038 0.1291956842149339 
0.21434427692608612 0.5878408652346084 0.7800638743777722 
0.8954263470309314 0.29450650813572365 0.3338825747303166 
0.33784046077307317 0.9341919528615013 0.11467004087141838 
0.2208487688701118 0.9640749445349432 0.14759851831404874 
0.9555022219887529 0.04172410361684789 0.2920181551751994 
0.16449884093852618 0.7691030997428036 0.6175925463409457 
0.8688085338817837 0.4611086858144698 0.1804176025797912 
0.09533152766119402 0.44909511634802896 0.8883836312686844 
0.3138174827294929 0.15336757700592457 0.9370149272325689 
0.40304627137574384 0.8960916600120119 0.18593934491394634 
0.5167268832472017 0.17388334461259256 0.8383065731556515 
0.1169627882585747 0.9200700125504441 0.3738861834411722 
0.007857661231486904 0.9996814085753797 0.02398621497268496 
0.9578988246991432 0.17629183260021802 0.22660765962000656 
0.1906106009002587 0.12913460845811536 0.9731350634535842 
0.24217741633843673 0.015399775126282211 0.9701097597394327 
0.840154109181777 0.542066022141973 0.01747857157073549 
0.5225739204200126 0.8495472138597416 0.0720140897325588 
0.3047342672405496 0.6630479951031979 0.6837429213958967 
0.9206475297846305 0.30820193758620185 0.23962406300196437 
0.46380229994966177 0.8161741251701576 0.3445971908825324 
0.608403750412436 0.7935276434620322 0.012599823239897098 
0.013423320815563106 0.02394410751938418 0.9996231760885614 
0.577446573653345 0.7335621072240002 0.35838818259130256 
0.6285705391848438 0.02507939882003171 0.7773481208723032 
0.16373555153896588 0.395944776051826 0.9035587437900758 
0.17388439821436705 0.9819619883750602 0.07426216697704048 
0.8088333804341754 0.3321904487945485 0.48521960845075235 
6.123233995736765E-17 7.842689971568181E-25 1.0 
0.42483490271557817 0.22356508421677948 0.8772308467865169 
0.7496025928720577 0.6583741609708995 0.06811326541395843 
6.123233995736766E-17 1.0 0.0 
0.9985078102782516 0.038606597810402696 0.03862231762643556 
0.8202445262609573 0.5624525684034462 0.10414425301141365 
0.37681795701022147 0.8078811217076204 0.4531405085214522 
0.16566223542051361 0.21102480266309484 0.9633403118402555 
0.6681692454689016 0.6996659880706289 0.2530165301846294 
0.9403268795118244 0.33951876410514775 0.022635558046317034 
0.24232392765370023 0.8244865220482138 0.5113717718522649 
0.2525648136673408 0.29447444924412874 0.9216809717247877 
0.2312287678361844 0.9728692612106625 0.007658819516086499 
0.5476228000476359 0.1020189034368308 0.8304826381144486 
0.7383039177744165 0.24581854589747276 0.628076880239832 
0.9210280927236467 0.16118741237718073 0.3545784405529899 
0.09094312258610737 0.977197100035592 0.1918728123948723 
0.980564648993379 0.10094741872687743 0.16823372966463024 
0.7541425067666151 0.49243977222481516 0.43447917121415447 
0.8464755033103009 0.14350051410429324 0.512724901625986 
0.7887406132598904 0.5445886248253657 0.28515166965183547 
0.13636338830629685 0.64379377155157 0.7529506000004459 
0.43587404003283015 0.7269999687830668 0.5305514740483519 
0.43293236853300604 0.3954874059133243 0.8100365893219585 
0.11697911611063515 0.05733112632281033 0.9914782036679034 
0.025965500160913046 0.7392599065907094 0.672919447860507 
0.8422973688186672 0.44482720442064866 0.3044074583325127 
0.8604476161710646 0.03390682035286038 0.5084095075419928 
0.6511271343324146 0.37116834144569427 0.662017762030983 
0.7344372524179908 0.6535459846319364 0.18297422832788776 
0.7287352325754369 0.12472361073623595 0.6733416530470546 
0.6452975142545718 0.22344043038251257 0.7305241215506497 
0.4219543312500955 0.04451606514395631 0.9055235293924635 
0.5437135524119271 0.6462654645643584 0.535459169531176 
0.975024377127398 0.19047281569136262 0.1142259624163191 
0.030951126543019233 0.35203722107462865 0.9354741165546865 
0.10261240126966215 0.25681564010763824 0.9609976181561422 
0.2513072174091923 0.48575079648975455 0.8371922396843021 
0.03662514156718881 0.9590269397019356 0.28093758725226436 
0.5144345726739804 0.8309604511321338 0.2118060412075638 
0.04074626852719319 0.17156924510153315 0.9843290789854783 
0.7169815331638213 0.47729374701595234 0.5080631458406809 
0.8459612714306057 0.24747140460500544 0.47234249347516827 
0.6076594914906766 0.46821862920342655 0.6414992265530467 
0.5296046544893627 0.32998403255847353 0.7814278266095027 
0.10755051957978215 0.9933797507595875 0.04036776584031683 
0.503761612859231 0.5511746674193263 0.665154661266582 
0.05546742631565946 0.8777663396003074 0.47586722694738587 
0.9887672751938645 0.04728291237930515 0.1417871704444087 
0.15914683068416743 0.9594048247235162 0.23284043587921774 
0.2662142519382411 0.910535688314288 0.3163142936558331 
0.058326410568357585 0.9919816840675055 0.11211765384990675 
0.3396828399572848 0.0794399099855197 0.9371792085508759 
0.3401281514508783 0.6854583802182632 0.6437854064664434 
0.9937537253664386 0.10587292545142633 0.03527686177484783 
0.9791746651152429 0.20098125860622593 0.02869684452181544 
0.9455912766697376 0.2962171464335141 0.1345828356250615 
