0.998843830640589 0.04807288207747055 
0.8287667329934906 0.5595942300303822 
0.6394778147721734 0.7688095501580388 
0.0825896164299266 0.9965836418775684 
0.5432512351011047 0.8395701850120241 
0.8786875722615023 0.4773972668053171 
1.0 0.0 
0.33180027279490887 0.9433496589140339 
0.8874423287583626 0.46091877063961534 
0.8395702799597012 0.5432510883637408 
0.09454730137285568 0.9955203703607025 
0.17109191342276373 0.9852550721317488 
0.987477126093169 0.15776224340055434 
0.9828047479268729 0.184647847137181 
0.9583485613890745 0.2856011815162733 
0.3162275875419065 0.948683357542139 
0.015542026467489922 0.9998792154121836 
0.9433501094934601 0.33179899173848737 
0.9486834757428073 0.3162272329394581 
0.0593546317424917 0.9982369596897889 
0.9993148382435992 0.03701153963521377 
0.8059516216247499 0.5919814047758899 
0.9912778640878765 0.13178845233698303 
0.18464847476630666 0.9828046300086689 
0.9739762250867989 0.22665019957120952 
0.8957902796079229 0.4444769678621822 
0.9801153850196154 0.1984284053452308 
0.9112890784390022 0.41176718606245705 
0.2856016224566096 0.9583484299826197 
0.9999868511867838 0.005128104283367411 
6.123233995736766E-17 1.0 
0.7815667869566015 0.6238215750728201 
0.5103772455930363 0.8599506190362709 
0.670159242673098 0.7422173465096459 
0.9928767220586655 0.11914619084989479 
0.5595946278128212 0.8287664644054018 
0.970504993068768 0.2410810204653002 
0.03701197668453194 0.9993148220565448 
0.5758444122146631 0.8175593023879975 
0.3955362880089797 0.9184503497021913 
0.9852550659639053 0.17109194894109034 
0.41176642753761294 0.911289421179085 
0.999657526137243 0.026169265124707398 
0.7939519864394405 0.6079804628677359 
0.9037371219237246 0.42808785833870944 
0.22664907618206687 0.9739764865056115 
0.15776152949931324 0.9874772401478615 
0.347527788127378 0.9376696840995192 
0.11914498677592045 0.9928768665479953 
0.07085952707300562 0.9974863043786566 
0.8175583620116852 0.5758457473184726 
0.9942878383637124 0.10673188128209928 
0.49388788806471284 0.8695255913559863 
0.7142851351260399 0.6998548033256433 
0.048073246157328144 0.9988438131178953 
0.997486299490719 0.0708595958802454 
0.9982369527784548 0.05935474797844757 
0.36340149274532607 0.931632628813777 
0.9771768897125059 0.2124272256839808 
0.0051286609867956965 0.9999868483317581 
0.5919810319090072 0.8059518954999405 
0.9667505260478853 0.2557213725642369 
0.6851392256834035 0.728412137069356 
0.42808529075553714 0.9037383381481319 
0.13178905071507838 0.9912777845344959 
0.9627020684952576 0.2705637213577464 
0.7556885333950408 0.6549311723343547 
0.6079809593106255 0.7939516062807176 
0.9998792111255653 0.015542302239923094 
0.989481287048164 0.1446609227867324 
0.849966077241032 0.526837420405472 
0.46091978280870216 0.8874418030584196 
0.6549312311500405 0.7556884824213561 
0.6998550502751129 0.7142848931654786 
0.5268388520521671 0.8499651898568287 
0.7688103961280313 0.6394767977068907 
0.8695235767528811 0.4938914349033364 
0.9965836183396871 0.08258990045384959 
0.9316323748732674 0.36340214375811786 
0.10673221664391017 0.9942878023642236 
0.25572137758655356 0.9667505247194 
0.14465940886512335 0.9894815083804209 
0.27056356431939105 0.9627021126302708 
0.9955203670555164 0.09454733617426699 
0.7284125423794305 0.6851387947739744 
0.7422182217318424 0.6701582733423663 
0.9184500147482135 0.3955370657839874 
0.47739619253606297 0.8786881559188506 
0.9252286096782428 0.37941009453211144 
0.9536793256419592 0.30082510507452304 
0.9376694949404405 0.34752829849976136 
0.21242939110119335 0.977176418972734 
0.6238211318245731 0.781567140742949 
0.1984273729424152 0.9801155940332608 
0.026168348022498573 0.9996575501449351 
0.8599507634239064 0.5103770023097048 
0.379409393986797 0.9252288969517605 
0.241084060259087 0.9705042379551946 
0.444478231897809 0.895789652412327 
0.3008244384287744 0.9536795359259904 
