0.10807863653498465 0.9933227934692176 0.04035884412677113 
0.9456027026474491 0.29612583462918685 0.13470344765820833 
0.4220789855699941 0.0445490514934864 0.9054638104039473 
6.123233995736766E-17 1.0 0.0 
0.4100906260740477 0.9109439581304433 0.04479713776389296 
1.0 0.0 0.0 
0.6455891585535725 0.22360000858692405 0.7302175528690187 
0.9887630628033641 0.04725150655104551 0.14182700999586487 
0.2525774198928776 0.2945125860285906 0.9216653316855362 
0.33981309426837636 0.07944610327955345 0.9371314623026198 
0.522696432942879 0.8494715082331864 0.07201802336100128 
0.7287470340251063 0.12469117501867054 0.6733348879065114 
0.7382474457088873 0.24583678007734064 0.6281361209686234 
0.058276132907218156 0.9919843843493062 0.11211990697689668 
0.16556579814980665 0.21094712532127718 0.9633739029067101 
0.32273991386140644 0.32199755553468895 0.8900317534955803 
0.32674671324448246 0.9037006995213043 0.2766977250875651 
0.1590071140267534 0.9594311767250311 0.2328273068540406 
0.9937613854077023 0.1057977617970586 0.035286576361232225 
0.9403176879764814 0.3395443267648081 0.02263395326491538 
0.11774577906762505 0.9199014667688956 0.3740551068334623 
0.860405758269548 0.03389782498570305 0.5084809422169555 
0.3939437877599662 0.49596924924554603 0.7738364141652554 
0.09546940072353016 0.449312440680132 0.8882589285650628 
0.16468143759584952 0.7691875615939333 0.6174386764696101 
0.6286288877689533 0.02508261867498392 0.7773008321768184 
0.43301165054298624 0.3956189963176485 0.8099299477403312 
0.26609819160371945 0.9105812551294391 0.3162807775254852 
0.808870165389585 0.33201046456482197 0.4852814718924228 
0.2209718964486377 0.964041049697657 0.14763561723965055 
0.5999574012273327 0.7895317902266848 0.12919237181038168 
0.7344800516475555 0.6535081470829339 0.1829375724886355 
0.9555305396532913 0.041710378371289214 0.29192744325605013 
0.7632115534229528 0.06648838234690937 0.6427187718859743 
0.516943512421137 0.17392547656403368 0.8381642640721877 
0.19418072856480414 0.8873540327793525 0.4182064862771287 
0.9985084986961988 0.03858308187492212 0.038628018645752354 
0.7539582386866289 0.49262243044498705 0.43459189516031116 
0.02610174541446172 0.7391960628992952 0.6729843084950056 
0.9805672569885903 0.10101564932761449 0.16817756423730526 
0.4248671203749515 0.22365479769772043 0.87719237427778 
0.24223350103007565 0.015396304905865974 0.9700958121618493 
0.7886157870259678 0.5446913390991539 0.28530069324098073 
0.8954714454735329 0.2946376490136963 0.33364583936447273 
0.6083247667197704 0.7935880955054023 0.012606064708930054 
0.06403837529580667 0.0933432637718065 0.9935724038025112 
0.668319948581175 0.6995320417624818 0.25298887105181006 
0.4030361643474663 0.896087339952955 0.1859820674261889 
0.3768988639536278 0.8078080587439381 0.45320347149907847 
0.03672758360500966 0.9590214082373743 0.28094309591969147 
0.9159584737974981 0.391003601698622 0.09020120696123674 
0.46409524997141927 0.8160368301539607 0.3445279245376821 
0.8459750119174959 0.2474233831106222 0.47234304133890603 
0.7171002261597338 0.47737834459237266 0.5078160904854282 
0.5144656815605753 0.83093709771114 0.21182210022516568 
0.6510893837929788 0.3712884259694368 0.6619875520379652 
0.04078437522626479 0.17160537400142295 0.9843212028353526 
0.05556849390315285 0.8777239715138035 0.4759335797307978 
0.577486357164814 0.7335699078729194 0.35830810422292997 
0.2513453263592812 0.48572360013216925 0.8371965785835436 
0.09094225423037233 0.9772146051360717 0.1917840501820989 
0.3136916200709386 0.15336306531911748 0.9370578091522392 
0.8201362365762629 0.5626041265135886 0.10417845403156292 
0.2424513847708016 0.8244802538872568 0.5113214614826234 
0.8401739716166179 0.5420351404764767 0.017481530442298485 
0.030893938382647597 0.35256099927178963 0.9352787319102722 
0.9579186946074586 0.17624348770392398 0.22656126668850587 
0.0903714958998253 0.8133116321642023 0.574767067354445 
0.23121643898141417 0.9728721665234799 0.007661980727253935 
0.4357314376658822 0.7270862090162855 0.5305504301081568 
0.8422485001550737 0.44486589732911525 0.3044861201764222 
0.5476530590100275 0.10199609203410546 0.8304654864392196 
0.11696209472800664 0.05732825217997349 0.9914803779696433 
0.3047256639526172 0.66282869646647 0.6839593473805275 
0.5038111757097788 0.551073707659195 0.6652007726669286 
0.19067140918005004 0.1291955812884404 0.9731150576868268 
0.9206493652950412 0.3081571529295593 0.23967460291025008 
0.10269281459777806 0.2569032389447109 0.9609656141869506 
0.6433649518692091 0.6445510081104671 0.4130805449910603 
0.7494527079901013 0.6585445606653371 0.06811534411864992 
0.6075759465688235 0.4682955404295047 0.6415222178263483 
0.5295416333483565 0.3300022383975668 0.78146284697569 
0.16347208492053905 0.3959784676309683 0.9035916835741474 
0.9210736222279572 0.16120844581317453 0.35445058814222796 
0.3401108118140876 0.6855441586433677 0.6437032252809674 
0.5435822822104122 0.6463884358936566 0.53544401426281 
0.9791909385892507 0.20090384207195866 0.028683654324866355 
6.123233995736766E-17 0.0 1.0 
0.013440346128487737 0.023965205737781672 0.9996224417298226 
0.17386030091674962 0.9819652175853946 0.0742758858419509 
0.13648552880031717 0.6437349068379441 0.7529787979395183 
0.2142638844786158 0.587739744498251 0.780162150161917 
0.06482825892567352 0.5510377317777163 0.8319583613390369 
0.8688423029557256 0.4610425950952224 0.1804238845121529 
0.007707501873990997 0.9996817498336636 0.0240206882575516 
0.8465971387406558 0.14349350939583455 0.5125259968405532 
0.9255786106554967 0.08507320679358048 0.36887231528388925 
0.3377999158394277 0.93420354483868 0.11469504640445695 
0.0036546653208641574 0.6732249969559454 0.7394286624787141 
0.975032272038525 0.1904164982711075 0.11425246461044725 
