0.6454929638265412 0.22356119392689472 0.7303144707729742 
1.0 0.0 0.0 
0.41007939557742745 0.9109487538196029 0.04480242445855037 
0.522555543015973 0.8495599781436577 0.0719968610415013 
0.9210507645638343 0.16118808371901963 0.35451923891852083 
0.24233437842069905 0.015387899763548775 0.9700707508096102 
0.728804134942395 0.12472033368793659 0.673267681725209 
0.9455997968155635 0.2961817594860178 0.13460085293240961 
0.9403221235405697 0.3395314890031535 0.022642260387498735 
0.10267486564950759 0.25692731406708386 0.9609610955965541 
0.8202307757665127 0.5624717636820094 0.10414888163545048 
0.2142944429658309 0.5877225440522178 0.7801667148287945 
0.2661234057695829 0.9105345173081598 0.31639409869969826 
0.9805645165415513 0.10095463765646692 0.16823016981292463 
0.06484578750045349 0.5506809715716394 0.832193181534409 
0.3225492192070927 0.3218900849856287 0.8901397499139332 
0.24230596536527657 0.8243391153385802 0.5116178672321842 
0.8603749705290307 0.03390491838738314 0.5085325619823321 
0.8088862917433646 0.33203774856280643 0.48523592257685494 
0.738248331151975 0.24578769293247085 0.6281542896090556 
0.9985081041430303 0.03860543389408286 0.03861588318996191 
0.32665179098018776 0.9037134523594684 0.2767681402798496 
0.6086807425855835 0.7933156076497432 0.012573792776322788 
0.25135855043083816 0.48585806947231386 0.8371145772556732 
0.11764584407501263 0.9199352466573317 0.3740034723493779 
0.9579411496361385 0.17620464596857147 0.22649652662432507 
0.8953829652805665 0.29452404038975044 0.33398343539444736 
0.4639426865042863 0.8160970230516829 0.3445908190961667 
0.7632537628863765 0.06651946230909081 0.642665429732996 
0.03088383154821858 0.35207906038046144 0.9354605946754321 
0.2209756568959299 0.9640373197454739 0.14765434364547167 
0.9937566981255851 0.10584437118907244 0.03527880409147435 
0.42478310382668405 0.2235919117348329 0.8772490933082415 
0.5144361592243677 0.8309679098789898 0.2117729228060665 
0.5474714238094017 0.10197071784055742 0.8305883534069015 
0.09035101937557144 0.8132787467294411 0.5748168172696279 
0.25271793067394377 0.29460841232858437 0.9215961864618967 
0.6510991996408625 0.3713497380558265 0.6619435053483774 
0.845952697087225 0.24734871440284242 0.47242210762633813 
0.16563792355393395 0.2110171301415262 0.9633461730175583 
0.9555110908903479 0.04173865878602525 0.2919870537340337 
0.37681031993255365 0.8078418759552424 0.45321682034699673 
0.03668492325001146 0.9590625982424744 0.2808080288356004 
0.7496980485853926 0.6582665827139261 0.0681024377638912 
0.6075871073508318 0.46805792167650767 0.6416850387354512 
0.013448917054090645 0.023979020910219768 0.9996219951492964 
0.11698062102828523 0.057313064642258445 0.9914790703414518 
0.13642644456205877 0.6437206463883541 0.7530016963045403 
0.43569351597346095 0.7271264290222021 0.5305264520795394 
0.026186696028498966 0.7392048008644567 0.6729714104849106 
0.9159914780200356 0.3909287832874587 0.09019034644604795 
0.1588208981743431 0.9594571468868504 0.23284738691005283 
0.8401864790668837 0.5420157504857409 0.017481608008772808 
0.5294738799672526 0.3299703185448821 0.7815222321289477 
0.33768715686976397 0.9342438485841249 0.1146988032541674 
0.8688075086308337 0.4610892230863817 0.1804722729404203 
0.5999070074297703 0.7895660854642997 0.1292167911737485 
0.1942471516687779 0.887324770866227 0.4182377255530224 
0.23137884852220722 0.9728335581287206 0.007661372928591193 
0.040774135415911614 0.1715254893441085 0.9843355507073538 
0.3046798869230203 0.6629569283477621 0.6838554508522077 
0.543600809589223 0.6462862876480931 0.5355484984686151 
0.9256152397571689 0.0851336374353271 0.3687664460146957 
0.7542679536535307 0.49224426373480423 0.4344829558354348 
0.5774896225438397 0.7336286968972975 0.35818245482288286 
0.19065073936308655 0.12914110019488723 0.9731263390848913 
0.16372162559188994 0.39588532321533815 0.9035873174055935 
6.123233995736766E-17 1.0 0.0 
0.0910625896722019 0.977205662079914 0.1917725182635646 
0.4218646341423997 0.044535035495790964 0.9055643881432663 
0.17377683301166466 0.9819805113929181 0.07426902148903752 
0.4030079930025422 0.8960933602099319 0.18601410528165904 
0.6434016329737583 0.6445191756633064 0.41307308177729746 
0.33957398977513864 0.079390153934751 0.9372228704670043 
0.8422269340497393 0.44495356417804494 0.30441766914295754 
0.9206264686859194 0.3082208287418529 0.23968067482502495 
0.734496836322665 0.6534839704397809 0.18295654623504481 
0.9791866192943608 0.2009228370866923 0.028698051012485997 
0.9887644377825588 0.04727563577622195 0.141809382053848 
0.007886604110490962 0.9996811325410272 0.023988220381962484 
0.16466027557714508 0.7691539579424813 0.6174861801111619 
0.06407801422070536 0.09339110933178019 0.9935653520485256 
0.0035642447751250894 0.6732028929726633 0.7394492281775806 
0.3938388572538832 0.49585138267317824 0.7739653485900084 
0.6284071875157292 0.02506264725201212 0.7774807202698292 
0.0953867507721549 0.4491810224575262 0.8883342708919557 
0.9750216365722556 0.19045523366487682 0.11427866023723737 
0.0583747773615903 0.991970785105376 0.11218888922442069 
0.3403223787927904 0.6853074696424435 0.6438434208292323 
0.6685684277517842 0.6992462475996548 0.25312238666563985 
0.5168049283301787 0.17387386664635027 0.8382604276423208 
0.31368539609652074 0.15337941907856195 0.9370572160113233 
0.4330254581999651 0.3955427383654527 0.8099598105320223 
0.7887725535016407 0.5444944833773994 0.2852430830258304 
0.055525509417728935 0.8777448325349485 0.47590012267501813 
0.5038351763338837 0.5511738409767665 0.665099625703941 
6.123233995736767E-17 1.0686506234145681E-25 1.0000000000000002 
0.8464730059385592 0.1435845334531173 0.5127055021846274 
0.7169646098308754 0.47732224362172426 0.5080602562629594 
0.10806092693897384 0.9933238467673356 0.040380335714707276 
