0.3813923559759336 0.3813923559759335 0.8420687273650851 
0.5629408544685435 0.5633454730282805 0.6055203741127669 
0.6668267516177833 0.6682057925231734 0.3338842936879636 
0.4287300985039411 0.4287371902890336 0.7952332900416165 
0.6830190462831046 0.6831405439948968 0.2589024642622249 
0.6159609090651225 0.6180401501190607 0.4928722827458248 
0.17387440284879374 0.17387440284879377 0.9692963344962939 
0.15392571235528138 0.15392188253238492 0.9760567507033328 
0.07888915785355934 0.07888915785355938 0.993757013331887 
0.7010222449540091 0.7007948028610788 0.13367028729870345 
0.27283233937728885 0.272832339377289 0.9225643767129922 
4.329780281177465E-17 4.3297802811774677E-17 1.0 
0.2926621629673575 0.29266180207884956 0.9103363664286658 
0.018733721237443907 0.018733721237443917 0.9996489860832128 
0.5302514384597605 0.5302514384597606 0.6615639228545567 
4.329780281177467E-17 4.329780281177466E-17 1.0 
0.6919680482894974 0.6919471587604853 0.20627373994028042 
0.32904115581067117 0.3290349209188088 0.8851936101346143 
0.4679253798464936 0.46792537984649385 0.7497277357754807 
0.45094890200778115 0.46359419694971915 0.7860567220259714 
0.2736898191587153 0.27368982262380614 0.9220562781094536 
0.15619279161856062 0.1561927916185607 0.9752987356152995 
0.5827762398758347 0.5827762440259878 0.5663423988210043 
0.6749431421152596 0.6775862972459753 0.30053885324379653 
0.07888915785355934 0.07888915785355938 0.993757013331887 
0.018733721237443907 0.018733721237443917 0.9996489860832128 
0.6126486890690029 0.6508287198754369 0.5316837126203051 
0.3766027963202064 0.37660279632020643 0.8463691083727021 
0.703032297023272 0.7030322970232719 0.10719691546105135 
0.12201723454431579 0.12201723454431576 0.9849992837298487 
0.3144244992844006 0.3144297002977759 0.8957076861962014 
0.5302514384597605 0.5302514384597606 0.6615639228545567 
0.3766027963202064 0.37660279632020643 0.8463691083727021 
0.6324303211016553 0.6324578189417926 0.44730789988282976 
0.4525734762692403 0.45257347626924055 0.7683452981278343 
0.17387440284879374 0.17387440284879377 0.9692963344962939 
0.703032297023272 0.7030322970232719 0.10719691546105135 
0.07888915785355934 0.07888915785355938 0.993757013331887 
0.018733721237443914 0.01873372123744391 0.9996489860832128 
0.6594233891164805 0.6594233891164804 0.3610008140880983 
0.2263008991141216 0.2240269262665983 0.9547688177929443 
0.12201723454431579 0.12201723454431576 0.9849992837298487 
4.329780281177467E-17 4.329780281177466E-17 1.0 
0.5933777468985905 0.593810987264374 0.5475870355303598 
0.6830190462831045 0.6831405439948969 0.2589024642622249 
4.329780281177467E-17 4.329780281177466E-17 1.0 
0.23464347824316376 0.23461709797579422 0.9440386337145372 
0.12201723454431579 0.12201723454431576 0.9849992837298487 
0.43693940518572316 0.43701546993598506 0.7863352371231219 
0.6911210512354784 0.6934926949851372 0.2139991404303265 
0.018733721237443907 0.018733721237443917 0.9996489860832128 
0.11330306135969809 0.11330306135969814 0.9870789393827836 
0.33567371946786734 0.3356737194678674 0.8801399366675821 
0.17340452726232303 0.1734045272623231 0.9694646666330138 
0.45793959218945496 0.45796343841424403 0.7620324344598151 
0.6744687149295032 0.675863559909908 0.30155599873557165 
0.703032297023272 0.7030322970232719 0.10719691546105135 
0.40053043636515984 0.4005370616890819 0.8241155823360939 
0.6470154767675628 0.6470154767675627 0.40341287243528423 
0.5610732793382721 0.5612636612996342 0.6121601737359206 
0.07888915785355934 0.07888915785355938 0.993757013331887 
0.5933777468985905 0.593810987264374 0.5475870355303598 
0.40594751017562186 0.406869134938472 0.8200961860105388 
0.4525734762692403 0.45257347626924055 0.7683452981278343 
0.3144244992844006 0.3144297002977759 0.8957076861962014 
0.689171786404063 0.6946365796803402 0.2294664876954491 
0.16521994969572598 0.165219949695726 0.9723192564405397 
0.23450951857445296 0.23475099625478016 0.9440386337145372 
0.6478166956896376 0.6478166956896375 0.40083295469748886 
0.5302514384597606 0.5302514384597605 0.6615639228545567 
4.329780281177465E-17 4.3297802811774677E-17 1.0 
0.03816363267146696 0.038163632671466975 0.9985424749516841 
0.6950553373549274 0.6950553373549273 0.18383730858793604 
0.12201723454431579 0.12201723454431576 0.9849992837298487 
0.1734045272623231 0.17340452726232308 0.969464666633014 
0.07888915785355934 0.07888915785355938 0.993757013331887 
0.2736898191587153 0.27368982262380614 0.9220562781094536 
4.329780281177467E-17 4.329780281177466E-17 1.0 
0.5629408544685435 0.5633454730282805 0.6055203741127669 
0.6324303211016553 0.6324578189417926 0.44730789988282976 
0.6950553373549274 0.6950553373549273 0.18383730858793604 
0.32904115581067117 0.3290349209188088 0.8851936101346143 
0.12201723454431579 0.12201723454431576 0.9849992837298487 
0.018733721237443907 0.018733721237443917 0.9996489860832128 
0.41541656301078866 0.41541655113926285 0.8092332798904386 
0.45895959896269817 0.45968192347535686 0.7616127057341032 
0.703032297023272 0.7030322970232719 0.10719691546105135 
0.12201723454431579 0.12201723454431576 0.9849992837298487 
0.18486322107277298 0.184863221072773 0.9652207928703145 
0.3813923559759336 0.3813923559759335 0.8420687273650851 
4.329780281177467E-17 4.329780281177466E-17 1.0 
0.5622964297226358 0.5601812916353524 0.6122380384034198 
0.6470625577138832 0.6471962695008541 0.40337348397417927 
0.22561944362665012 0.2247126255363457 0.9547675785979475 
0.3176897822756784 0.31768978227567835 0.8933903986921194 
0.018733721237443907 0.018733721237443917 0.9996489860832128 
0.07888915785355934 0.07888915785355938 0.993757013331887 
0.23450951857445296 0.23475099625478016 0.9440386337145372 
0.6470154767675628 0.6470154767675627 0.40341287243528423 
0.5933777468985905 0.593810987264374 0.5475870355303598 
