0.9912778524546592 0.13178853983893693 
0.9852553182052692 0.17109049637029417 
0.9999868514767022 0.005128047748602067 
0.5103765902393665 0.8599510079857094 
0.7688092266051221 0.6394782037621252 
0.9828047441899477 0.1846478670273 
0.21242972143176211 0.977176347161772 
0.1446609663636321 0.9894812806772749 
0.6238208475139466 0.7815673676702357 
0.5919813780591451 0.8059516412485277 
0.9988438376055622 0.04807273736114325 
0.9928767726809539 0.1191457690002185 
0.8957902773021599 0.4444769725091724 
0.22664943717139885 0.9739764025015638 
0.33179912981048704 0.9433500609301955 
0.6079804146232234 0.7939520233833864 
0.5758452747900357 0.8175586948360273 
0.970504878731009 0.2410814807472974 
0.9376697430841158 0.347527628980155 
0.8395704529026404 0.5432508210880634 
0.7422179633723951 0.6701585594822571 
0.9801155258213433 0.19842770986924116 
0.9252286722615612 0.3794099419165351 
0.8175589089589274 0.5758449707880484 
0.41176720038450015 0.9112890719675678 
0.9316323299537341 0.36340225891562183 
0.17109003914448564 0.9852553976028441 
0.9998791977659864 0.015543161674749563 
0.026168438982772404 0.9996575477638354 
0.8874419797941061 0.4609194425266929 
0.5595932583896865 0.8287673890572755 
0.9433501680049359 0.3317988253822777 
0.9993148788391972 0.03701044353423181 
0.9112887132386069 0.4117679942928104 
0.989481279680272 0.14466097318313348 
0.2856008244520761 0.958348667799092 
0.13178855935460249 0.9912778498600876 
0.9996575251464537 0.026169302972516583 
0.8287671040375291 0.5595936805086772 
0.6549296037894403 0.7556898928000868 
0.47739752381926687 0.8786874326239295 
0.8599508062060262 0.510376930224717 
0.9771764503308674 0.2124292468535486 
0.9627021018571482 0.27056360265162976 
0.7815684029633043 0.623819550422548 
6.123233995736766E-17 1.0 
0.0051298455165678224 0.9999868422559249 
0.8695243794843854 0.4938900216468182 
0.9974863408553569 0.07085901359030311 
0.6998552948376554 0.7142846535434585 
0.9486831760077409 0.3162281321449211 
0.7142860321662231 0.699853887788182 
0.9583486351958276 0.2856009338540309 
0.9942881990925025 0.10672852076829369 
0.9965836425494099 0.08258960832302023 
0.10673301454309397 0.9942877167130969 
0.2705637435986673 0.9627020622445319 
0.015541750170441022 0.9998792197068802 
0.46092113107174815 0.8874411027958646 
0.7556886551604625 0.6549310318360031 
0.300825482105277 0.9536792067126806 
0.9037376131493222 0.42808682130984377 
0.18464717992540633 0.9828048732813623 
1.0 0.0 
0.9536794711794302 0.3008246436895129 
0.3634010638535108 0.9316327961112879 
0.6394789423730305 0.7688086122446017 
0.39553629336959345 0.91845034739361 
0.543249558365986 0.83957126995578 
0.8786875758227974 0.4773972602504707 
0.7284116015669007 0.6851397950073712 
0.25572261697955523 0.9667501968787633 
0.8059514446343734 0.5919816457389253 
0.07085974723387979 0.9974862887388231 
0.6851399089910014 0.7284114943545319 
0.19842779373683295 0.9801155088420613 
0.03701236909900246 0.9993148075224739 
0.42808451456716523 0.9037387058147917 
0.05935510582682833 0.9982369315008767 
0.048072589177159536 0.9988438447374064 
0.11914556906692904 0.9928767966730402 
0.9184503779965004 0.395536222308508 
0.9739764322925367 0.22664930915116782 
0.9874772049618743 0.1577617497389165 
0.34752778793664607 0.9376696841702101 
0.44447687024867444 0.8957903280421948 
0.08259011453079046 0.9965836005984601 
0.31622756613336633 0.9486833646783143 
0.9955204336659218 0.0945466348085167 
0.9667506494644023 0.25572090598962866 
0.24108128531898163 0.9705049272770065 
0.5268377240231223 0.8499658890485761 
0.9982370343355802 0.05935337632271438 
0.09454671999429275 0.9955204255756488 
0.3794097378784905 0.925228755931729 
0.8499656260899342 0.5268381482633412 
0.1577625461688847 0.9874770777219644 
0.7939525715094964 0.607979698833323 
0.49388983426674204 0.8695244859162795 
0.6701583833907692 0.7422181223677248 
