0.5277081633175945 0.5277081633175944 0.6656186511328706 
0.3223014363548333 0.32230143635483327 0.8900806526642531 
0.6951519603325012 0.695151960332501 0.18310517221466388 
4.329780281177467E-17 4.329780281177466E-17 1.0 
0.27394552241930237 0.2739455224193023 0.9219043884768263 
0.6844539123711797 0.6844539123711796 0.2510889955365844 
0.596638189739359 0.5966381897393589 0.5366989296515147 
0.18843314396333102 0.188433143963331 0.9638391465966658 
0.4525791587744086 0.4525791587744085 0.7683386037978942 
0.41449860413876977 0.4144986041387697 0.8101739407892745 
0.7054798945813202 0.7054798945813201 0.067795550614024 
0.122129996374142 0.12212999637414199 0.9849713335784469 
0.15966198306409893 0.1596619830640989 0.9741745748725321 
0.642198039476269 0.642198039476269 0.418525215710682 
0.018716835184191035 0.01871683518419103 0.9996496186971592 
0.0788054948472341 0.07880549484723409 0.9937702893343939 
0.0788054948472341 0.07880549484723409 0.9937702893343939 
0.3223014363548333 0.32230143635483327 0.8900806526642531 
0.122129996374142 0.12212999637414199 0.9849713335784469 
0.48126064439772137 0.48126064439772126 0.7326502469171631 
0.6844539123711797 0.6844539123711796 0.2510889955365844 
0.018716835184191035 0.01871683518419103 0.9996496186971592 
0.24594727280011716 0.2459472728001171 0.9375605996437615 
0.5277081633175945 0.5277081633175944 0.6656186511328706 
0.14847054320714334 0.1484705432071433 0.9777080318784088 
0.642198039476269 0.642198039476269 0.418525215710682 
0.6935513495787298 0.6935513495787297 0.19486675189740676 
0.7054798945813202 0.7054798945813201 0.067795550614024 
0.5967712281058488 0.5967712281058487 0.5364030225586671 
4.329780281177467E-17 4.329780281177466E-17 1.0 
0.41449860413876977 0.4144986041387697 0.8101739407892745 
0.20316034471512467 0.20316034471512465 0.9578370157132493 
0.45855535532487235 0.4585553553248723 0.7612187413652926 
0.6844539123711797 0.6844539123711796 0.2510889955365844 
0.15966198306409893 0.1596619830640989 0.9741745748725321 
0.5277081633175945 0.5277081633175944 0.6656186511328706 
0.5838905930567532 0.5838905930567531 0.564042153282595 
0.6951519603325012 0.695151960332501 0.18310517221466388 
0.18843314396333102 0.188433143963331 0.9638391465966658 
0.27394552241930237 0.2739455224193023 0.9219043884768263 
4.329780281177467E-17 4.329780281177466E-17 1.0 
0.7054798945813202 0.7054798945813201 0.067795550614024 
0.021222803622491102 0.0212228036224911 0.999549491127279 
0.41449860413876977 0.4144986041387697 0.8101739407892745 
0.32288143182499196 0.3228814318249919 0.8896601384603483 
0.642198039476269 0.642198039476269 0.418525215710682 
0.122129996374142 0.12212999637414199 0.9849713335784469 
0.0788054948472341 0.07880549484723409 0.9937702893343939 
0.7054798945813202 0.7054798945813201 0.067795550614024 
0.44033274330934674 0.4403327433093467 0.7824411481634449 
0.175649750997878 0.17564975099787797 0.9686559399233388 
0.6020492229924771 0.602049222992477 0.5244744666695504 
0.122129996374142 0.12212999637414199 0.9849713335784469 
4.329780281177467E-17 4.329780281177466E-17 1.0 
0.07112607863859134 0.07112607863859133 0.9949282194585667 
0.24594727280011716 0.2459472728001171 0.9375605996437615 
0.16090616540606265 0.16090616540606262 0.9737650701625282 
0.7011555258947332 0.7011555258947331 0.1294675905953315 
0.020048198385264417 0.020048198385264414 0.9995979889350569 
0.642198039476269 0.642198039476269 0.418525215710682 
0.6844539123711797 0.6844539123711796 0.2510889955365844 
0.3223014363548333 0.32230143635483327 0.8900806526642531 
0.5520467372742608 0.5520467372742607 0.6248910302842301 
0.4525791587744086 0.4525791587744085 0.7683386037978942 
0.7054798945813202 0.7054798945813201 0.067795550614024 
0.04276162770431892 0.04276162770431891 0.9981697683220798 
0.642198039476269 0.642198039476269 0.418525215710682 
0.5838905930567532 0.5838905930567531 0.564042153282595 
0.40060642664194274 0.4006064266419427 0.8240321485636027 
4.329780281177467E-17 4.329780281177466E-17 1.0 
0.6951519603325012 0.695151960332501 0.18310517221466388 
0.16090616540606265 0.16090616540606262 0.9737650701625282 
0.310414676319321 0.31041467631932096 0.8984906551829809 
0.21222057690056764 0.2122205769005676 0.953899813125037 
0.4734919414714744 0.47349194147147433 0.7427050307646689 
0.11871114823128646 0.11871114823128644 0.9858069418355803 
0.6762665161025161 0.676266516102516 0.2921081963881376 
0.122129996374142 0.12212999637414199 0.9849713335784469 
0.27394552241930237 0.2739455224193023 0.9219043884768263 
0.5277081633175945 0.5277081633175944 0.6656186511328706 
0.3123981090014058 0.31239810900140574 0.8971147323417956 
0.16090616540606265 0.16090616540606262 0.9737650701625282 
0.7054798945813202 0.7054798945813201 0.067795550614024 
4.329780281177467E-17 4.329780281177466E-17 1.0 
0.6951519603325012 0.695151960332501 0.18310517221466388 
0.122129996374142 0.12212999637414199 0.9849713335784469 
0.6762665161025161 0.676266516102516 0.2921081963881376 
0.021222803622491102 0.0212228036224911 0.999549491127279 
0.11909189642566799 0.11909189642566798 0.9857150908916207 
0.6465540017555784 0.6465540017555783 0.4048899179131225 
0.27394552241930237 0.2739455224193023 0.9219043884768263 
0.4734919414714744 0.47349194147147433 0.7427050307646689 
0.6020492229924771 0.602049222992477 0.5244744666695504 
0.18843314396333102 0.188433143963331 0.9638391465966658 
0.5520467372742608 0.5520467372742607 0.6248910302842301 
0.41449860413876977 0.4144986041387697 0.8101739407892745 
0.642198039476269 0.642198039476269 0.418525215710682 
0.6702834728758715 0.6702834728758714 0.31849667498880063 
0.310414676319321 0.31041467631932096 0.8984906551829809 
0.122129996374142 0.12212999637414199 0.9849713335784469 
