0.27329731610308455 0.2732973161030845 0.9222890837593717 
0.529858151231042 0.5298581512310421 0.6621938380474743 
0.6438206259635401 0.6438206259635404 0.4135093749455147 
0.12215911383528741 0.1221591138352874 0.984964111942133 
0.15997753597770498 0.15997753597770495 0.9740710322994952 
0.32251870813263617 0.3225187081326361 0.8899232359079692 
4.329780281177465E-17 4.3297802811774677E-17 1.0 
0.018780919056442268 0.018780919056442278 0.9996472148507146 
0.6951389965131921 0.695138996513192 0.18320357816719832 
0.5937676757045601 0.5959616582980762 0.5449607350185529 
0.684146867034294 0.6844549889203334 0.25317412659886285 
0.4110177616567522 0.41094029609016114 0.8139817866079199 
0.1884836247991388 0.18848362479913888 0.9638194054723919 
0.7054085924545428 0.7054085924545427 0.06926352129802331 
0.4525825333500677 0.4525825333500679 0.7683346282791564 
0.07873575782526412 0.07873575782526415 0.9937813446022031 
0.27329731610308455 0.2732973161030845 0.9222890837593717 
0.09414850300507724 0.09414850300507725 0.9910964225360751 
0.43261527987142223 0.4326152798714224 0.7910044495725305 
4.329780281177467E-17 4.329780281177466E-17 1.0 
0.4525825333500679 0.4525825333500678 0.7683346282791567 
0.12215911383528741 0.1221591138352874 0.984964111942133 
0.6995238535737975 0.6995240660761535 0.14605768055166155 
0.02280603093216803 0.022806030932168042 0.9994797496228935 
0.1644062886234624 0.16440628862346232 0.9725950568053069 
0.6781196282546612 0.6781196282546611 0.28338584924360705 
0.7071067811865476 0.7071067811865475 0.0 
0.6225941861240069 0.627067865146525 0.4780865489595602 
0.5298581512310421 0.529858151231042 0.6621938380474743 
0.32251870813263617 0.3225187081326361 0.8899232359079692 
0.1870666318254494 0.18706663182544936 0.9643713758272608 
0.5780024421973077 0.576517130719832 0.5832454591208094 
0.6781196282546612 0.6781196282546611 0.28338584924360705 
0.27329731610308455 0.2732973161030845 0.9222890837593717 
0.4417582235363741 0.44175822353637406 0.7808324685077932 
0.12215911383528741 0.1221591138352874 0.984964111942133 
0.13676437153308316 0.13676437153308313 0.9811172271234063 
0.6429855775967632 0.6450647912966336 0.4183429129842293 
4.329780281177465E-17 4.3297802811774677E-17 1.0 
0.09414850300507725 0.09414850300507724 0.9910964225360751 
0.4525825333500677 0.4525825333500679 0.7683346282791564 
0.02280603093216803 0.022806030932168042 0.9994797496228935 
0.5957195494362635 0.5957195494362637 0.5387359620806004 
0.529858151231042 0.5298581512310421 0.6621938380474743 
0.7071067811865474 0.7071067811865477 0.0 
0.18706663182544928 0.1870666318254494 0.9643713758272606 
0.6953233169533483 0.6953233169533481 0.18179925687963513 
0.320727361246838 0.32070715483727585 0.8913397629090615 
0.6953233169533483 0.6953233169533481 0.18179925687963513 
0.4525825333500679 0.4525825333500678 0.7683346282791567 
0.12476814243886525 0.12476814243886519 0.9843098197542838 
0.7045746218219388 0.7080299946521239 0.09233786470177693 
0.1884836247991388 0.18848362479913888 0.9638194054723919 
0.6696175805364551 0.6717829137812992 0.32383613664962546 
0.6450217831951172 0.6451212634664857 0.4098789846732236 
0.4417582235363741 0.44175822353637406 0.7808324685077932 
0.5097703854726937 0.5097703854726936 0.6930139307330285 
0.6030271791037499 0.6048135067585011 0.5364908137846923 
0.018780919056442275 0.01878091905644227 0.9996472148507146 
0.32251870813263617 0.3225187081326361 0.8899232359079692 
0.05990953413336576 0.05989562495415269 0.9968399781577921 
0.12215911383528741 0.1221591138352874 0.984964111942133 
4.329780281177465E-17 4.3297802811774677E-17 1.0 
0.2525163284638328 0.25251632846383293 0.9340615652719533 
0.6088922069346181 0.6094999111748425 0.5091992078746699 
0.6781196282546612 0.6781196282546611 0.28338584924360705 
0.05990953413336576 0.05989562495415269 0.9968399781577921 
0.529858151231042 0.5298581512310421 0.6621938380474743 
0.43261527987142234 0.4326152798714223 0.7910044495725305 
0.24800343275368308 0.24977189171035824 0.940859691494626 
0.12215911383528741 0.1221591138352874 0.984964111942133 
0.6438206259635403 0.6438206259635402 0.4135093749455147 
0.4790409634287928 0.47904096342879304 0.7355538802252544 
0.018780919056442268 0.018780919056442278 0.9996472148507146 
4.329780281177465E-17 4.3297802811774677E-17 1.0 
0.6995240125555888 0.6995239070943742 0.14605768055166155 
0.34418353558420683 0.34418190579876806 0.8735515468759365 
0.7054085924545428 0.7054085924545427 0.06926352129802331 
0.1870666318254494 0.18706663182544936 0.9643713758272608 
0.13676437153308316 0.13676437153308313 0.9811172271234063 
0.5872844824217545 0.5872844824217545 0.5569505125352022 
0.6781196282546612 0.6781196282546611 0.28338584924360705 
0.6953233169533483 0.6953233169533481 0.18179925687963513 
0.07873575782526414 0.07873575782526414 0.9937813446022031 
0.6370640750591368 0.637064075059137 0.43393401403680354 
0.3207288073260512 0.3207057086604304 0.8913397629090615 
0.14525266493601818 0.1454623037607002 0.9797511775175589 
4.329780281177465E-17 4.3297802811774677E-17 1.0 
0.7054085924545428 0.7054085924545427 0.06926352129802331 
0.4417582235363741 0.44175822353637406 0.7808324685077932 
0.27329731610308455 0.2732973161030845 0.9222890837593717 
0.02280603093216803 0.022806030932168042 0.9994797496228935 
0.20605372847192052 0.2060537284719205 0.9566000846569271 
0.529858151231042 0.5298581512310421 0.6621938380474743 
0.4790409634287928 0.47904096342879304 0.7355538802252544 
0.12215911383528741 0.1221591138352874 0.984964111942133 
0.529858151231042 0.5298581512310421 0.6621938380474743 
0.6995238535737975 0.6995240660761535 0.14605768055166155 
0.3984622775458891 0.3989124446305781 0.8268755295732831 
0.15997753597770492 0.159977535977705 0.9740710322994952 
