0.6579183375852125 0.7893023894853681 3.8846546269366407 
0.623086970354215 0.6732188956823983 4.91093183584164 
0.0 0.0 6.0 
0.7941297599894106 0.07370072307895648 4.344457867103153 
0.805575697018665 0.3029049311551912 4.0276718998896825 
0.7531622331639284 0.24998876151119143 4.271862015146736 
0.8715857434874844 0.7711744546376997 2.8991031426905187 
0.715500179127292 0.1604840070984609 4.6460021605252715 
0.7352649610440023 0.880184129391651 3.1458531758641133 
0.6595462324635172 0.0422927581284086 5.325973942552585 
0.8622334627109338 0.7794471675693395 2.8468039305692487 
0.7872942448418737 0.880184129391651 2.822423396173267 
0.7004397667548935 0.25057397372111756 4.653557822271754 
0.05392590878230141 0.7445318687634843 4.689587062647236 
0.6318283294206695 0.24679350777429565 5.1454247182523325 
0.04645305218425333 0.6495533481747734 5.388611827537165 
0.853220794153108 0.14818710057590675 4.0143698507416685 
0.715500179127292 0.7552237515208805 3.651816463220106 
0.24805877031263512 0.6385349577524209 5.102144118638351 
0.7672034743822876 0.8374125827433835 2.9356359836863968 
0.816467789623236 0.640947504099249 3.8902568371311856 
0.8373263531332766 0.6836177884522998 3.533571212663417 
0.15417999517802766 0.8549610266348502 4.00048444667406 
0.7092045358969331 0.8374125827433835 3.3398175576091234 
0.27317308508832866 0.14818710057590675 5.285972932088537 
0.04218231682189916 0.07370072307895648 5.820610324098029 
0.15417999517802766 0.7763608298854641 4.2492411311130365 
0.16765087238165755 0.2497571413594858 5.237939591930235 
0.8085559778829046 0.880184129391651 2.7288871812825093 
0.7092045358969331 0.6479560558663902 4.50693180532926 
0.24805877031263512 0.8510330174172586 3.8831051611660543 
0.7405196498063791 0.6849981620283043 3.995600906169258 
0.27317308508832866 0.753392398364398 4.277226444071753 
0.7531622331639284 0.7780306766653444 3.2458879305724877 
0.812028831006551 0.880184129391651 2.7163095955897107 
0.8373263531332766 0.6836177884522998 3.533571212663417 
0.20733425699553526 0.26640548370439965 5.199822982917514 
0.04645305218425333 0.6495533481747734 5.388611827537165 
0.845160326997861 0.17451100562131563 3.9663790989838943 
0.7004397667548935 0.25057397372111756 4.653557822271754 
0.7405196498063791 0.6849981620283043 3.995600906169258 
0.27317308508832866 0.8191569419762383 4.002848978069153 
0.7110494790372615 0.6495533481747734 4.454876975552548 
0.7092045358969331 0.8374125827433835 3.3398175576091234 
0.34957699227633215 0.11697424530331937 5.491714758952794 
0.0 0.0 6.0 
0.623086970354215 0.6732188956823983 4.91093183584164 
0.6579183375852125 0.7893023894853681 3.8846546269366407 
0.74665059264493 0.1701784182295657 4.403075492684209 
0.0 0.14818710057590675 5.805079086679707 
0.27317308508832866 0.753392398364398 4.277226444071753 
0.74665059264493 0.25057397372111756 4.316543667650269 
0.8142225157636764 0.8203112145355088 2.750274507014642 
0.05392590878230141 0.6992191347388916 5.224990362386036 
0.816467789623236 0.640947504099249 3.8902568371311856 
0.7672034743822876 0.8374125827433835 2.9356359836863968 
0.7531622331639284 0.7991345325061734 3.1415211716763207 
0.6318283294206695 0.24679350777429565 5.1454247182523325 
0.21995738941806914 0.8191569419762383 4.130511856113314 
0.805575697018665 0.3029049311551912 4.0276718998896825 
0.715500179127292 0.7552237515208805 3.651816463220106 
0.715500179127292 0.193164002205508 4.586361968941793 
0.7352649610440023 0.880184129391651 3.1458531758641133 
0.15382792996686995 0.8752146670823094 4.010340602893852 
0.7872942448418737 0.880184129391651 2.822423396173267 
0.6871903516516435 0.0422927581284086 5.122005192241416 
0.27317308508832866 0.753392398364398 4.277226444071753 
0.7110494790372615 0.6495533481747734 4.454876975552548 
0.27317308508832866 0.14818710057590675 5.285972932088537 
0.8142225157636764 0.8203112145355088 2.750274507014642 
0.04218231682189916 0.07370072307895648 5.820610324098029 
0.816467789623236 0.640947504099249 3.8902568371311856 
0.7405196498063791 0.6849981620283043 3.995600906169258 
0.24805877031263512 0.6385349577524209 5.102144118638351 
0.6579183375852125 0.11697424530331937 5.184249096004693 
0.0 0.0 6.0 
0.6318283294206695 0.24679350777429565 5.1454247182523325 
0.20998578041598176 0.2497571413594858 5.17052174783419 
0.6579183375852125 0.2576406352962868 4.9700260034818635 
0.7531622331639284 0.7991345325061734 3.1415211716763207 
0.715500179127292 0.7552237515208805 3.651816463220106 
0.15382792996686995 0.8752146670823094 4.010340602893852 
0.04645305218425333 0.6495533481747734 5.388611827537165 
0.7531622331639284 0.24998876151119143 4.271862015146736 
0.6579183375852125 0.7893023894853681 3.8846546269366407 
0.623086970354215 0.6732188956823983 4.91093183584164 
0.8373263531332766 0.6836177884522998 3.533571212663417 
0.8085559778829046 0.880184129391651 2.7288871812825093 
0.7872942448418737 0.880184129391651 2.822423396173267 
0.8142225157636764 0.2497571413594858 3.957960721549547 
0.19500481718064527 0.8036004597184743 4.134099158045614 
0.7352649610440023 0.880184129391651 3.1458531758641133 
0.7672034743822876 0.8374125827433835 2.9356359836863968 
0.7092045358969331 0.8374125827433835 3.3398175576091234 
0.853220794153108 0.14818710057590675 4.0143698507416685 
0.7941297599894106 0.07370072307895648 4.344457867103153 
0.27317308508832866 0.8191569419762383 4.002848978069153 
0.7352649610440023 0.880184129391651 3.1458531758641133 
0.0 0.0 6.0 
0.04218231682189916 0.07370072307895648 5.820610324098029 
