0.5999338100613186 0.789550384229108 0.12918829013876681 
1.0 0.0 0.0 
0.4220634431598867 0.04452765039950096 0.9054721079624269 
0.9750241122551612 0.19044535883094396 0.11427399450788334 
0.24231741124736997 0.8244801512236626 0.5113851312314233 
0.11770864045622853 0.9199163405800396 0.37403021575238454 
0.5295110113899045 0.32995623989049616 0.7815030189155803 
0.3136843321875872 0.15334168923746466 0.9370637470747808 
0.21434166967107612 0.5877547992512008 0.7801294409261814 
0.95791662299384 0.1762344577749504 0.22657704933387934 
0.7886962501348554 0.5446014797286534 0.28524980858990734 
0.5225745898095452 0.8495484641146847 0.07199448038403296 
0.7169561686945711 0.47730066362444723 0.5080924410719616 
0.33780103179850834 0.9341992491368042 0.11472674417107157 
0.1364701962676235 0.64380202185079 0.7529241941865805 
0.7382949510642803 0.24579443275345667 0.6280968572285638 
0.6076714766258869 0.4681452267602227 0.6415414430548771 
0.628581753524345 0.02506906692012339 0.7773393859955984 
0.0955255321667645 0.449352335668864 0.888232712262498 
0.026189152489521545 0.7391708424232888 0.6730086136173341 
0.25133644159656704 0.4857691750178627 0.8371728027880747 
0.955498553916605 0.04171690771754574 0.2920311851048828 
0.055570875579126225 0.8777569428072765 0.475872490422585 
0.734501686121012 0.653473656658718 0.1829739138196326 
0.8401782259817069 0.5420283749261597 0.017486833936957664 
0.4330955289797406 0.3955349853773969 0.8099261312738721 
0.6511512039652565 0.3713103469235928 0.6619144475248127 
0.9805649158839256 0.10095090445310488 0.1682300824099244 
0.4029918519545061 0.8961090272819696 0.18597359619591322 
0.9791917605633992 0.20089668134667815 0.028705739297957358 
0.4248425300881028 0.22361343923970617 0.8772148279752969 
0.9210220914955635 0.1611797969884684 0.35459749014889325 
0.9256202820763306 0.08510475902691349 0.36876045530927737 
0.5143697202865837 0.8309974111130862 0.2118185392633289 
0.5437210775774833 0.6462667954816973 0.5354499218935407 
0.39397727616588046 0.49601475360730574 0.7737901977078783 
0.868820161918833 0.4610854368422824 0.18042102475957406 
0.8422669876209826 0.4448921168092729 0.30439665892522594 
0.41005738163737004 0.9109585422838682 0.044804888179245016 
0.15913165322540254 0.9594024084743968 0.23286076431051542 
0.0036537274619675413 0.6732159992469664 0.7394368591256066 
0.09094570042236792 0.9772139915173865 0.1917855426181612 
0.09040654671462159 0.8133320466892449 0.574732666671576 
0.030948441582083343 0.3520734002597043 0.9354605896526111 
0.3768337800671968 0.8078461632923924 0.4531896718307123 
0.16466543710185538 0.7691355068969178 0.6175077860678979 
0.9403200905500638 0.33953773107990165 0.02263308377204745 
6.123233995736766E-17 0.0 1.0 
0.8604199013319831 0.03388590778065822 0.5084578041939587 
0.5774419573707613 0.7336180824830384 0.35828102785625454 
0.008008374078489276 0.9996801646028728 0.023988214693722917 
0.8953833032195253 0.2946127605521956 0.3339042701666251 
6.123233995736766E-17 1.0 0.0 
0.7540286102149739 0.4925344836003335 0.43456948517104627 
0.8464636138374451 0.14355054662836708 0.5127305247515015 
0.32263798232480134 0.32192592201899156 0.890094620303709 
0.1942613419036926 0.8873500595951309 0.4181774776076476 
0.6084428872159987 0.7934977075886527 0.012595278790587085 
0.11705377164323925 0.05735974691688644 0.9914677372349155 
0.05838790310208815 0.9919760386722224 0.11213559413276104 
0.6455453750297528 0.22353716026398085 0.7302755005878337 
0.8202135998588285 0.5624913315334501 0.10417846493564968 
0.30480008186114915 0.6628576426915869 0.6838981324896198 
0.10810797207918281 0.99331906712146 0.040371986152275344 
0.5037957836080286 0.5511154771728909 0.665177825276271 
0.06408196226629487 0.09340812168717094 0.9935634981796462 
0.17401663606027215 0.9819381695675791 0.07426736511105785 
0.04078937769264284 0.17157718276536044 0.984325909961609 
0.23133573186655582 0.9728438720326971 0.0076537448477653385 
0.7495470121682827 0.6584380284893693 0.0681075560318625 
0.6683347874364389 0.6995282745659698 0.2529600857547444 
0.1637927953437299 0.39593997152234683 0.9035504740435758 
0.8459350566757279 0.24739744039275108 0.47242818118117025 
0.9985075492347544 0.03861751648570222 0.03861815041766121 
0.1656528766769926 0.2110104973461509 0.9633450547225368 
0.013457089952739252 0.024000521584881012 0.9996213691661748 
0.1906757742241464 0.1291812354172748 0.973116106916379 
0.9937556173700193 0.10584856327177093 0.035296665548379014 
0.808897897587924 0.3319941035196859 0.4852464389421082 
0.1026891079653928 0.2568943848815976 0.9609683772744959 
0.26614595675519426 0.9105561761264289 0.31631278795027973 
0.32673950749879843 0.9037202928431876 0.2766422356453658 
0.06489405091396909 0.5510450554039097 0.8319483812538359 
0.5476143957118172 0.10198488590872533 0.8304923579752953 
0.2422407292081215 0.015399937576775423 0.9700939495921771 
0.9206558845824939 0.3081349144367286 0.2396781522974019 
0.2526492295636898 0.29454161191207073 0.9216363738769825 
0.6433807898201507 0.6444917423753587 0.41314834297183595 
0.46406101284270523 0.8160413247034616 0.3445633943639722 
0.2209549786800758 0.9640416502255545 0.14765701482447952 
0.516964603624535 0.17396823445225781 0.8381423816994891 
0.43577587995030387 0.7270585775871323 0.5305517950309043 
0.3396352643795771 0.07942421342225682 0.9371977814272028 
0.03671910095296781 0.9590235103465495 0.2809370289367128 
0.9160271986500362 0.3908444854626277 0.09019290169864139 
0.3401409385490959 0.6854106551504195 0.6438294616815957 
0.7287500100826668 0.12468764591951226 0.6733323204477589 
0.7632731256984461 0.06645904666318622 0.6426486837325235 
0.9887665934140702 0.04727735547502507 0.1417937777464979 
0.9456145789464804 0.29612886877015654 0.13461337661903489 
