0.996583628726459 0.0825897751201889 
0.28560083227328775 0.9583486654682655 
0.8874407150962867 0.46092187753391695 
0.9184502283733185 0.3955365697391319 
0.8957903412722115 0.4444768435851466 
0.8695242705269921 0.49389021347309786 
0.7815676076607536 0.6238205468365452 
0.13178880480476074 0.9912778172279115 
0.6851401139910058 0.728411301532583 
0.9739764276101145 0.2266493292728648 
0.3317990037103071 0.9433501052826821 
0.828766745297883 0.5595942118074079 
0.07086158702094628 0.9974861580417409 
0.5595949680464607 0.8287662346748211 
0.04807271547391404 0.9988438386589588 
0.27056335238102674 0.9627021721946722 
0.7556889368969023 0.6549307067557831 
0.9486823001732159 0.3162307596329875 
0.0593551643744312 0.9982369280196381 
0.5103769778476933 0.8599507779420024 
0.9801155220477172 0.1984277285087208 
0.9771766043031929 0.21242853857822705 
0.937669643630854 0.3475278973164416 
0.9874770593073151 0.15776266143095224 
0.8499656280066402 0.5268381451710551 
0.25572204148002087 0.9667503491084399 
0.09454656663889444 0.9955204401401294 
0.9828047503264231 0.18464783436535925 
0.8786872960021321 0.4773977752822706 
0.2410812287473414 0.9705049413298584 
0.4773976246440198 0.8786873778450716 
0.08258983759680033 0.996583623548839 
0.9998792223426747 0.015541580595551618 
6.123233995736766E-17 1.0 
0.9988438547787031 0.048072380540401506 
0.18464694661353864 0.9828049171154452 
0.5268376045691424 0.849965963090198 
0.9627020089037824 0.27056393339213103 
0.4280848088788234 0.9037385664046773 
0.8395706598098264 0.5432505013218973 
0.2124288539392142 0.9771765357467769 
0.931632159332292 0.36340269632716105 
0.9894812854487414 0.14466093372678915 
0.9996575222594096 0.026169413256281245 
0.9993148522241742 0.03701116215653115 
0.805951134480111 0.5919820679971834 
0.5758441761467737 0.8175594686613589 
0.03701167942128519 0.9993148330663445 
0.19842748242958913 0.9801155718672442 
1.0 0.0 
0.9912778617422618 0.13178846998007537 
0.9928767986346678 0.1191455527200799 
0.10673214795926474 0.9942878097372017 
0.5919822897400472 0.8059509716069153 
0.4609200118959278 0.8874416840749919 
0.2266494390954931 0.9739764020538169 
0.9667505270283814 0.2557213688574868 
0.3475281246950925 0.9376695593576194 
0.8599502446486958 0.5103778764098696 
0.17109206698760188 0.9852550454648329 
0.41176662343519205 0.9112893326626734 
0.30082551874239966 0.9536791951559844 
0.699855084004959 0.7142848601170347 
0.9705049756428982 0.24108109061553898 
0.3162273617149517 0.9486834328177135 
0.14466099610909908 0.9894812763285231 
0.9982369364178203 0.05935502313338368 
0.9974863737726741 0.0708585502098448 
0.015543059721602241 0.9998791993508469 
0.9433499943234366 0.3317993191825026 
0.3794098304551593 0.9252287179686909 
0.6549306156956617 0.7556890158157001 
0.8175588530786282 0.5758450501243872 
0.9955204304003714 0.0945466691928349 
0.7142849745999658 0.6998549671615729 
0.9252287527016874 0.3794097457552717 
0.6079798400879489 0.7939524633418754 
0.4444768303151709 0.8957903478565611 
0.6701585668261864 0.7422179567414628 
0.39553628764124205 0.9184503498605597 
0.6394778102590445 0.7688095539119539 
0.4938903720236497 0.8695241804701815 
0.9037374125098295 0.42808724488127203 
0.9583486612374583 0.285600846469984 
0.0051275397363567225 0.9999868540817185 
0.7284128100837599 0.6851385101611792 
0.7939525409227736 0.6079797387761138 
0.5432520802241354 0.8395696381671681 
0.9999868520246187 0.005127940901899925 
0.9536795598896145 0.3008243624588128 
0.1191454037899904 0.9928768165063178 
0.3634023303423359 0.9316323020922792 
0.6238207299215804 0.7815674615285021 
0.026169136475419904 0.9996575295050455 
0.7688089912779162 0.6394784866828852 
0.1577630332933944 0.9874769998972469 
0.9112893821188501 0.4117665139826749 
0.994287833486274 0.10673192671910059 
0.7422171164701984 0.6701594974471853 
0.9852551164742647 0.1710916580704132 
