0.8059515610786658 0.5919814872061976 
0.44447684602786175 0.8957903400601753 
0.9667501294378148 0.25572287193751025 
0.47739777804333977 0.8786872945020214 
0.7284113615172073 0.6851400502179451 
0.9536793894627535 0.30082490274900714 
0.6079800719305395 0.7939522858052215 
0.895790329519264 0.444476867271817 
0.048072520377537356 0.9988438480486083 
0.03701096666795838 0.9993148594643748 
0.33179870450932103 0.9433502105188382 
0.7422180457301809 0.6701584682688648 
0.9801155173921472 0.1984277515044798 
0.5268379322167999 0.8499657600030289 
0.15776250049618856 0.9874770850187816 
0.878687468410432 0.47739745795140764 
1.0 0.0 
0.3634022604793216 0.931632329343781 
0.21242955109658923 0.9771763841911559 
0.015541744359640768 0.9998792197972011 
0.9184502109781373 0.3955366101313696 
0.9982369730132314 0.059354407665994105 
0.9988438469085528 0.04807254406543978 
0.41176669385848497 0.9112893008418637 
0.817558998523454 0.5758448436283223 
0.18464770274559522 0.9828047750549314 
0.07086011248262548 0.9974862627920996 
0.144660922467136 0.9894812870948886 
0.7556885459325127 0.6549311578680653 
0.9894812791473914 0.14466097682803827 
0.059354518717359105 0.998236966410196 
0.903737608690157 0.428086830723624 
0.17109157507686543 0.9852551308862681 
0.11914557323405794 0.9928767961729833 
0.887441992405569 0.46091941824491844 
0.131788176254205 0.9912779007925026 
0.9996575442508067 0.026168573183236826 
0.8499658542600893 0.5268377801486114 
0.8599507056481166 0.5103770996579944 
0.005127598009394656 0.9999868537829155 
0.5919812239106567 0.8059517544724628 
0.3794098413948594 0.9252287134826327 
0.026168781756268095 0.9996575387908565 
0.6549303582172776 0.7556892389636023 
0.8287674257226229 0.559593204087663 
6.123233995736766E-17 1.0 
0.39553605612612586 0.9184504495639327 
0.24108134109942286 0.9705049134206915 
0.9942877572431978 0.10673263697806668 
0.987477079452871 0.15776253533468712 
0.9993148645966725 0.037010828093061124 
0.6238208165270082 0.7815673924029691 
0.7939520911358013 0.6079803261464043 
0.5758452570233595 0.8175587073499376 
0.8695242827570238 0.49389019194137 
0.9928767698085611 0.11914579293671072 
0.22664928383742167 0.9739764381831749 
0.9974861935018547 0.07086108786337125 
0.543251453865788 0.8395700434583809 
0.08258986627789051 0.9965836211719518 
0.34752821480023016 0.9376695259619804 
0.9433501495127411 0.3317988779581525 
0.9999868513738265 0.005128067809689279 
0.49389033818153993 0.8695241996925239 
0.9998792083929043 0.015542478038558712 
0.9955204294168742 0.0945466795484768 
0.5103773942586867 0.8599505308037859 
0.9112897205482133 0.41176576499650774 
0.9486831258755118 0.316228282541375 
0.6851401557861019 0.7284112622203174 
0.6701587697130846 0.7422177735521057 
0.10673156350519002 0.9942878724754404 
0.768809615743578 0.6394777359222227 
0.9376693840246062 0.3475285977627103 
0.9739764231045235 0.2266493486346659 
0.9627020613573141 0.2705637467555074 
0.3162277463314878 0.948683304612297 
0.7815671653372419 0.6238211010111059 
0.991277862171955 0.13178846674803749 
0.9316325458870969 0.363401705339871 
0.9828046623356329 0.18464830270366048 
0.27056372388424194 0.9627020677851957 
0.9771764569974211 0.21242921618733934 
0.42808720394006305 0.9037374319030826 
0.4609211333960556 0.8874411015886606 
0.9252287483512789 0.37940975636417923 
0.2557221656791702 0.9667503162556271 
0.9705049145650465 0.24108133649266947 
0.7142843698022 0.6998555844288692 
0.300825051627573 0.9536793425010673 
0.5595943321676626 0.8287666640290424 
0.9852550895828738 0.17109181292815653 
0.6394780733508767 0.7688093350782434 
0.09454666097388731 0.995520431180942 
0.8395702442908478 0.5432511434883558 
0.9583486498215085 0.28560088477680146 
0.1984276543111641 0.9801155370692627 
0.996583628762149 0.08258977468952906 
0.2856008620492555 0.9583486565946249 
0.6998551336675222 0.7142848114577369 
