0.3221060010729279 0.32210600107292786 0.8902221341584436 
0.18817325464837248 0.18817325464837245 0.963940689290621 
0.6951387193394823 0.6951387193394822 0.1832056815443472 
0.7054420383474203 0.7054420383474201 0.06857886747733603 
0.4144546158215194 0.4144546158215193 0.8102189474756027 
0.45256820365874956 0.45256820365874945 0.7683515094500598 
0.64432863737608 0.6443286373760799 0.4119237964893121 
0.27365274070364004 0.27365274070364 0.9220782803052964 
0.16033388784275168 0.16033388784275168 0.973953843269 
0.6842106756031973 0.6842106756031971 0.2524113760931407 
0.07871815223371978 0.07871815223371977 0.9937841340139305 
0.12208939350817981 0.1220893935081798 0.9849814008323252 
0.5278138741763184 0.5278138741763183 0.6654509962829503 
4.329780281177467E-17 4.329780281177466E-17 1.0 
0.5965388858168466 0.5965388858168466 0.5369196545264389 
0.01871458572305112 0.018714585723051118 0.999649702927195 
4.329780281177467E-17 4.329780281177466E-17 1.0 
0.12208939350817981 0.1220893935081798 0.9849814008323252 
0.18817325464837248 0.18817325464837245 0.963940689290621 
0.6842106756031973 0.6842106756031971 0.2524113760931407 
0.11007998067902973 0.11007998067902972 0.9878080763525924 
0.6390130842196347 0.6390130842196345 0.4281641699070819 
0.16033388784275168 0.16033388784275168 0.973953843269 
0.36886599281082 0.36886599281081994 0.8531563506739994 
0.48163004022412526 0.4816300402241252 0.732164604926662 
0.4837949682289918 0.4837949682289917 0.7293043654281919 
0.01871458572305112 0.018714585723051118 0.999649702927195 
0.37198446114720773 0.3719844611472077 0.8504440730171756 
0.27365274070364004 0.27365274070364 0.9220782803052964 
0.7071067811865476 0.7071067811865475 0.0 
0.5965388858168466 0.5965388858168466 0.5369196545264389 
0.7003202371515299 0.7003202371515298 0.13821407624424464 
0.01871458572305112 0.018714585723051118 0.999649702927195 
4.329780281177467E-17 4.329780281177466E-17 1.0 
0.07871815223371978 0.07871815223371977 0.9937841340139305 
0.5965388858168466 0.5965388858168466 0.5369196545264389 
0.6842106756031973 0.6842106756031971 0.2524113760931407 
0.29672481476530227 0.29672481476530227 0.9076942043469233 
0.4144546158215194 0.4144546158215193 0.8102189474756027 
0.1650004927563583 0.16500049275635828 0.9723937858606039 
0.12208939350817981 0.1220893935081798 0.9849814008323252 
0.6981696166052667 0.6981696166052666 0.1584877689240091 
0.45256820365874956 0.45256820365874945 0.7683515094500598 
0.27365274070364004 0.27365274070364 0.9220782803052964 
0.64432863737608 0.6443286373760799 0.4119237964893121 
0.7071067811865476 0.7071067811865475 0.0 
0.18817325464837248 0.18817325464837245 0.963940689290621 
0.4837949682289918 0.4837949682289917 0.7293043654281919 
0.6334173206328826 0.6334173206328825 0.4444828408887346 
0.12208939350817981 0.1220893935081798 0.9849814008323252 
0.5899701052582758 0.5899701052582756 0.551244546279669 
0.5532789728258166 0.5532789728258165 0.6227076010918918 
0.6842106756031973 0.6842106756031971 0.2524113760931407 
4.329780281177467E-17 4.329780281177466E-17 1.0 
0.27365274070364004 0.27365274070364 0.9220782803052964 
0.6951387193394823 0.6951387193394822 0.1832056815443472 
0.11007998067902973 0.11007998067902972 0.9878080763525924 
0.48163004022412526 0.4816300402241252 0.732164604926662 
0.1650004927563583 0.16500049275635828 0.9723937858606039 
0.37198446114720773 0.3719844611472077 0.8504440730171756 
0.18817325464837248 0.18817325464837245 0.963940689290621 
0.29672481476530227 0.29672481476530227 0.9076942043469233 
0.7054420383474203 0.7054420383474201 0.06857886747733603 
0.01871458572305112 0.018714585723051118 0.999649702927195 
0.4144546158215194 0.4144546158215193 0.8102189474756027 
0.3291305040553126 0.3291305040553125 0.8850684846951629 
0.18817325464837248 0.18817325464837245 0.963940689290621 
0.12208939350817981 0.1220893935081798 0.9849814008323252 
0.07871815223371978 0.07871815223371977 0.9937841340139305 
0.6842106756031973 0.6842106756031971 0.2524113760931407 
0.5278138741763184 0.5278138741763183 0.6654509962829503 
0.01871458572305112 0.018714585723051118 0.999649702927195 
0.1650004927563583 0.16500049275635828 0.9723937858606039 
0.6999237058109157 0.6999237058109156 0.1421745831287351 
0.45256820365874956 0.45256820365874945 0.7683515094500598 
0.5899701052582758 0.5899701052582756 0.551244546279669 
4.329780281177467E-17 4.329780281177466E-17 1.0 
0.7071067811865476 0.7071067811865475 0.0 
0.6334173206328826 0.6334173206328825 0.4444828408887346 
0.27365274070364004 0.27365274070364 0.9220782803052964 
0.45256820365874956 0.45256820365874945 0.7683515094500598 
0.6842106756031973 0.6842106756031971 0.2524113760931407 
0.5278138741763184 0.5278138741763183 0.6654509962829503 
0.12208939350817981 0.1220893935081798 0.9849814008323252 
0.5948045153017931 0.594804515301793 0.5407542668839499 
0.27365274070364004 0.27365274070364 0.9220782803052964 
0.6999237058109157 0.6999237058109156 0.1421745831287351 
0.64432863737608 0.6443286373760799 0.4119237964893121 
0.7071067811865476 0.7071067811865475 0.0 
4.329780281177467E-17 4.329780281177466E-17 1.0 
0.18817325464837248 0.18817325464837245 0.963940689290621 
0.07871815223371978 0.07871815223371977 0.9937841340139305 
0.1650004927563583 0.16500049275635828 0.9723937858606039 
0.33803364002772485 0.3380336400277248 0.8783316665242197 
0.01871458572305112 0.018714585723051118 0.999649702927195 
0.42168909765864593 0.4216890976586459 0.8027182630485455 
0.12208939350817981 0.1220893935081798 0.9849814008323252 
0.6951387193394823 0.6951387193394822 0.1832056815443472 
0.5782501934916427 0.5782501934916426 0.5755461992349142 
0.5278138741763184 0.5278138741763183 0.6654509962829503 
