0.1875025964821688 0.1875025964821689 0.9642020289466782 
0.5287044257475055 0.5287044257475054 0.6640355866894491 
0.4525407200555405 0.45254072005554075 0.7683838841251329 
4.329780281177467E-17 4.329780281177466E-17 1.0 
0.7056174710117121 0.7056174710117126 0.06486886160609667 
0.597832339740807 0.5978350078985106 0.5340369644872321 
0.27382083834234744 0.27382083834234766 0.9219784688261372 
0.12411904392036434 0.12411904392036428 0.9844739335668516 
0.07963821751470931 0.0796382175147093 0.9936375136950898 
0.6834807135624432 0.6881664945963332 0.2608395120458578 
0.1517127408476017 0.1517254351329213 0.9767646475160334 
0.6950087946046132 0.6950087946046131 0.18418889989487777 
0.018727614515558162 0.01872761451555817 0.9996492149294738 
0.4178682489726856 0.4163363199015534 0.8103968063406433 
0.6438937753577851 0.6438937753577855 0.4132815167788125 
0.32229021942923564 0.3222902194292356 0.8900887758648068 
0.5775545923341568 0.5781944507001866 0.5775233081497781 
0.40885882372839666 0.4088588237283966 0.8158853623634045 
0.32901779249096863 0.32892021711077507 0.8858756126169297 
0.695008794604613 0.6950087946046133 0.18418889989487777 
0.018727614515558162 0.01872761451555817 0.9996492149294738 
0.6236363402441883 0.6236069539415726 0.47153686418678015 
0.6901542446463567 0.690154244646357 0.2176562362838092 
0.4525407200555405 0.45254072005554075 0.7683838841251329 
0.23724530179290734 0.2372453017929073 0.9420346774691392 
0.12411904392036431 0.1241190439203643 0.9844739335668516 
0.7052326485719793 0.7053130439020691 0.07328928513091754 
0.18750259648216888 0.1875025964821688 0.964202028946678 
0.5542988241476398 0.55429882414764 0.6208909945369537 
4.329780281177467E-17 4.329780281177466E-17 1.0 
0.08367131725352246 0.0836713172535225 0.9929744313617148 
0.13909312125788648 0.1388482404883418 0.9821062969484924 
0.45691532821736314 0.45691536025729323 0.7631919703207454 
0.4906445186961686 0.4906445186961685 0.7200943775275644 
0.30016349980460855 0.3003755362625088 0.9058738044199622 
4.329780281177467E-17 4.329780281177466E-17 1.0 
0.6878234488727971 0.6878234488727972 0.2319435413230162 
0.27382083834234744 0.27382083834234766 0.9219784688261372 
0.7067115487717253 0.7067115487717252 0.03343013109964492 
0.6950087946046132 0.6950087946046131 0.18418889989487777 
0.12411904392036434 0.12411904392036428 0.9844739335668516 
0.019529406805083357 0.019529499430381445 0.9996215482548438 
0.4088588237283965 0.4088588237283967 0.8158853623634045 
0.665163331850952 0.6665420305584299 0.34047176665696866 
0.14741023792773422 0.1474102379277343 0.9780288561735679 
0.08367131725352246 0.0836713172535225 0.9929744313617148 
0.18750259648216883 0.18750259648216885 0.964202028946678 
0.6130193911785486 0.6130191459582901 0.49846227449296865 
0.12411904392036426 0.12411904392036431 0.9844739335668514 
0.2968343089876817 0.29683430898768165 0.9076226010934341 
0.4395627361599623 0.43956273615996205 0.7833065823540203 
0.6950087946046132 0.6950087946046131 0.18418889989487777 
0.6407099040513385 0.6407099040513382 0.42306221492949475 
0.018727614515558162 0.01872761451555817 0.9996492149294738 
0.4525407200555407 0.4525407200555406 0.7683838841251329 
0.5167103144273059 0.5167839083900869 0.6827530530994768 
0.18750259648216885 0.18750259648216883 0.964202028946678 
0.14741023792773422 0.1474102379277343 0.9780288561735679 
0.08367131725352246 0.0836713172535225 0.9929744313617148 
0.597832713828283 0.5978348229738377 0.5340370489750563 
0.6865068987287879 0.6882114556356905 0.24132596599274603 
4.329780281177465E-17 4.3297802811774677E-17 1.0 
0.7052326485719793 0.7053130439020691 0.07328928513091754 
0.25440976584395825 0.25443710898136235 0.9330992867688915 
0.018727614515558162 0.01872761451555817 0.9996492149294738 
0.436685732520624 0.43676169618276256 0.7866278067969399 
0.18750259648216883 0.18750259648216885 0.964202028946678 
0.4525407200555405 0.45254072005554075 0.7683838841251329 
0.5225531062137561 0.5228756271936236 0.6750149907388999 
4.329780281177467E-17 4.329780281177466E-17 1.0 
0.32229021942923564 0.3222902194292356 0.8900887758648068 
0.27382083834234744 0.27382083834234766 0.9219784688261372 
0.1517127408476017 0.1517254351329213 0.9767646475160334 
0.6878234488727971 0.6878234488727972 0.2319435413230162 
0.597832713828283 0.5978348229738377 0.5340370489750563 
0.10379692137418783 0.10380928620076389 0.9892428995535119 
0.6950087946046132 0.6950087946046131 0.18418889989487777 
0.6236595839165672 0.6235837083074459 0.47153686418678015 
0.12411904392036431 0.1241190439203643 0.9844739335668516 
0.7043411014556057 0.7043464585874843 0.0883706015178255 
0.4088588237283965 0.4088588237283967 0.8158853623634045 
0.4525407200555405 0.45254072005554075 0.7683838841251329 
0.23067609914644782 0.23076530911918375 0.9456645870796221 
0.7069853333685254 0.7071327730945011 0.02001337545999983 
0.12411904392036426 0.12411904392036431 0.9844739335668514 
0.5778049966773805 0.5779442150946897 0.5775233081497781 
0.6863677153056681 0.6862627790923139 0.25008537482989257 
0.1421729479729031 0.14217294797290309 0.9795783305736139 
0.6513255240125718 0.6534963794881078 0.3911108057403933 
0.2751315013141253 0.27513268361024407 0.921201312826723 
0.695008794604613 0.6950087946046133 0.18418889989487777 
0.018727614515558162 0.01872761451555817 0.9996492149294738 
0.0029627598267721877 0.002962759826772189 0.9999912220156824 
0.08367131725352246 0.0836713172535225 0.9929744313617148 
0.4906445186961686 0.4906445186961685 0.7200943775275644 
0.32229021942923564 0.3222902194292356 0.8900887758648068 
4.329780281177465E-17 4.3297802811774677E-17 1.0 
0.5857367482350071 0.5927658874369885 0.5717577192316542 
0.018727614515558162 0.01872761451555817 0.9996492149294738 
0.32229021942923564 0.3222902194292356 0.8900887758648068 
