0.09949000000000001 0.40051 
0.21683649999999996 0.2831635 
0.359694 0.140306 
0.4464285 0.053571499999999994 
0.1862245 0.3137755 
0.257653 0.24234699999999998 
0.4413265 0.05867349999999999 
0.4617346845076564 0.03826531549234358 
0.5 0.0 
0.380102 0.119898 
0.3341835 0.16581649999999998 
0.23214299999999996 0.267857 
0.344388 0.15561199999999997 
0.385204 0.11479600000000001 
0.267857 0.232143 
0.24744899999999997 0.252551 
0.048469409554109076 0.45153059044589094 
0.4923469522002767 0.0076530477997233115 
0.375 0.125 
0.2831635 0.2168365 
0.16581649999999998 0.3341835 
0.2933675 0.2066325 
0.354592 0.14540799999999998 
0.028061189512227545 0.4719388104877725 
0.130102 0.369898 
0.2882655 0.2117345 
0.278061 0.221939 
0.43622449999999996 0.06377550000000004 
0.10459199999999999 0.395408 
0.140306 0.359694 
0.058673499999999955 0.44132650000000007 
0.10969400000000004 0.39030599999999993 
0.022959190750933958 0.47704080924906606 
0.47704080921113917 0.022959190788860828 
0.40051 0.09949000000000002 
0.08928549999999999 0.4107145 
0.3392855 0.16071449999999998 
0.22193899999999997 0.278061 
0.16071449999999995 0.3392855 
0.4260205 0.07397949999999998 
0.227041 0.272959 
0.3290815 0.17091849999999997 
0.3137755 0.18622450000000002 
0.012755097522361125 0.48724490247763885 
0.47193880950765643 0.02806119049234357 
0.272959 0.227041 
0.17091849999999995 0.3290815 
0.4974489800743628 0.0025510199256372212 
0.3188775 0.18112250000000002 
0.0025510199004180195 0.497448980099582 
0.19132650000000004 0.30867349999999993 
0.18112250000000002 0.3188775 
0.20663249999999997 0.2933675 
0.4209185 0.07908150000000003 
0.46683673196797226 0.03316326803202774 
0.11989799999999999 0.380102 
0.11479599999999998 0.385204 
0.13520399999999996 0.364796 
0.06377550000000004 0.43622449999999996 
0.25255099999999997 0.24744900000000003 
0.094388 0.405612 
0.07397949999999996 0.4260205 
0.12499999999999997 0.375 
0.033163266865575 0.466836733134425 
0.007653049249546448 0.49234695075045354 
0.3239795 0.17602050000000002 
0.34949 0.15050999999999998 
0.45663263694993084 0.04336736305006916 
0.26275499999999996 0.23724500000000004 
0.4107145 0.08928550000000002 
0.05357150000000003 0.44642849999999995 
0.0790815 0.4209185 
0.14540799999999995 0.354592 
0.4821428553380533 0.01785714466194671 
0.24234699999999995 0.257653 
0.2015305 0.2984695 
0.2984695 0.2015305 
0.15050999999999998 0.34949 
0.08418350000000001 0.4158165 
0.017857144624019855 0.4821428553759801 
0.0 0.5 
0.390306 0.10969400000000001 
0.237245 0.26275499999999996 
0.06887749999999997 0.4311225 
0.19642849999999998 0.3035715 
0.364796 0.135204 
0.395408 0.10459200000000002 
0.15561199999999994 0.344388 
0.30867349999999993 0.19132650000000007 
0.2117345 0.2882655 
0.369898 0.130102 
0.1760205 0.3239795 
0.3035715 0.1964285 
0.4872449024524197 0.012755097547580307 
0.4311225 0.06887749999999998 
0.04336736305006918 0.45663263694993084 
0.405612 0.09438800000000003 
0.4515305904167132 0.04846940958328683 
0.038265314939546824 0.4617346850604532 
0.4158165 0.08418350000000002 
