0.2967849212739022 0.8368345379191977 3.9297805388548013 
0.8729268308860998 0.711471068947704 3.3111653872306075 
0.042363229829353144 0.07523487412727778 5.816945936099986 
0.6631833602861739 0.6419508571457371 4.882709517560472 
0.6511850898003128 0.8018063245146652 3.930340290409317 
0.271966135465891 0.7613280168854787 4.2604632126585695 
0.7948219522297673 0.2797098512877698 4.047008219777929 
0.0 0.0 6.0 
0.16192444420377491 0.24748493155892898 5.249731006611422 
0.10323074631506954 0.854275159475097 4.1194804407949235 
0.10426933602008415 0.7959485304891336 4.265978657536824 
0.17511644587159514 0.6716314495027291 4.95854587574251 
0.8729268308860998 0.6992694501769726 3.455856797489313 
0.6926486015977864 0.27018369670729414 4.717767438400692 
0.6877191152413464 0.854275159475097 3.4847560907310955 
0.7938592192200514 0.854275159475097 2.7746249670223726 
0.7288747261361082 0.6789178063921866 4.110718710823966 
0.9070003295498563 0.7959485304891336 2.8529662372361106 
0.6877191152413464 0.785005335423125 3.6867417608504356 
0.6675029809068547 0.03666376917241651 5.2861630246599685 
0.7713489414207982 0.7988414642279004 3.02937874803411 
0.8582665977962781 0.15681026421065056 3.994110497090628 
0.042363229829353144 0.751814282064333 4.648729212227636 
0.7335338182607991 0.8018063245146652 3.265708401936063 
0.6631833602861739 0.6794623379749829 4.615267822334798 
0.9070003295498563 0.7633122451069643 3.0546701703049797 
0.8729268308860998 0.6743341622190112 3.64360614983453 
0.7948219522297673 0.08507812383914676 4.35130751259112 
0.292118593537124 0.14982989072014982 5.299465624849347 
0.711526141193274 0.16419270149455228 4.681872337999692 
0.03787020279244285 0.8012689648847613 4.404612403666535 
0.9070003295498563 0.7959485304891336 2.8529662372361106 
0.6877191152413464 0.785005335423125 3.6867417608504356 
0.6368902775438128 0.854275159475097 3.8475423024446256 
0.271966135465891 0.7613280168854787 4.2604632126585695 
0.8729268308860998 0.711471068947704 3.3111653872306075 
0.7452186990214529 0.0 4.752104756623289 
0.22609068684838252 0.6716314495027291 4.879312867421743 
0.7948219522297673 0.08507812383914676 4.35130751259112 
0.8729268308860998 0.6384420146322818 3.843615911141151 
0.6877191152413464 0.854275159475097 3.4847560907310955 
0.042363229829353144 0.07523487412727778 5.816945936099986 
0.8582665977962781 0.15681026421065056 3.994110497090628 
0.7791526751013034 0.2797098512877698 4.180325177662496 
0.0 0.0 6.0 
0.05839113781596275 0.854275159475097 4.2398796230117926 
0.16192444420377491 0.24748493155892898 5.249731006611422 
0.0 0.6789913350825975 5.242316128580668 
0.292118593537124 0.14982989072014982 5.299465624849347 
0.6675029809068547 0.0 5.3658176673759375 
0.6631833602861739 0.6488907408406739 4.81789742119224 
0.6420959622537439 0.24598241195985382 5.0788929408822945 
0.7530136178446788 0.821287915199996 3.084271463675885 
0.2967849212739022 0.8368345379191977 3.9297805388548013 
0.7482759095411116 0.6467480801445262 4.205233134088049 
0.6631833602861739 0.6714140846220139 4.675026988722098 
0.8729268308860998 0.6992694501769726 3.455856797489313 
0.7949262323847034 0.854275159475097 2.7696954930407047 
0.7335338182607991 0.8018063245146652 3.265708401936063 
0.9070003295498563 0.7633122451069643 3.0546701703049797 
0.9070003295498563 0.7959485304891336 2.8529662372361106 
0.6675029809068547 0.0 5.3658176673759375 
0.7713489414207982 0.7988414642279004 3.02937874803411 
0.16578081470864162 0.0 5.668444148433276 
0.7288747261361082 0.6789178063921866 4.110718710823966 
0.8729268308860998 0.6384420146322818 3.843615911141151 
0.6926486015977864 0.27018369670729414 4.717767438400692 
0.6631833602861739 0.6467480801445262 4.832537561054666 
0.0 0.0 6.0 
0.271966135465891 0.7613280168854787 4.2604632126585695 
0.8413465997882165 0.2797098512877698 3.9045742064650573 
0.8079029096532034 0.0 4.407288152762563 
0.8582665977962781 0.15681026421065056 3.994110497090628 
0.7452186990214529 0.0 4.752104756623289 
0.7335338182607991 0.5872831127309746 4.646431072415817 
0.292118593537124 0.14982989072014982 5.299465624849347 
0.16123474080277436 0.6360610357924709 5.490625770151012 
0.08451067360396536 0.24748493155892898 5.684615460589083 
0.7335338182607991 0.8018063245146652 3.265708401936063 
0.711526141193274 0.7957260866689462 3.4545391187230745 
0.9070003295498563 0.7633122451069643 3.0546701703049797 
0.16123474080277436 0.7923976234931334 4.151192546423355 
0.7949262323847034 0.854275159475097 2.7696954930407047 
0.6368902775438128 0.854275159475097 3.8475423024446256 
0.042363229829353144 0.751814282064333 4.648729212227636 
0.10323074631506954 0.854275159475097 4.1194804407949235 
0.9070003295498563 0.7959485304891336 2.8529662372361106 
0.08451067360396536 0.24748493155892898 5.684615460589083 
0.22609068684838252 0.6716314495027291 4.879312867421743 
0.711526141193274 0.0 5.1236845766621295 
0.7948219522297673 0.08965950468417566 4.305415624737844 
0.6368902775438128 0.854275159475097 3.8475423024446256 
0.8577574881910702 0.711471068947704 3.3114816515463454 
0.7791526751013034 0.2797098512877698 4.180325177662496 
0.8582665977962781 0.15681026421065056 3.994110497090628 
0.292118593537124 0.14982989072014982 5.299465624849347 
0.8729268308860998 0.6384420146322818 3.843615911141151 
0.16578081470864162 0.0 5.668444148433276 
0.0 0.8368345379191977 4.494520323923849 
0.7247604909720472 0.08042599002893333 4.762232781446654 
