0.700162951574065 3.082452384005123 
0.8087645614834624 2.4040562673225887 
0.7171302534341398 2.9545107615391526 
0.19213881769253807 3.6212326208388435 
0.7771471825192034 2.5521448660873354 
0.7653877689789562 2.6208679616987443 
0.8143366770116544 2.38434362379553 
0.8237041357401024 2.3559814624262474 
0.6926135123657994 3.139695614835289 
0.8356603338948072 2.3288802959093284 
0.6610987601435242 3.3735773252256873 
0.7888584059840954 2.490575790910135 
0.7960450593281452 2.4565640487436733 
0.6710948702039959 3.3009052260562215 
0.8272663081888603 2.346819427706942 
0.7912321155080171 2.4790109516365124 
0.7507165121787056 2.7148741586766114 
0.7072437126504013 3.028830118954058 
0.6886380534710412 3.1697788549181416 
0.7532264101138243 2.6982150497362674 
0.7320691517711913 2.844718288160844 
0.042760449448266846 3.940469462862532 
0.8204010819487509 2.36528407577627 
0.25141169451558226 3.573194335077055 
0.7262923671828719 2.8867064197794496 
0.05934011581162443 3.909176073708429 
0.7581603471375201 2.666133532174897 
0.7748113285179946 2.5652743343136395 
0.7202570704695506 2.931228250013248 
0.7455968868243177 2.7495127448909065 
0.6500360685998384 3.4514337183978254 
0.7865005688300117 2.5023775376230937 
0.8172929142633464 2.374735849977794 
0.6802244062486196 3.2330937449961477 
0.8311901842446033 2.3377891834132836 
0.7605901234437493 2.6506777377747177 
0.10634614446491672 3.804035382899838 
0.7936259156362783 2.467676556686333 
0.22201378297684288 3.585498939793271 
0.8410818962896623 2.3200780228520026 
0.0 4.0 
0.7233093987379124 2.9086366114061404 
0.7984955059023104 2.445665143505647 
0.7292109498015904 2.865408136611002 
0.008634171991525191 3.990663996111337 
0.7677610927306189 2.606485445983443 
0.6757575610581321 3.2664145732000316 
0.6845124138097604 3.200899976927063 
0.7629983246357103 2.6355942680429223 
0.0754771996346078 3.8752466505409684 
0.6662161861650131 3.3366123452109067 
0.6440229066898 3.4923786474991725 
0.12113572204642331 3.7687116117846178 
0.7106299345089606 3.003277871405858 
0.8488540484596767 2.311357453856769 
0.17790808067062028 3.6451814090176335 
0.8061081116700466 2.4141752895886293 
0.7557067296587239 2.68197383017518 
0.734871492607498 2.824608876821036 
0.7139231902911465 2.9785166540305923 
0.13558277810111224 3.7346111349075475 
0.2383526698351784 3.575656821286799 
0.7429810789062333 2.76752967439803 
0.7841541810579453 2.5144261491132918 
0.02581788082966177 3.9679617211720175 
0.8009840368244152 2.4349721094928953 
0.8594009791272825 2.3070043655021673 
0.6376321017799158 3.534682843469403 
0.09114234810900171 3.8398458151143977 
0.7481742936632989 2.7319675676283097 
0.8115015570104291 2.3941146483679634 
0.703757413970904 3.055208642452503 
0.7818154531737088 2.5267305970460194 
0.7724701450171504 2.578700593648618 
0.696451452792031 3.110601736453539 
0.8035184740495445 2.4244778194924583 
0.7701210016794141 2.592433638773459 
0.16384457570478841 3.672368799564465 
0.20674625779618896 3.6010830783139793 
0.7376216915356726 2.805057112654719 
0.6557158365774198 3.411839947679365 
0.740323873299767 2.786036932905933 
0.779480880189735 2.5393002397177633 
0.14978097822018474 3.7023307779179073 
0.6316266335804874 3.5731936862113596 
0.7690223549832681 2.5989439696786274 
0.776992407169698 2.5530064638667893 
0.843272497945533 2.3171521140500886 
0.6466893628917214 3.4743522562069473 
0.8579047984537839 2.3070923115636925 
0.16981061787698729 3.66045330553887 
0.7532264101138243 2.6982150497362674 
0.8263895296535965 2.3489899777234715 
0.673426857891033 3.2854637585744726 
0.8367824409119581 2.326877197348205 
0.703757413970904 3.055208642452503 
0.7132337595855442 2.99718288058798 
0.6394341773132184 3.522887174271891 
0.7510211406959849 2.712840531396387 
0.660031066368233 3.404573669979864 
