0.25141156926040475 3.573194335077799 
0.7818155244165684 2.526730217806354 
0.7771471832702914 2.552144861909114 
0.7139232426816008 2.9785162609464866 
0.7794808871030114 2.5393002020779782 
0.0 4.0 
0.8594009850639736 2.307004365502226 
0.19213887765288823 3.6212325284548554 
0.07547693112848373 3.8752472390247767 
0.09114183296485702 3.8398470093629093 
0.6557157038026119 3.4118408829534475 
0.7037573218045656 3.055209340529562 
0.8272663434661665 2.3468193414911314 
0.6662162730444599 3.336611713194364 
0.7888584106617007 2.490575767805611 
0.7724701127193287 2.578700780679874 
0.8311902102913034 2.337789127204074 
0.8115014801046148 2.3941149207316954 
0.7629983174890163 2.6355943124496504 
0.00863427121662641 3.990663880772856 
0.758160261365504 2.666134081872872 
0.8061082192721751 2.4141748704392887 
0.770121009148099 2.592433594703761 
0.7455968322531472 2.749513118590307 
0.8143366475316793 2.3843437225771136 
0.7233094250326098 2.908636417421368 
0.7557066557769788 2.6819743105799367 
0.8356603361211175 2.328880291841764 
0.8087645091332374 2.4040564622012512 
0.8009840430177402 2.434972083357095 
0.7403238738994254 2.7860369287069195 
0.7072435915898939 3.02883103384119 
0.20674614391140056 3.6010832162100224 
0.688638007752588 3.1697792004218144 
0.7605901272219272 2.6506777139247353 
0.7532264000078973 2.6982151163655055 
0.8237041439707536 2.3559814402079793 
0.7348715051056203 2.8246087875456976 
0.7912321321256375 2.4790108718015036 
0.7292109561011111 2.8654080908215263 
0.7429810617321293 2.7675297933590057 
0.7320691670217394 2.844718178236241 
0.6710948689750252 3.3009052351028405 
0.8410820188528426 2.3200778489413656 
0.6610988817924777 3.373576453041474 
0.748174276850448 2.7319676813834626 
0.7202571112401666 2.931227947310402 
0.6376320860373703 3.5346829460430818 
0.7748112304835166 2.565274890981258 
0.17790797977747883 3.645181592348384 
0.820401078593529 2.3652840856160147 
0.7677610962258671 2.606485424985286 
0.7841541708213441 2.5144262023298642 
0.7984956191126622 2.4456646483940423 
0.13558252158032352 3.7346117316816723 
0.6845126588606374 3.200898132246913 
0.8488541647528071 2.3113573581228364 
0.7936258652302368 2.4676767918345903 
0.16384445285773389 3.672369050260203 
0.7865005574123084 2.5023775955198024 
0.6316265512634335 3.573194205383894 
0.6926135334456256 3.1396954551423484 
0.8172929170448027 2.3747358412199517 
0.22201368451552683 3.5854990209602358 
0.7376218256246292 2.8050561640405576 
0.7507164818842474 2.7148743610734485 
0.6757575973272691 3.2664143036812656 
0.7262922844485393 2.88670702583285 
0.7960450575119687 2.4565640569556773 
0.14978092195343795 3.7023309023277546 
0.6440228718227574 3.492378881815343 
0.8035184797532017 2.424477796330585 
0.7171302635519365 2.954510685994178 
0.12113594235939223 3.768711086481399 
0.059339833569310066 3.909176639497918 
0.10634638499747001 3.804034809876045 
0.7653878012601889 2.620867764397171 
0.7106298950077083 3.003278168983729 
0.6500359710879479 3.451434390766133 
0.6802242894454461 3.233094619399727 
0.02581800174068065 3.9679615425750128 
0.6964513162896856 3.110602771689531 
0.23835342516793903 3.575656537713692 
0.042760840403472236 3.9404687736433037 
0.7001628290930486 3.0824533128088465 
0.6464021637848465 3.4829538806726315 
0.8002328189396072 2.438159766229411 
0.7193753393071366 2.9377802402077995 
0.02979928673071633 3.961941124532019 
0.6631366072761314 3.3589218949206106 
0.7873967794434172 2.4978552435081287 
0.7776584793299016 2.5493071322890404 
0.7960450575119687 2.4565640569556773 
0.7236755179698744 2.905936736322011 
0.7036682450971139 3.0558840310359714 
0.7452503210872382 2.7518878574021652 
0.7139232426816008 2.9785162609464866 
0.6926135334456256 3.1396954551423484 
0.8115014801046148 2.3941149207316954 
0.8286076424279499 2.3455250138514425 
