0.7706779818235838 0.7782133148193581 3.1353969292923303 
0.021962047519485883 0.6914410514680046 5.224682900023719 
0.041695009602972816 0.0739561106429514 5.820907545086774 
0.7161751058745445 0.1590944465441844 4.643864061360931 
0.837155529159077 0.6291909682360162 3.9146796150702783 
0.7644489264542859 0.2515093126819047 4.199819583023749 
0.16937733642946723 0.8496978278071365 3.971990987201772 
0.163551249342626 0.7835934289720944 4.190317759168586 
0.0 0.0 6.0 
0.6611748097104301 0.037501667243245995 5.3225498240775195 
0.7492034885242448 0.8801088078639693 3.048951100565568 
0.8638893549340195 0.16537414116988747 3.9810228578570652 
0.25985265804665447 0.08355262325306465 5.431477916405479 
0.6311983629551879 0.8271951602099304 3.9228849672034034 
0.6181935809828868 0.26943392526129606 5.232439973351467 
0.8672340477257291 0.6759832605764744 3.5741592428025957 
0.787232888115029 0.7950461530343578 2.959789414312634 
0.787232888115029 0.08355262325306465 4.3559236887001465 
0.8586823682965428 0.7732762080236781 2.881072924681032 
0.6263407083107378 0.6914410514680046 4.857177068002389 
0.791816842899307 0.8527264718257631 2.7849626305709068 
0.7367170826279512 0.6914410514680046 4.02038341238357 
0.6690080738021497 0.6837031628024737 4.523218965142632 
0.8612281359852009 0.7980974127727739 2.7545467072456495 
0.8173545573121694 0.2515093126819047 3.947736361600436 
0.7103274046252493 0.8271951602099304 3.352550806209541 
0.26284145770245504 0.7439967451076682 4.3356097195023 
0.25924713185911386 0.6419904664876368 5.080062806304808 
0.16937733642946723 0.24031594796579592 5.236274989557959 
0.25039039103453964 0.8566958155515618 3.88050125166936 
0.7061549460019281 0.26378196421662203 4.739615924237254 
0.8780379315200442 0.7199010785522314 3.254584794950385 
0.7321091703092893 0.7541055189078031 3.5652560477124964 
0.04825123930105646 0.7541055189078031 4.622987601604785 
0.04825123930105646 0.7541055189078031 4.622987601604785 
0.837155529159077 0.6291909682360162 3.9146796150702783 
0.837155529159077 0.8305022187193799 2.6998192787742954 
0.7584075722304294 0.7541055189078031 3.3853764911995876 
0.6480519607113912 0.6430266744341188 4.974781116784242 
0.25985265804665447 0.08355262325306465 5.431477916405479 
0.7061549460019281 0.26378196421662203 4.739615924237254 
0.723058124271213 0.0654717763193984 4.813800469245228 
0.8586823682965428 0.7732762080236781 2.881072924681032 
0.23737032298022287 0.8566958155515618 3.883331028679104 
0.7103274046252493 0.7920350317769809 3.4807294533422732 
0.021962047519485883 0.6914410514680046 5.224682900023719 
0.12614675343612247 0.8637452724843462 4.064541340271777 
0.8672340477257291 0.6759832605764744 3.5741592428025957 
0.837155529159077 0.0 4.345002830146941 
0.8780379315200442 0.7199010785522314 3.254584794950385 
0.7484768362670746 0.8801088078639693 3.0825911541079054 
0.25924713185911386 0.6419904664876368 5.080062806304808 
0.723058124271213 0.037501667243245995 4.86000867849233 
0.245028620738878 0.7564108599365063 4.251189709840187 
0.0 0.8527264718257631 4.308750996154246 
0.787232888115029 0.7733106279277393 3.140414097023173 
0.7784365891152228 0.2515093126819047 4.118208318581967 
0.723058124271213 0.7323420664380692 3.7532428380429286 
0.041695009602972816 0.0739561106429514 5.820907545086774 
0.12614675343612247 0.3663831023139128 5.502697769847174 
0.7188588354750897 0.6430266744341188 4.440681704542639 
0.755586990944272 0.6767498112592478 3.9417871447146378 
0.0 0.0 6.0 
0.8179679322005268 0.1736781726686168 4.025648902031913 
0.7644489264542859 0.2515093126819047 4.199819583023749 
0.6181935809828868 0.26943392526129606 5.232439973351467 
0.787232888115029 0.7950461530343578 2.959789414312634 
0.17902684050962248 0.7732762080236781 4.217207944443116 
0.25985265804665447 0.08355262325306465 5.431477916405479 
0.041695009602972816 0.0739561106429514 5.820907545086774 
0.8780379315200442 0.7199010785522314 3.254584794950385 
0.7492034885242448 0.4274749651665188 4.628987826279617 
0.8780379315200442 0.8520098174004028 2.6298580641782534 
0.6480519607113912 0.6430266744341188 4.974781116784242 
0.245028620738878 0.7564108599365063 4.251189709840187 
0.7188588354750897 0.6430266744341188 4.440681704542639 
0.16937733642946723 0.6862259804061002 4.874426518034356 
0.7367170826279512 0.6914410514680046 4.02038341238357 
0.7484768362670746 0.8801088078639693 3.0825911541079054 
0.7367170826279512 0.839548900232953 3.1338095809791655 
0.723058124271213 0.7323420664380692 3.7532428380429286 
0.7644489264542859 0.2515093126819047 4.199819583023749 
0.787232888115029 0.7950461530343578 2.959789414312634 
0.791816842899307 0.7238045019377423 3.3811977353371416 
0.12614675343612247 0.8637452724843462 4.064541340271777 
0.6743224947996462 0.8331548788984335 3.629532697381245 
0.6435329373458191 0.25619016581640597 5.069194627627237 
0.8179679322005268 0.1736781726686168 4.025648902031913 
0.7784365891152228 0.2515093126819047 4.118208318581967 
0.8586823682965428 0.7732762080236781 2.881072924681032 
0.6743224947996462 0.158891773393798 4.959707168300464 
0.12614675343612247 0.3663831023139128 5.502697769847174 
0.23737032298022287 0.8566958155515618 3.883331028679104 
0.837155529159077 0.6291909682360162 3.9146796150702783 
0.04825123930105646 0.7541055189078031 4.622987601604785 
0.0 0.0 6.0 
0.7161751058745445 0.1590944465441844 4.643864061360931 
0.7584075722304294 0.7541055189078031 3.3853764911995876 
0.787232888115029 0.08355262325306465 4.3559236887001465 
0.8586823682965428 0.7732762080236781 2.881072924681032 
