0.3939631625304212 0.49600792503223246 0.773801760707643 
0.5143706926119073 0.830984853312034 0.211865438776419 
0.6000035196300917 0.7895080532473239 0.12912323682871152 
0.9205805101053673 0.30827612560733014 0.23978606046781603 
0.33968669485124836 0.07943916896929652 0.9371778741383635 
0.19425164344051632 0.8873570877158192 0.418167069364816 
0.19071972747722973 0.1292183720877452 0.9731025628709467 
0.03093220471762957 0.3519843395145626 0.9354946410577689 
0.5038266380571045 0.5511091019737232 0.6651597375862374 
0.6681620372231408 0.6996706629775745 0.25302263808272923 
0.5166850553269812 0.17387551663282866 0.83833397779013 
0.5226391809566703 0.8495086407036454 0.07199552693595623 
0.09092647929294637 0.9771910598919764 0.19191145830977788 
0.9455888416615561 0.2962349572027115 0.13456073965412324 
0.11697203171320493 0.057323021601238075 0.9914795081046249 
0.4330016429565899 0.39559734712584943 0.809945872354372 
0.9210237997103974 0.16119017198953764 0.3545883371192644 
0.23134368295899263 0.9728419070083448 0.007663179714496728 
0.8459445721603825 0.24747100251182283 0.4723726111325478 
0.10790349780616146 0.993341292996016 0.04037215364826825 
0.026001611417157733 0.7391208778369599 0.6730707571639355 
0.1737519538946426 0.9819858152694574 0.07425710152822942 
0.3225987058810363 0.3218871474768142 0.8901228787381665 
0.9937492665721358 0.10592188612614387 0.03525548506009195 
0.4100609480122439 0.910956280279209 0.044818236636078264 
0.402763914349167 0.8962080031122387 0.18599044183965743 
0.4221725876661785 0.04453842162960546 0.9054206951588786 
0.4357505817064182 0.7270283574387666 0.5306139821210967 
0.376819793364635 0.8079250870523772 0.45306058870756183 
0.8089166066111104 0.3320057682980031 0.48520726845918044 
6.123233995736766E-17 0.0 1.0 
0.09539871551363231 0.44911701354202377 0.8883653489558466 
0.4246526412184178 0.22350708186280516 0.8773338695521766 
0.7632631283053185 0.06646881613501276 0.6426595470785366 
0.007490276566015161 0.9996841699582275 0.023988665904858836 
0.003503976047798225 0.6732894552436633 0.7393706997234525 
0.2512676950395613 0.48574986449328506 0.8372046431872328 
0.03659465537984628 0.9590244397774563 0.2809500936237008 
0.5434057195043012 0.6465678482464571 0.5354066133547098 
0.8953779571115807 0.2946029602247065 0.3339272521755789 
0.25260041738310707 0.2944066695607503 0.9216928675301921 
0.5774981774576246 0.7335886794696346 0.3582506167295733 
6.123233995736766E-17 1.0 0.0 
0.06407307414820596 0.09343303033952571 0.9935617293408459 
0.06495141826533575 0.551047131196016 0.8319425295451376 
0.7286940760244851 0.12469197620948487 0.6733920512122159 
0.30483947874455924 0.6628454787192041 0.6838923625397895 
0.10265806619265097 0.25688150953828626 0.9609751357360484 
0.05817589901214049 0.9919947855197978 0.11207992806769601 
0.8464588609654804 0.143615698689307 0.5127201261731436 
0.9791874862640937 0.20092105558869466 0.028680937309129084 
0.24204858481194425 0.015380893026140558 0.970142211595936 
0.6084858340176936 0.7934647116687044 0.012599251417924904 
0.15908771724484688 0.9594227806907647 0.23280684292654605 
0.7169636522631256 0.4771840700178282 0.5081913858525555 
0.8604121539733982 0.033892821653896926 0.5084704533551531 
0.13643679932545447 0.6438059029055662 0.7529269281768152 
0.988760772413866 0.04727382366887049 0.14183554043772004 
0.9985079297519625 0.03860911995790597 0.038616707246042443 
0.940320479706008 0.33953746257707124 0.022620940568140964 
0.16374868124083103 0.39586442523416193 0.9035915704708158 
0.22083730825266598 0.9640703289370895 0.1476458063977737 
0.7344543229198587 0.6535227874006679 0.18298856219008292 
0.9750232737143005 0.19042990689401518 0.11430689513667103 
0.7886795580077728 0.5446031857337679 0.28529270034351756 
0.16564588128277552 0.2110522153921362 0.9633371187658679 
0.8202114991622941 0.5624875744752638 0.10421528296213171 
0.8422128126535846 0.4449346755952603 0.30448433893236454 
0.3266527434224798 0.9037407825197057 0.2766777606263975 
0.9579096322439233 0.17625694260040617 0.22658911412393423 
0.6076086616554083 0.46817435700883675 0.6415796799468374 
0.9160009270168512 0.3909116799203688 0.09016851005813953 
0.2422800272347188 0.8244957642224332 0.51137767176756 
0.8687892764043942 0.4611436099878101 0.1804210746341458 
0.040811780402902995 0.17162089652823442 0.9843173606389307 
0.11768749256717716 0.9199123665159683 0.37404664418256894 
0.5476758112225825 0.10200201230178305 0.8304497548245009 
0.3378067376263202 0.9341970591634715 0.11472777634289041 
0.46413027237968707 0.8160344013735346 0.3444864961586955 
0.9805677560724502 0.10094614340594316 0.16821638410840703 
0.529531470994487 0.32999000349256985 0.7814748996745762 
0.34008384696415855 0.6854125579425073 0.6438575948521289 
0.055574428092958546 0.8777228529553835 0.47593494969586214 
0.31378153191953156 0.15336891012595136 0.9370267486219429 
0.6285172199592866 0.02506124772809795 0.7773918176035564 
0.0904139180382452 0.8133249324144303 0.5747415747429765 
1.0 0.0 0.0 
0.6510381379810642 0.371309864261537 0.6620259266797849 
0.7495122905961187 0.6584800800723827 0.0680831138626056 
0.9255913676693934 0.08508150045333428 0.3688383905947305 
0.21437581287697224 0.5875743356057838 0.780255990679187 
0.2658960231094738 0.910637911253508 0.3162876846834453 
0.1643310872948695 0.7691498187904044 0.6175790232862305 
0.7539732338452673 0.4925357107855352 0.4346641648973355 
0.9554866604515778 0.04172794823266 0.29206851941861983 
0.013409672176184452 0.023898431677900914 0.9996244523096983 
0.6454898546238439 0.22368567101576173 0.7302791029188208 
0.7382790904530776 0.24571558864731932 0.6281463476734369 
0.6434194213462929 0.6444969713410512 0.41308001908421366 
0.8401379119346436 0.5420913952110443 0.017470208019376463 
