0.43573157031825355 0.05498822364675885 0.9000766626393493 
0.9539941322150794 0.03955105172888055 0.29982527528411856 
6.123233995736766E-17 0.0 1.0 
0.9941628727743324 0.6819912786180792 0.10788967697183423 
0.3113851974307443 0.42418261452456935 0.9502837780479136 
0.6078656279183029 0.8618684160048082 0.7940399098253735 
0.853175689425357 0.16631531537947708 0.5216236602892613 
0.5669587161701626 0.13487226883987222 0.8237462073713487 
0.4562344502801704 0.22157473064360822 0.889859610487829 
0.7460627916595649 0.22157953252595294 0.6658755971659696 
0.9426620377049737 0.2611086413117715 0.3340209770343204 
0.712927966197376 0.3879968046368763 0.7061652315185662 
0.11248251416541707 0.05909329977302982 0.9936537042687592 
0.49824288815713863 0.47957756865444867 0.8670374988435235 
0.5633588156781812 0.22157953252595294 0.8262123484901912 
0.21325291756759046 0.42418261452456935 0.9769970282190783 
0.9913316444015403 0.05621612117376403 0.13138329729512066 
0.37055513552666963 0.13487226883987222 0.9288104712667765 
0.9484715029179132 0.42558217435095663 0.31686244358180904 
0.5967184885092589 0.6433397003339142 0.8024506498665358 
0.6840372447052212 0.2215923017388616 0.7294470836572653 
0.999220145732886 0.011082426805544672 0.03948544493291272 
0.6296033204308139 0.031529587911385396 0.7769167644622518 
0.9326286959677959 0.14963318678728113 0.3608375194702023 
0.8611094926539932 0.05621612117376403 0.5084195527919657 
0.9994979683516906 0.100471472485005 0.03168298061803879 
0.9937207969451349 0.3430494848418478 0.11188823762454171 
0.9426620377049737 0.7139514366749615 0.3337488317131712 
1.0 0.0 0.0 
0.8714310840798493 0.8618684160048082 0.4905179565514587 
0.016699099758233582 0.17147263237988716 0.9998605603119189 
0.9577725517178478 0.3045134989462326 0.2875269364353234 
0.885509813255821 0.5490406309159241 0.46462067391329137 
0.722477458438786 0.12759604151885687 0.6913944764371728 
0.9858369121402246 0.12715656725711896 0.17232600143498916 
0.18884017077781926 0.06023290794037339 0.9820078359670069 
0.5434115037594448 0.29945906798686905 0.8394664600696676 
0.06361652345622221 0.05909329988396355 0.9979751010736243 
0.8583385870894283 0.2487435373046145 0.5130836870465908 
0.3422760006685503 0.0756642537143911 0.9395994568784842 
0.9232470833499299 0.06581382514387316 0.3842067452373106 
0.37491771225182424 0.6912382805437753 0.9270580936704336 
0.24905282735128875 3.3863006226258424E-10 0.9684899014384865 
0.7806278710952016 0.4966347526119329 0.62499610148334 
0.9858369121402246 0.4887007781146084 0.1677068354654248 
0.9767249286900465 0.17147263237988716 0.21449571948042137 
0.18334812502567002 0.8618628921096471 0.9830480481896962 
0.9994932732423253 0.16716618939790023 0.03183075153593641 
0.7636542141333541 0.05888878661160798 0.6456254651393247 
0.6022736605719086 0.6912382805437753 0.7982896953996798 
0.861318575087414 0.0076422981092433406 0.560989943460543 
0.3422760006685503 0.0756642537143911 0.9395994568784842 
0.9885484204740871 0.4887007781146084 0.15090401047748034 
0.21325291756759046 0.42418261452456935 0.9769970282190783 
0.18334812502567002 0.8618628921096471 0.9830480481896962 
6.123233995736766E-17 0.0 1.0 
0.37055513552666963 0.13487226883987222 0.9288104712667765 
0.9539941322150794 0.001670562318461904 0.34976137240457617 
0.9484715029179132 0.42558217435095663 0.31686244358180904 
0.7552445599471563 0.29945906798686905 0.6554430979652057 
0.43573157031825355 0.05498822364675885 0.9000766626393493 
0.5612296225979392 0.05498822364675885 0.8276601420381283 
0.8920917735236233 0.5330832288159244 0.454047099673706 
0.853175689425357 0.16631531537947708 0.5216236602892613 
0.6296033204308139 0.031529587911385396 0.7769167644622518 
0.7542050050068921 0.6590700523573206 0.6566390259667436 
0.722477458438786 0.12759604151885687 0.6913944764371728 
0.7169286662077338 0.031529587911385396 0.6971468736642747 
0.9994932732423253 0.16716618939790023 0.03183075153593641 
0.9577725517178478 0.3045134989462326 0.2875269364353234 
0.07693136648745345 0.17147263237988716 0.997036390935844 
0.06361652345622221 0.05909329988396355 0.9979751010736243 
0.4562344502801704 0.22157473064360822 0.889859610487829 
1.0 0.0 0.0 
0.976450938701813 0.07566340812836946 0.2157395752020205 
0.24905282735128875 3.3863006226258424E-10 0.9684899014384865 
0.8714310840798493 0.8618684160048082 0.4905179565514587 
0.9941628727743324 0.6819912786180792 0.10788967697183423 
0.999220145732886 0.011082426805544672 0.03948544493291272 
0.9958490600469343 0.05621612117376403 0.09102005055831053 
0.11248251416541707 0.05909329977302982 0.9936537042687592 
0.9232470833499299 0.06581382514387316 0.3842067452373106 
0.9546104959644546 0.2538538287450247 0.2978570143449673 
0.5346234075670588 0.47957756865444867 0.8450904165125684 
0.7132253563461766 0.38659821695880753 0.7064334469308522 
0.8583385870894283 0.2487435373046145 0.5130836870465908 
0.9994979683516906 0.100471472485005 0.03168298061803879 
0.37491771225182424 0.6912382805437753 0.9270580936704336 
0.9482597154924786 0.13487226883987222 0.3174956881189469 
0.5434115037594448 0.29945906798686905 0.8394664600696676 
0.6840372447052212 0.2215923017388616 0.7294470836572653 
0.9074557456474344 0.29945906798686905 0.42014767605147946 
0.9994932732423253 0.16716618939790023 0.03183075153593641 
6.123233995736766E-17 0.0 1.0 
0.7217669391041507 0.2487435373046145 0.6921361756303633 
0.9982793542888269 0.0 0.058637281661779034 
0.9232470833499299 0.06581382514387316 0.3842067452373106 
0.6022736605719086 0.6912382805437753 0.7982896953996798 
0.21325291756759046 0.42418261452456935 0.9769970282190783 
0.7636542141333541 0.05888878661160798 0.6456254651393247 
