0.3108252704859446 0.339165742087753 0.9524528585341347 
0.6612461192531306 0.257482363189292 0.7587321282114207 
0.7614139896422644 0.07252580732376714 0.6473502712521428 
0.9915669119585768 0.09717934179959424 0.1802945947883197 
0.0978678556804796 0.053674508385502355 0.9956716724067037 
0.24260455330619546 0.11284493131538974 0.9700362084707425 
0.869243388127759 0.31783028281497827 0.5032478805231446 
0.6573496834059571 0.3611696510092763 0.7589399014560464 
0.9465563184011272 0.2755976043534446 0.33640072044802205 
0.40751844603595067 0.9475596485768182 0.91620789050275 
0.31380080844169694 0.4832970696850797 0.9518686901734712 
0.3130587711615229 0.07815778273016895 0.9518748551992009 
0.9416412792619471 0.4316317494252779 0.3541674084505005 
0.9990464121772917 0.1280595733181692 6.890222948784386E-4 
0.9564060402990459 0.04409471874658466 0.2922889574105449 
0.9462651892786977 0.16474321970473113 0.34670596352968475 
0.8567003840422626 0.12909330748230996 0.5172370271393245 
0.09739893239531688 0.23025477483495538 0.9955537384118185 
2.625785698690203E-8 2.0463151531710266E-7 1.0000030519685081 
0.6609107580355146 0.6259399038393442 0.7587321282114207 
0.8612179468965174 0.2839676749531818 0.5130521463446336 
1.0055745188283762 0.04780354585212734 0.13441923995326183 
0.962315797960028 0.5862761899147525 0.27795180106066436 
0.985483832275425 0.540457017238845 0.18428122236073213 
0.5185529889213879 0.21717634205477207 0.8553367058153262 
0.756798758750427 0.26628795798376625 0.6636948854863958 
0.40806167108551705 0.4561251145811569 0.9161228876263342 
0.9912059441291227 0.6088583132999735 0.17438271834391939 
0.30391069963926537 0.24338484688458178 0.9534672371290004 
0.4134913131456778 0.037727423118853604 0.912384215713394 
0.9843583440510894 0.16204617566223584 0.22698215132080843 
0.749073716607776 0.10293599559565754 0.6700125114180987 
0.24261128904904228 0.015685118128494473 0.9700425431592927 
0.5108742855315137 0.048989465387838604 0.8669414896113018 
0.40341510473439957 0.21725447596659464 0.9186828269151818 
0.3013237741831724 0.16034170737458137 0.9539524149762365 
0.8638542896001284 0.041232554130593894 0.5178149177156666 
0.9990513921328888 0.06903364471675384 8.755532028491411E-4 
0.749134851892411 0.7078217499919407 0.6683226097088849 
0.9685501542019873 0.3542712595920735 0.26259802654934244 
0.931821769306242 0.08262986264001004 0.36460587264565436 
0.7550427513497993 1.0298653232538026 0.6663463086593616 
0.9462651892786977 0.2393575768817251 0.33905402815145913 
0.7606837128888625 0.18064367831982792 0.6486536191961384 
0.9679263544459714 0.09951018002843423 0.27748674664298384 
0.6724990269972386 0.06544910858197733 0.7527216401383695 
2.625785698690203E-8 2.0463151531710266E-7 1.0000030519685081 
0.9452115615115382 0.06193906677582173 0.34887443122869044 
0.3219044453945379 0.024376787002138932 0.9595573478706881 
0.5279378465820477 0.6450094363582927 0.8536492735728027 
0.7488651893295445 0.27556389579318163 0.7076374675893368 
0.9358921214734498 0.13350611007039906 0.35482899937087686 
0.5197457662176403 0.24427178157950416 0.8551557533078488 
0.9755110547560596 0.12822088043802315 0.2579752915074224 
1.0756292469357431 0.04723414637644555 0.1840064573941294 
0.7606701316894637 0.05913328540964121 0.6486710309053352 
0.944305000624897 0.04103424221442665 0.5141435811384485 
0.6609688963554768 0.2575727957260369 0.7589399014560464 
0.8846670391901648 0.1433886797384624 0.48226763830224223 
0.982954638316707 0.3775917614540293 0.22698215132080843 
0.25063126823079074 0.03814184397981253 0.9698237433956608 
0.414560016528354 0.03596964290595076 0.9136516308113215 
0.09719821035092976 0.07046868909727518 0.9960072792992716 
0.9675183347451156 0.5044827900936952 0.26815526122172373 
0.5184682283137596 0.03917149270075802 0.8579161488655872 
0.3116871471241615 0.6323923306970871 0.9522703222320065 
0.9990464121772917 0.06903497273279241 8.476219660207063E-4 
0.986272660164228 0.1032479619609317 0.19635428839842406 
0.4096620697045615 0.33584130958173375 0.91620789050275 
0.8531302979941603 0.21695657794337306 0.5323211827590367 
0.10286046423899184 0.01763030584881659 0.9955049073462539 
1.0761634212971873 0.04670468212842669 0.13780885090186779 
0.30566715504954883 0.0977520053740186 0.9576034273347027 
0.6609688963554768 0.2575727957260369 0.7589399014560464 
0.9898348613535412 0.5446649265275539 0.17870170266903446 
2.625785698690203E-8 2.0463151531710266E-7 1.0000030519685081 
0.961771264029005 0.14041797940978798 0.2785362678426509 
1.0076712980780191 0.0698141609487869 3.051968508183123E-6 
0.9476850965618178 0.25088457303857564 0.33584270179305376 
1.1957531724020205 0.04662260811678474 0.283233288992286 
0.7523802646948903 1.0346326611638579 0.6637690362745557 
0.7788027312060593 0.036148873228157644 0.9128831607622573 
0.7492950528839907 0.09055689180502108 0.6683493157221391 
0.9462651892786977 0.09770736610927955 0.3467063757715373 
0.9370510628350963 0.1294358867028235 0.35567506447304015 
0.9431319481697268 0.07487693259711983 0.47616666704889865 
0.7486899557660937 0.3257262288766085 0.7098534659345073 
0.24260782893009242 0.0379093887933146 0.9700362084707425 
0.863330526711092 0.1197168938235368 0.5104647696991439 
0.38529764403282246 0.43642063587110735 0.9518686901734712 
0.40135840213269064 0.12235312145393135 0.9422366312722487 
0.9686772871426359 0.06229178270756333 0.2656132593598329 
1.0728448574135272 0.04723414637644555 0.20014990136303107 
0.663432114383027 0.06562711351019143 0.7609796824573241 
0.6612461192531306 0.28775061512505645 0.7586798344271993 
0.9785828658968049 0.04103424221442665 0.5140492648315812 
0.8612179468965174 0.44307271024909717 0.5129355030223319 
0.7717913133147409 0.03400700584764431 0.9518748551992009 
0.3068980741332692 0.025958617713746857 0.9531874202495901 
0.3067776421062818 0.11994654770119771 0.9533428677219415 
