1.471986902617845 0.1516619555415414 0.0674501858905484 
0.9696969610861841 0.16578211110651186 0.1945875353103301 
0.9181538050903942 0.49481412350233245 0.372879254546642 
0.9687067801857522 0.16673842357592794 0.28230915541803525 
0.2792227965137168 0.22614565951966936 0.9629967307088121 
0.9843477979490961 0.15437497018019625 0.09452332694446464 
0.710719831893618 0.6249052570510267 0.41971762064488394 
0.7117405798047756 0.7972485463225988 0.4187964741583238 
0.98664082128566 0.22221527277898406 0.06425564321769259 
0.7106131640213105 1.9748969034480033 0.4407660580519722 
0.2083902391246893 0.7848020148601953 1.026188140853394 
0.9686444702692157 0.20188389399345696 0.19575333670250908 
0.9888246401056181 0.2531539029696863 0.06332507429032784 
0.9261082268861054 0.12657180640263116 0.7117769448853137 
0.9043343917452777 0.1385239067598427 0.4358956728962659 
0.2083902391246893 1.297988820378053 1.016001504507101 
0.7106131640213105 1.0868180851947309 0.6298429701087825 
0.9686437022313423 0.8129858143340882 0.19567720358416602 
0.7130776864978647 0.5641178187864706 0.4413094843214216 
0.7106673518206131 0.7295167233390513 0.5326420826361389 
0.9666588261317571 0.4192466993229999 0.2099299339453272 
0.7106554864378524 0.6789031198244248 0.7538783789711541 
0.2083902391246893 0.6330348547533619 1.06767100186133 
0.9987629040899472 0.6731591596547898 0.06056601247061905 
0.8576903011383935 0.5788453064900152 0.41982494409539794 
0.9041107846590203 0.24035611132103502 0.4845669784058503 
0.2792227965137168 0.3950025018687301 0.9629961667506902 
0.9164035382842973 0.6644138495804284 0.37463305575745914 
0.9843477979490961 0.46545633042860135 0.09450821770809145 
0.9665408113370857 0.5797336960419639 0.2103865513307028 
0.9033219317442672 0.19557245907988666 0.951759583943621 
0.9843477979490961 1.0775453762414222 0.09365358229843058 
0.9188459108355351 0.1759738726638436 0.36953204675583656 
1.000990971082417 0.38971516629238356 0.061079890419470574 
0.9164046979514961 0.2684839646073815 0.3746430633544013 
0.9664891185527543 0.2639968598421787 0.2143682115284757 
0.9689099714827712 0.28727089638797987 0.19479454360438916 
0.9164712084603013 0.3280743418922213 0.3743479509700543 
0.7129844338519948 0.563569743284588 0.5411091958862432 
0.96861588548113 0.3367925361258829 0.19687335532426495 
0.2134921235894526 0.17019993652840767 1.4424193035283372 
0.20839795486522927 0.44230398230324697 1.0036767363571513 
0.7106131640213105 1.5262681392383999 0.5090711664013859 
0.5967326170768411 0.17136199670432548 0.9630082553213617 
0.20910715106493483 0.2849159762205354 0.9636949666054144 
0.20910037717767585 0.9201777526286706 0.9629979191232059 
0.7118033850103122 0.7360645431439532 0.4187964156793041 
0.9690576369374622 0.18475365807181576 0.19506747135484415 
1.5059156863150438 0.3486398527235195 0.060232410255948526 
0.9696776936039546 0.16526045385946608 0.2001715655878008 
0.966507824476807 0.2599528481302811 0.27220837536349035 
0.9666306780619246 0.4441646540111745 0.20922218487007627 
0.9033219317442672 0.28696422491646983 0.4834239401161686 
0.7106554864378524 0.7607692021632656 0.628940476800953 
1.3366522587541816 0.24400617710105826 0.06304743889322113 
0.7133646191442695 0.5632604069399341 0.4918781010415447 
1.1321970347502943 0.15207185993991995 0.06703438375177058 
0.9216643707447774 0.3015888972354909 0.3692006254544501 
0.9181605330621733 0.4943326605978665 0.37297066821405445 
1.1487436052260396 0.44677281856858 0.059419552630627766 
0.969584942705798 0.3259518652958211 0.1945875353103301 
0.9179386502465162 0.7241706605169373 0.372879254546642 
0.7106131640213105 1.5809804038131956 0.4836330143114615 
0.9033345531614184 0.23855968153906404 0.8754441302950011 
0.21028033205849334 0.2260482282436979 0.962997080312192 
0.7137174572062938 0.5632604069399341 0.4351996191032101 
0.7106673518206131 0.6073111143400739 0.7844222434023151 
0.9043343917452777 0.13836331030363158 1.7713285751819194 
1.0830132898707316 0.16355612342993253 0.06358402611343343 
0.9696898921384142 0.4567652825516904 0.1945862260191609 
0.21383580055957513 0.17019993652840767 1.0689540183456172 
1.162890858280459 0.1382404042931552 0.4451834207230243 
0.9693029056841054 0.16228663418312614 0.27538272843930794 
0.210125933531517 0.23751549946999004 0.9629979191232059 
1.0254882358893809 0.12657180640263116 0.5237571379435909 
0.9689099714827712 0.27646923011574664 0.19482355886620373 
0.9665413301740053 0.4744407222356277 0.21039424107946703 
1.5059156863150438 0.3486398527235195 0.060232410255948526 
1.0705459317028183 0.1586037697805827 0.0651706554840626 
0.2137563188116094 0.17020108121597027 1.2587970027056756 
0.9180802094199072 0.5401642948708121 0.3727484400109522 
0.966507824476807 0.32268406983637526 0.2104890780280044 
1.4171373112454355 0.1516619555415414 0.4095554358963372 
1.8865609586321352 0.2759420182808583 0.060232410255948526 
0.9034676867881652 0.15376066621552298 0.5357271086028106 
0.7106673518206131 0.6348839393186744 0.5439916319888292 
0.9250677034554842 0.12970843271466126 0.7966405064864 
1.1688569078720574 0.13429240893438685 0.4875042830794184 
0.20837432596988523 0.4143911377813735 1.1527194677614656 
0.9033219317442672 0.28092653551046953 0.5400152416870789 
1.3292220159379893 0.25280817070914074 0.061079890419470574 
0.9033219317442672 0.24457801487754785 0.5508155455421097 
0.9162894996677252 0.226391240109395 0.3770947253481632 
0.9685203251154056 0.2986276322783955 0.19715413635556084 
0.9664520589096607 0.46403555598718926 0.21044004085841292 
1.0062854224044337 0.16548141573318517 0.06691172343447419 
0.9229090094592811 0.1307033286497483 0.8142132211758597 
0.20839795486522927 0.3032785936028589 1.0937785089048884 
0.2137563188116094 0.19909362212200069 1.2095097321655188 
0.904216061754045 0.24035611132103502 0.4184353871167266 
