1.095285134615682E-13 2.7814210667235394E-14 1.0000000000002474 
0.9884072836759558 0.15190218684207524 8.082023338951138E-6 
0.98852416514362 0.15118775793356135 0.20815107881932357 
0.988548648038195 0.1510951482376716 0.8091903556312399 
0.9884094859048922 0.1518726239320532 0.40379166538195416 
0.9885041214686879 0.15131200284260374 0.11903010613566614 
0.9883634086986975 0.3321468421910019 5.3947597863945874E-5 
0.9885490977154009 0.15112856166525168 0.16939971211472166 
0.9885029365033616 0.15131200284260374 0.5881649377203414 
0.988549217780964 0.15112856166525168 0.0390342990814551 
0.9884194131714689 0.15174670891322153 2.4737989434697736E-13 
0.9884367349170882 0.15166269572144828 0.8071548669922823 
0.9885682395384925 0.15109583463207607 0.1935990286260869 
0.9885212043724775 0.15123042545024298 0.44949218654575807 
1.095285134615682E-13 2.7814210667235394E-14 1.0000000000002474 
0.9883634086986975 0.3321468421910019 5.3947597863945874E-5 
0.9885312312782626 0.15116868205064904 0.008337925245503053 
0.9885657645956971 0.15109326611866197 0.4947079808650061 
0.9884984363469826 0.15133577108992435 0.09380503874881538 
1.095285134615682E-13 2.7814210667235394E-14 1.0000000000002474 
0.9884367349170882 0.15166269572144828 0.8071548669922823 
0.9885682395384925 0.15109583463207607 0.1935990286260869 
0.9884457699135706 0.15158834218897316 0.12499400823414226 
0.9883637997433684 0.15215385030425865 0.04954508829703985 
0.9885612229030601 0.1510951482376716 0.4770232418414304 
0.9884646934988603 0.15158161984157037 1.591650004522105E-5 
0.9885053469768972 0.15124840699823267 0.5022458087949848 
0.9884367349170882 0.15166269572144828 0.8071548669922823 
0.9885053469768972 0.15124840699823267 0.5022458087949848 
1.095285134615682E-13 2.7814210667235394E-14 1.0000000000002474 
0.9884194131714689 0.15174670891322153 2.4737989434697736E-13 
0.9884457699135706 0.15158834218897316 0.12499400823414226 
0.9886192360452475 0.15140723112896848 1.156861414490562E-4 
0.9885682395384925 0.15109583463207607 0.1935990286260869 
0.9885663044587651 0.15109630836886076 0.27961891620418927 
0.9884194131714689 0.15174670891322153 2.4737989434697736E-13 
0.9886520988824371 0.15116375430352688 1.7470632707823343E-4 
0.9884459704010164 0.151585233983393 0.5103281792901159 
1.095285134615682E-13 2.7814210667235394E-14 1.0000000000002474 
0.9884367349170882 0.15166269572144828 0.8071548669922823 
0.9884984363469826 0.15133577108992435 0.09380503874881538 
0.9883637997433684 0.15215385030425865 0.04954508829703985 
0.9884194131714689 0.15174670891322153 2.4737989434697736E-13 
0.9884984363469826 0.15133577108992435 0.09380503874881538 
0.9885053469768972 0.15124840699823267 0.5022458087949848 
1.095285134615682E-13 2.7814210667235394E-14 1.0000000000002474 
0.9885663044587651 0.15109630836886076 0.27961891620418927 
0.9884194131714689 0.15174670891322153 2.4737989434697736E-13 
0.9884984363469826 0.15133577108992435 0.09380503874881538 
0.9885385888695648 0.151148431012378 1.763495714092178E-4 
1.095285134615682E-13 2.7814210667235394E-14 1.0000000000002474 
0.9885052481401636 0.1512506198769557 0.09029874670053165 
0.9885385888695648 0.151148431012378 1.763495714092178E-4 
1.095285134615682E-13 2.7814210667235394E-14 1.0000000000002474 
0.9884194131714689 0.15174670891322153 2.4737989434697736E-13 
0.9885312312782626 0.15116868205064904 0.008337925245503053 
0.9884646934988603 0.15158161984157037 1.591650004522105E-5 
0.9884457699135706 0.15158834218897316 0.12499400823414226 
1.095285134615682E-13 2.7814210667235394E-14 1.0000000000002474 
0.9884984363469826 0.15133577108992435 0.09380503874881538 
0.9884194131714689 0.15174670891322153 2.4737989434697736E-13 
1.095285134615682E-13 2.7814210667235394E-14 1.0000000000002474 
0.9886520988824371 0.15116375430352688 1.7470632707823343E-4 
1.095285134615682E-13 2.7814210667235394E-14 1.0000000000002474 
0.9883637997433684 0.15215385030425865 0.04954508829703985 
0.9884115886439112 0.15181894534261722 2.5569649448886622E-6 
0.9884379111556579 0.15165985772568574 0.10597583072489132 
0.9886520988824371 0.15116375430352688 1.7470632707823343E-4 
0.9884771314350997 0.1513960279495034 0.09356231617368424 
1.095285134615682E-13 2.7814210667235394E-14 1.0000000000002474 
0.9884073955117155 0.15187902397557837 8.082023338951138E-6 
0.9884073955117155 0.15187902397557837 8.082023338951138E-6 
0.9885576968219716 0.15111675599609717 0.09964169407462542 
0.9883637997433684 0.15215385030425865 0.04954508829703985 
1.095285134615682E-13 2.7814210667235394E-14 1.0000000000002474 
0.9884771314350997 0.1513960279495034 0.09356231617368424 
1.095285134615682E-13 2.7814210667235394E-14 1.0000000000002474 
0.9884194131714689 0.15174670891322153 2.4737989434697736E-13 
1.0436809464586652 0.15139803058173606 1.0032200668239622E-4 
0.9883637997433684 0.15215385030425865 0.04954508829703985 
0.9884457699135706 0.15158834218897316 0.12499400823414226 
1.095285134615682E-13 2.7814210667235394E-14 1.0000000000002474 
0.9884194131714689 0.15174670891322153 2.4737989434697736E-13 
0.9886135898144209 0.15092598517413247 0.12520783078334088 
0.9884194131714689 0.15174670891322153 2.4737989434697736E-13 
0.9885212043724775 0.15123319663692159 0.05509943363385024 
1.095285134615682E-13 2.7814210667235394E-14 1.0000000000002474 
0.9884194131714689 0.15174670891322153 2.4737989434697736E-13 
0.9883637997433684 0.15215385030425865 0.04954508829703985 
1.095285134615682E-13 2.7814210667235394E-14 1.0000000000002474 
0.9885212043724775 0.15123319663692159 0.05509943363385024 
1.095285134615682E-13 2.7814210667235394E-14 1.0000000000002474 
0.9884194131714689 0.15174670891322153 2.4737989434697736E-13 
0.9884194131714689 0.15174670891322153 2.4737989434697736E-13 
1.44366484181159 0.15157520399531907 1.9978273274867674E-5 
1.095285134615682E-13 2.7814210667235394E-14 1.0000000000002474 
1.095285134615682E-13 2.7814210667235394E-14 1.0000000000002474 
0.9884194131714689 0.15174670891322153 2.4737989434697736E-13 
0.9883637997433684 0.15215385030425865 0.04954508829703985 
1.095285134615682E-13 2.7814210667235394E-14 1.0000000000002474 
