0.08516711353468952 0.7090079737742437 
0.0545555165411357 0.7673391847646337 
0.7074133085731004 0.1650967237882482 
0.6207626239238944 0.21852545644108493 
0.5856897578990112 0.24035215922697364 
0.25679583941079476 0.49440247380161045 
0.8285335319338335 0.09923712714226181 
0.7362822217137744 0.1490517006013774 
0.5508444526786094 0.2611702245260961 
0.44986480345105345 0.33103672250035904 
0.6972215344821688 0.1732652757497158 
0.31177374876062613 0.4434227754899389 
0.046757865400350804 0.7848889123207238 
1.001194205087903 0.004727322275947162 
0.4245703384937413 0.3530847044751586 
0.10011363388730635 0.6843331045250167 
0.10754531788520598 0.6729413154969185 
0.9978182169742728 0.012448157290407656 
0.18861933993599694 0.5661647162755551 
0.2801377346374291 0.4720424991967838 
0.23376798122690526 0.5173320513546696 
0.38774760342118175 0.37979498590809574 
0.29596724211610453 0.4575975910877251 
0.13698138863368114 0.6305783545067407 
0.07763088371235481 0.7223016207350206 
0.18140695140207652 0.5748011502010619 
0.6367719431185284 0.21215250407391129 
0.3705245239468243 0.393048160099766 
0.2188644393500084 0.5339316989013413 
0.5430924361027902 0.27003973675399906 
0.1739474839738253 0.5835869823696916 
0.3784802404739166 0.3866245353187058 
0.20374451489401482 0.549554553930309 
0.22624832843080742 0.5251437222591768 
0.2645876649430265 0.4867417056016479 
0.5625658183456023 0.25478893924426826 
0.4050996830918253 0.36588211148465516 
0.6079734975626436 0.22268559538302124 
0.752319155693019 0.141304424076489 
0.5200721353532674 0.2830240605975127 
0.6865125047607655 0.18179266326859023 
0.32006596293376216 0.4358891393267765 
0.4892776608921 0.30372789522183463 
9.367627877588729E-5 1.0459300097650996 
0.3445255991925884 0.41510858942745604 
0.7980387095293946 0.1172414932853368 
0.06999732783969462 0.7364443901195381 
0.5347423786320511 0.27752806380837336 
0.4708671186746279 0.3183199261775511 
0.5978652318362789 0.23350350046906718 
0.5745573952608392 0.2469963323672113 
0.5092220468877194 0.2892074685132193 
0.3965000442460152 0.37207679779057534 
0.4410307682134611 0.3379393606417983 
0.1961629938234499 0.5577440576267239 
0.1297825949892399 0.640724871406524 
0.24916521490092133 0.50206531496933 
0.28784386678935686 0.46468188730294274 
0.36220700226858776 0.4007841883184315 
0.11491932697794345 0.6617313831737957 
0.030683420342184856 0.8262773143524198 
0.35358828684679744 0.4081238770577816 
0.1444150922877676 0.6206925036269765 
0.32819538051351266 0.42869572278546375 
0.01389002702094458 0.8846423053688031 
0.0040211339754491985 0.9496022209367107 
0.24144055448793958 0.5095417183259299 
0.8376098963273767 0.08993370815749975 
1.8570248089525077 1.732967838147498E-4 
0.7323305266137775 0.15930007275755506 
0.27249013062058475 0.4797157196860071 
0.03873787920945028 0.8057186852972709 
0.15185855678534002 0.6110899741978202 
0.4321269986610047 0.34492207817972836 
0.21119403593550584 0.5411686034130627 
0.3039616899907776 0.4501635359933492 
0.16662216026127036 0.5924664702755922 
0.022393302655865446 0.8515118671547383 
0.1591765463665694 0.601786750353024 
0.4984351378436655 0.29600478746828107 
0.4130955298081394 0.3591794707475288 
0.778721897220288 0.12338272384559232 
0.33643881701076395 0.42172677579821805 
0.6671744478375229 0.18734416602507536 
0.062265177744266945 0.7511621052880247 
0.7754378420718953 0.13508241261991988 
0.47965454064520147 0.30996409397284935 
0.09254641494394723 0.6963946687896416 
0.4599408226953839 0.3247099712809196 
0.12228768207755729 0.651090546411462 
0.6581900248093733 0.19592069764514994 
0.6459503003965643 0.2035079876284474 
0.009321800518252711 0.9062447441485124 
0.2943509669756729 0.462279237102135 
0.1484735173353764 0.6176604221209068 
0.05800322200861334 0.767142419286823 
0.102677037345402 0.6824030785901463 
0.4471815644833675 0.3377930862915221 
0.4093781008035795 0.36538627807275453 
0.10463358478408986 0.6788747665405098 
