1.0982864782849586 0.0 
0.15493266258138727 0.6236826506120658 
0.6581865605441831 0.23178658301961377 
0.9628341979619023 0.1614235490149001 
0.25158912327503435 0.5076984730663081 
0.3564132595873488 0.4109659602223391 
0.05616884717712554 0.8043795465441608 
0.0789305619638029 0.7344144650352081 
0.23589560707634288 0.5227821099347699 
0.16862738688819684 0.6002656556842857 
0.46512257011541586 0.33020957133651896 
0.29037917903186816 0.46753657805976745 
0.38013061807428605 0.38841097963670335 
0.5667819013427261 0.26683484281882464 
0.4430798268566352 0.33946121832584775 
0.06450326284638368 0.7607101895944297 
0.2733638490131188 0.4802438967014082 
0.14620289008775764 0.6274690897250006 
0.33727618216982436 0.4220685349546801 
0.009975953069459436 0.9051053596662743 
0.3480431271326932 0.41488942119062144 
0.0 1.0 
0.21130767506370252 0.5510020468227521 
0.30621636898928567 0.45452697472172165 
0.17747974338634315 0.5911290882617494 
1.0802112023183001 0.14393375494127333 
0.19078888996349525 0.5722543838415329 
0.5540266947542805 0.2720414042182377 
0.4345627020944781 0.34721601297008825 
0.7491257491232015 0.18456184640265028 
0.5521553811803859 0.28724709781398317 
0.4065897774264496 0.3669381921972584 
0.32732784097930534 0.43221160615822446 
0.20509137249846557 0.5560509586972184 
0.48415832601748027 0.313696154090299 
0.4173091771477686 0.36056191620755584 
0.873312948310094 0.16464335747863496 
0.08321728951814454 0.7237450399409477 
0.4809494663606002 0.3277767046551569 
0.39094783199672756 0.38390231459384855 
0.713644035153684 0.2149905198367818 
0.7646383713900972 0.17778913598635543 
0.736742849282305 0.19650684226570614 
0.5168084007594116 0.29686387729891633 
0.314926716326098 0.4456706791039204 
0.32090881863162024 0.43701095087153546 
0.5832353142722947 0.26211925656778867 
0.5085924155791018 0.30117829669917967 
0.0035385614851490047 0.9453997886290464 
0.28406761666309754 0.4753013203729185 
0.296328356949622 0.4602477070374596 
0.1992569192948813 0.5656401389484091 
0.22068281506175308 0.5385645378277608 
0.03171398702157753 0.8449199819269154 
1.0277244039109958 0.1504870988030275 
0.3981640331912407 0.37519691464915517 
0.6637013049253219 0.2220364334708964 
0.2667767310771171 0.48981906184265706 
0.426680676089321 0.35245425541671715 
0.2282417004972833 0.5300042262685508 
0.12397326766215727 0.6629645471563967 
0.36393405884991864 0.40475914680848446 
0.4553625862780444 0.3351650635096413 
0.18312762987330317 0.5811545002596595 
0.49993146245041437 0.30767290440352685 
0.25843308016078714 0.4983001827712472 
0.03865353223810194 0.8269172511196986 
0.6001908080848678 0.26023835278205876 
0.2439801318149196 0.513289719538004 
0.6069539685917775 0.2502834397887733 
0.6507933669462947 0.24484046521980665 
0.0489753835692298 0.8125520450042375 
0.1614232943861489 0.6094718452267959 
0.019613609437404953 0.871225323286867 
0.0714954416360484 0.7526115204187374 
0.13117775025596487 0.6478017222578444 
0.8092895398925904 0.17346462944985525 
0.10952671775001818 0.681600066317777 
0.11645863396793739 0.6713226558255083 
0.09356531237746347 0.7097048796863294 
0.8300887909190913 0.16856866896994996 
0.0993259612800425 0.7024576555785632 
0.13932044175079508 0.6426641707269085 
0.37271075077567306 0.39625956587809796 
0.5329553444585392 0.28811425297885734 
0.2274666718313244 0.5381958358780311 
0.2388041673604294 0.5180567774719615 
0.1572109542524175 0.6106325767759009 
0.38596061395902964 0.3868673374677251 
0.35414831108135675 0.41358972296926017 
0.6645861222159117 0.2161197998527371 
0.31769892824066387 0.4436973317897458 
0.2802270044674298 0.4791060423703731 
0.2498470601185229 0.5087012684156769 
0.45533321694998596 0.33846752939584207 
0.21982888732300254 0.5474336964947554 
0.15633086963244716 0.619651779256177 
0.20699687192715488 0.5535670709170354 
0.0 1.0 
0.0574001663881931 0.7739413021940923 
