0.9901965631898914 0.10030674983021416 
0.44819542405761126 0.866314997562387 
1.028748776319909 0.02662128307980429 
0.33429562911177724 0.9374645185346203 
0.4201846106776489 0.886728866661799 
0.8808683929192366 0.30473392356554957 
0.1610961450200518 1.0142171565738725 
0.8303920755317818 0.4000265608021122 
0.9995783113078778 0.08977196996810832 
1.0154272993624347 0.05744220150698226 
0.9519622121618025 0.1812043505142496 
0.5493150516832764 0.7597006103026361 
0.21171076180913412 0.9953999424038379 
0.1955437005171561 0.9992048377740657 
0.1480706266389648 1.0181162525332894 
0.2385886981879941 0.9840051595583803 
0.8012303793023576 0.45804994747199507 
0.5613956217430502 0.7459539867296681 
0.5740388200672694 0.732221046400502 
0.9269499241887529 0.22673510565078372 
0.9711173558131478 0.14548061708368062 
0.49979103177305245 0.8138273084444033 
0.17351051090752345 1.009179202616636 
0.7822735360259018 0.486981089594976 
0.18616211716609496 1.0039932440825334 
0.39172097961406416 0.9044343537074683 
0.8091646600806495 0.44393757919921234 
0.029149946418794894 1.020916089447764 
0.7395223023944211 0.5428420883020804 
0.9809563655921323 0.11913281394200628 
1.009728455814888 0.06822427319408444 
0.9648856735865645 0.1571698614212963 
0.585894956188137 0.7180993906643491 
0.9848679428978646 0.11094502741065171 
0.8559833460287761 0.3431356901694863 
0.4619200364797905 0.8555142227384659 
0.8958099040859806 0.2790887239706595 
0.9584358470163445 0.16999743202805792 
0.6884966906328793 0.5926583233517075 
0.5981877642953531 0.7055004319074519 
0.8362488600553408 0.38559191586848507 
0.7513007392550579 0.5285429355961031 
1.004825733927171 0.07866418841616912 
0.9101438282060321 0.25386803690479276 
0.938575063526901 0.20484725975011303 
0.792594636044702 0.4742024620391253 
0.3707194065727932 0.9116594584106164 
0.30681602262535257 0.9531057635018885 
0.6111774636768057 0.6920536931654716 
0.654537407940462 0.6345558687926421 
0.36068609036981797 0.914476672378001 
0.8726420678456585 0.3176554243679888 
0.9176249615483455 0.2399518753342272 
0.7165066632783162 0.5691654347765611 
0.7609519355967729 0.5154148709420224 
0.8482004283665192 0.3570127852815977 
0.6479441610093827 0.6509048875357079 
0.536057479441066 0.7719298715034065 
0.2514037226171038 0.9772355285913439 
0.48808858341228106 0.828955029677413 
0.7713221035959734 0.5011374875375315 
0.3483676921168056 0.9282764379720436 
1.021174963621987 0.046463794523021074 
0.6685609355524467 0.6222459002278509 
0.8881653493301035 0.2920636894939854 
0.2652301815318132 0.9722238871045589 
0.8167721223750048 0.42948703315023007 
0.43415466079937626 0.8756410670049853 
0.6789319367926637 0.6076151379310741 
0.8238852595952932 0.4150435855877409 
0.4757473741755168 0.8427157199834708 
0.13631529499178913 1.0205132839750075 
0.29303092188575053 0.9600886706110087 
0.9771657647688264 0.13359121746470687 
0.9313684365980999 0.2167623147507701 
0.3182955929066052 0.9440738951536601 
0.2789717516307193 0.9667362088250868 
0.7280094891478553 0.5560774934740177 
0.6960931813570178 0.5766427957085775 
0.9451056497925799 0.19285516984795548 
0.6231690479242636 0.6781740683095341 
0.5106814836095538 0.7980136211378577 
1.027045604618023 0.03633403904090117 
0.6350766583171497 0.6649472672444648 
1.029149946418795 0.02091608944776387 
0.5227194674150749 0.7842827784123957 
0.9035919196951794 0.2658230469953987 
0.8420952751941939 0.3709327310093809 
0.4058497854344162 0.8962172410330033 
0.8648735142519808 0.32956259326866416 
0.22506559685126473 0.9900985317196414 
0.757873943447061 0.5236789788015423 
0.9995783113078778 0.08977196996810832 
0.8537462679380279 0.3476398113631169 
0.9677689146630714 0.15600629036621788 
0.9510682603854058 0.18754285370497842 
0.3136106087322318 0.9521231986724054 
1.0288402885796757 0.024731369596145702 
0.2883766391347432 0.9662622049125513 
0.45075925018477425 0.8649292850718469 
