0.9625467483592488 0.1627752719486891 
0.936987644776725 0.21039067516157917 
1.0065154163134804 0.06203388140014014 
1.0246615570784567 0.025706953435160593 
0.2207391452399559 0.9939398306303503 
0.9989191842595035 0.0833716327930879 
0.9806849651200091 0.12829048591325137 
0.8140204992934341 0.4170615317143159 
0.2745894807664865 0.9711547555809001 
0.6312378696390065 0.6702701849841938 
0.14369631921196024 1.017567812716059 
0.9900605678119391 0.10488898956136469 
0.9230200724506143 0.2349026616318553 
0.777827716310446 0.47294895117174024 
0.9687200817819641 0.15124266179785506 
0.6193779069610211 0.6844623067584411 
0.16830531575505403 1.0075993217145556 
0.30203467167960313 0.956814770551626 
1.0036738660431574 0.07139096125995911 
1.0163815053020426 0.040791602412448905 
0.20653348503124136 0.9954909052420795 
0.3287694350658119 0.9388907960075439 
0.9746229355381287 0.1397289824020613 
0.7589841375620238 0.5008889706582376 
0.7053530677135266 0.5694824830910972 
0.9089155262322454 0.2594568311792976 
0.31588034104207213 0.948898642340973 
0.8598794882054719 0.33510616624819833 
0.8680144701751369 0.322061467147783 
0.7386354230016702 0.5292820102489357 
0.4401720755310582 0.8630828230581926 
0.9562875652189498 0.1745618517585552 
0.9944720304541039 0.09337677000046085 
0.7490780615054862 0.5148513206369907 
0.5580785062170566 0.7518557302249347 
0.8221213720985663 0.40347156791337024 
0.5706165548127491 0.7389467860431914 
0.288312025626393 0.9642241511247028 
0.4127192993899454 0.8845495698491322 
0.5953472636749915 0.7120390406058718 
0.878274172863923 0.30932432058305426 
0.3989376155869535 0.8946175389276271 
0.024661557078456773 1.0257069534351606 
0.6815346301554002 0.5939633338515516 
0.4265063793108377 0.874076708269878 
1.0219844560821814 0.03045138481677835 
0.11891247618401282 1.022671506838633 
0.45381721251519774 0.851836032337211 
0.6424732212354177 0.6563222287503993 
0.8344404143777059 0.3726088468231858 
0.19322862199224525 1.000141597161643 
0.7872553142404175 0.45880187996230276 
0.5022443857038902 0.800430751360707 
0.7172154960037544 0.5560132555622785 
0.8050859874830091 0.4311375972295006 
0.4671923429990798 0.8400666221704775 
0.8861170679050268 0.2973874043368818 
0.9015545443493285 0.2720009288118142 
0.2610791634978115 0.9773939357274266 
0.1806272246013813 1.0055763711191839 
0.37035429249948604 0.9114306363782491 
0.6717452703285953 0.6095709826273773 
0.5282134114011693 0.7754271569518462 
0.6075929779569199 0.6981707743825372 
0.34100099873370043 0.9266766446493803 
0.48064915027687655 0.8279759638627541 
0.2340509086044748 0.9888572764664104 
0.5181821509698871 0.7892900746238689 
0.6926249305419703 0.580292643884109 
0.9499479637175463 0.1864138199178692 
0.8527635468202578 0.3471918996572347 
1.0112462967880864 0.051812339569377606 
0.9300290288400244 0.2224670054614466 
0.24761823580759504 0.9833449860124264 
0.8938077062651751 0.2847045258189467 
0.09930099799014866 1.0257056442199541 
0.8458343844083965 0.36144296469181275 
0.6536791765534016 0.6419472483145676 
0.583196412361097 0.7254444623353701 
0.9434234551644569 0.19830109827649156 
0.9161010768229527 0.2471137889192508 
0.8266054013127133 0.38761662450287765 
0.49364622804919894 0.815436731881644 
0.6624294127081239 0.6257603682045144 
0.35532185253906917 0.9163915632794466 
0.5451326519352445 0.7632906192942308 
0.15592681626427393 1.0144561863327322 
0.7962535521011249 0.44489561858370624 
0.1073230691771146 1.0245259027123574 
0.9861961129827688 0.1170434282590882 
0.7285892101453005 0.542872804114362 
0.1313987291843356 1.0203922186432548 
0.3842521986609757 0.9025585482790682 
0.7685488312042421 0.4867794572060165 
0.6918272014174268 0.5916508229900985 
0.6030855800334349 0.7103795676580023 
0.49236189290135485 0.8188751092040345 
0.9157793226423577 0.2535207542188051 
0.13017097659778407 1.0208177011883837 
0.09930099799014866 1.0257056442199541 
