0.7398644929781982 0.5275547953193004 
0.9922889423256476 0.10505371227407362 
0.41454320183704646 0.8832899841499164 
1.0127554025810874 0.061727924746297805 
0.5720380413016659 0.7373456651804035 
0.7971578464627548 0.4435518814592913 
1.0200894176581632 0.04009363145955468 
0.9304916023815594 0.22167343626444933 
0.40071663696035853 0.8933077881281318 
0.559419224144906 0.7504123371699674 
0.9567506921049005 0.17373297869337623 
0.9865296023532621 0.11634154449945219 
0.5183969793963261 0.7851582470576501 
0.532682418580737 0.7732220464768487 
0.9631475567672666 0.16199191024057033 
0.8224673262270982 0.40194379068906116 
0.6207332261698291 0.6828600910036126 
0.814657341258603 0.41588869115046334 
0.997765472357643 0.08156089073044992 
0.27675360173883673 0.9700997543868942 
0.8705106833069204 0.3219166763062474 
0.9165546648160887 0.2462652987284865 
0.5846715379672419 0.7238279560143366 
0.38676514584161953 0.903071332014424 
0.6637299428688821 0.6192352242662056 
0.7696356339606973 0.48531142461553894 
0.750002951945325 0.5134472105379166 
0.9438946681025973 0.19742184332047935 
0.6436380067522052 0.6547743102027248 
0.9093889908266851 0.2586017400838368 
0.9750491793105692 0.1389466246740536 
0.506511306992242 0.7990945045757512 
0.8610492757252863 0.3342158847167595 
0.4282963485935509 0.8725909767870527 
0.17064407385983973 1.0074733661264093 
0.7296920687861614 0.5414581994184906 
0.997407334477724 0.09423129659194358 
0.4949887564736648 0.8141321918917861 
0.8457462364002533 0.36105686577127566 
0.7788732784239035 0.4714121227814901 
0.9503871247296456 0.18554969792917408 
0.10231588676914885 1.0251335515229891 
0.9811027687952546 0.12754852099946482 
0.33039659827717144 0.9339429769385585 
0.14525509944420725 1.0169081512394156 
0.7191984383640291 0.5553535866430183 
0.4821831415549107 0.8262913857046247 
0.19574181856040923 0.9988528652282387 
0.8300071950056267 0.3883016245184239 
0.6324175913083611 0.6687231947949543 
0.4555666994260876 0.8502144658440313 
1.0078196272484836 0.07225161871831216 
0.5460469515320193 0.7616112245889346 
0.37267045550559963 0.91154204724653 
0.12156611923037053 1.0221690836847124 
0.9236356889490164 0.2338675250065672 
0.9692167908420775 0.150377762690374 
0.6851088294623305 0.5959050565427562 
0.8782267445403316 0.3080439671311641 
0.02682596402014979 1.0251665283540499 
0.3178298818759328 0.9477976790358137 
0.6089008480774997 0.6967838666339563 
0.18275581183885078 1.001999067927537 
0.3565334512748077 0.9163001548400297 
1.0268259640201498 0.025166528354049884 
0.6547446082487648 0.6405107457958121 
0.46888216064185617 0.8385082012481028 
0.4417356688862948 0.8604819513319563 
0.2631762818204155 0.9765333019486665 
0.7600775878513523 0.49921434823718186 
0.13356548471168153 1.0197505331788272 
0.10829262652450372 1.0229450631207848 
0.8055456126567246 0.42941760329136325 
0.7881899376172888 0.4573109481449708 
0.6761419608514961 0.6113065514091215 
0.20912691944207826 0.996466200579428 
0.24881169290789545 0.9828168182357081 
0.9374526040490357 0.20951057535702405 
0.3040834507678156 0.9557110457617073 
0.7079092698212508 0.5689483468232477 
0.22269325206087925 0.9931546958778636 
0.8866965538994066 0.2964111107301849 
0.694091419304554 0.5802489241914376 
1.0170356341513944 0.05099319068270284 
0.8945193170486763 0.283604160451158 
0.8374893812292054 0.37420180534103065 
1.024840736780328 0.030018187559733466 
0.2903413754964492 0.9630919873299204 
0.15811586061433505 1.0133826266306547 
0.5967718531391449 0.7104969786531737 
0.3450468428652813 0.9301898615152637 
0.851913481745447 0.34643945415892025 
0.2360829315768034 0.9880736520043377 
0.9020970933066809 0.27116096409416185 
1.0153271368591212 0.058635275266969225 
0.814657341258603 0.41588869115046334 
0.6510580742964324 0.6463629626597105 
0.935102147965863 0.21680411765398444 
0.7166976279496363 0.5605344020605538 
0.4981077042344472 0.8139782316169532 
