0.8890823040569376 0.2925675432005741 
0.972026147412282 0.1448009749048456 
0.6858270372007044 0.5929179357852774 
0.7988864793470829 0.44081422729101716 
0.7205645489833382 0.5534812475278095 
0.3025785216799673 0.9565313546830037 
1.0225159119546507 0.033545384000486136 
0.9116753573729062 0.254654952330671 
0.6095903566259709 0.6959324922941451 
0.4133953518716622 0.8840710541942648 
0.2890107363173397 0.9638193460288998 
0.4278359637394474 0.8729575926309249 
0.9833140499436458 0.12272266952336813 
0.9774429228127747 0.13420770998870873 
1.000166373175229 0.08862001362669003 
0.023601813440934725 1.0197792116298026 
0.40168204189167256 0.8946878982108198 
0.8810877946159593 0.30554343421585084 
0.7711402754488782 0.483100380891688 
0.9593572010067257 0.16926139148883054 
0.5336612596219313 0.7752140604380415 
0.20730040752490933 0.9986953207675565 
0.9043517020727126 0.26732839095813293 
0.939617092105526 0.20523431005462234 
0.5467358942131402 0.763018315311978 
0.8731591004739548 0.31791771540328395 
0.952732404925176 0.18119543700377003 
1.0236018134409348 0.019779211629802354 
0.5727195320135878 0.7366174449147586 
0.8555604546091116 0.3445242637751175 
0.24787107681523327 0.9832490764206769 
0.3863556704339206 0.9035975177239359 
0.7613241257304316 0.4972625787078425 
0.6668022041538451 0.6244412926026776 
0.6446617899623353 0.6534720870285848 
0.14292446328011987 1.018202877647422 
0.5847004479788616 0.7240702666627902 
0.7804000574148342 0.4692648884200401 
0.3443115770215276 0.9306620146613465 
0.5976997486100301 0.7095476504742815 
0.9464710115177727 0.19302478220910835 
1.010349246554821 0.06691034101595368 
0.3161305213666276 0.948747717000395 
1.0185831474962117 0.04531503388420252 
0.4551728626476162 0.8505682224895202 
0.6558313056625117 0.639106843235269 
0.46854989452180335 0.8388902824631713 
0.32969870884784724 0.940603059697931 
0.8968788646983544 0.2797822177276207 
0.1943377645261229 1.0027642026621715 
0.1678407339249227 1.0111069657174425 
0.3713424093980573 0.9135737230149436 
0.9946247377421572 0.09993294838358899 
0.6216048599734464 0.6817604134650013 
0.7310916261793903 0.5395909473378135 
0.7097517083308121 0.5673243454649404 
0.5077277775617103 0.8011948428375142 
0.816317679143247 0.413051193952129 
0.8406615183035467 0.37167264800643635 
0.807574104407433 0.4271179870087013 
0.9889945406286168 0.1114030137916664 
0.8483305461366181 0.35765031125663066 
0.4819006326346737 0.8267478455244619 
0.6330469851673621 0.667927606580398 
0.35581528947499463 0.9168984968433964 
0.13363049598163335 1.0197332605595235 
0.9653880887652223 0.15741805337968384 
0.6902723842069166 0.5756618945951962 
0.27520851560143317 0.9709188844385235 
0.49495555084347986 0.8141632281321425 
0.2614967184070091 0.9772098068746076 
0.22015423124832875 0.9941937501194053 
0.9328473300504924 0.21741215712647755 
0.23350319086254717 0.9890858497791478 
0.7897862711786501 0.4548788437208307 
0.6768983359721686 0.6102659316392324 
0.8643620069482109 0.3312389150830084 
1.0051342663688756 0.07799576177283774 
1.0149257492123671 0.05634711585564206 
0.5600609078097539 0.7497163358517892 
0.7415766398721946 0.5252929671962321 
0.832816134711823 0.38540541579142423 
0.7515107062347293 0.5112796316583292 
0.5202850787596158 0.7874095246767036 
0.4419238546167381 0.8617808370248757 
0.8248035234385251 0.39935134339992523 
0.9260925481264917 0.22986752342474776 
0.18133791804129096 1.0068154103455427 
0.9187432680297516 0.2423867269895381 
0.15544105896124527 1.0146027967338616 
0.6089891965410845 0.7085103462770915 
0.8362380249887124 0.37966510580320734 
0.95823435205896 0.1735975819492806 
1.0124836668513297 0.06496843435722979 
0.9146398861729046 0.2514206279268484 
0.9239445486763158 0.23740894606301305 
0.8483305461366181 0.35765031125663066 
0.820827772535659 0.41135388379594706 
0.5762439893383358 0.7365288207354467 
0.558837289261254 0.7527569777343688 
