0.4129289605647169 0.8837629132994824 
1.0228135112317331 0.0317815647823487 
0.6821842081544087 0.5956392870061613 
0.5315632929107703 0.7770192903337223 
0.7856946758788254 0.4592176776625455 
0.9887395604546606 0.10670217555628478 
0.6307298709478818 0.670724642416513 
0.16909767254393346 1.0097468910014302 
0.9556891076786982 0.17565172943517718 
0.8345937878329266 0.37519000601493013 
0.5579651371821761 0.7519573102179385 
0.8594673052741214 0.3361242098233989 
0.9083738700629689 0.2603901456815401 
0.46632781948005203 0.8395344191093704 
0.992744655047554 0.09598885058950077 
0.9973020450995665 0.08460156511101381 
0.14395616796675365 1.016780453305333 
0.3561516890946274 0.9173629911611724 
0.6515551936758351 0.6405362381816682 
0.1570343619555836 1.014736670064881 
0.24801415927698572 0.9831954576419734 
0.8775539973184082 0.31103669559583697 
0.6073211117470533 0.698470102292159 
0.9726295729902467 0.14071291557272594 
0.8036224600356388 0.4309727482184219 
0.9362785475889951 0.21152999278701784 
0.7951853229923169 0.4448457315310941 
0.3160822585849224 0.9479407293807035 
0.893417153710332 0.2855095492039823 
0.4532977572522408 0.8512934561828396 
0.5164566052892561 0.7893062723277507 
0.7292291024382298 0.5439427145228116 
0.8425089314895837 0.3621261683776608 
0.6613603497550524 0.625456724670924 
0.9776996617650795 0.12893409892342125 
0.8194445201233047 0.40213411227120394 
0.9294594238448751 0.22346417017298545 
0.3977836732278669 0.8945883733777359 
0.8114567524368652 0.41705224899500337 
1.025502022145437 0.026988040642097526 
0.767713325734547 0.4866239109571027 
0.27530199763114477 0.9708843383510346 
0.09588938503242606 1.0260706464613594 
0.7482608722394304 0.5147950623387213 
0.3419391549226965 0.9266380749277053 
0.6191385236223547 0.6847242262834552 
0.7582678975604646 0.5008256118437624 
0.2078428533811296 0.9984628410428903 
0.49251520966890927 0.8123907231909009 
1.0068352245810874 0.06308824422491432 
0.9010470666994217 0.2727988089335032 
0.7390390141529515 0.5297886860948141 
0.47957418770209226 0.82656076875612 
0.5950850363558126 0.7123348521838835 
0.583104908386741 0.725548720988254 
0.3286400831233289 0.935788488249441 
0.42650486523201403 0.8731805827282433 
0.025502022145437085 1.0269880406420975 
1.0013082985710857 0.07372300583248254 
1.0119917466926844 0.05257277006357081 
0.38506118486829627 0.9035246735766677 
0.9662668984809615 0.1522704656045853 
0.6411749164945151 0.6557973668127588 
0.5704957002498376 0.7390883599529349 
0.9829799137855527 0.1170350532530175 
0.8855076228072999 0.2984334505558611 
0.9495928997794495 0.1871247863148539 
0.28872187734954596 0.9639847191789412 
0.9155993830897544 0.24807174686523978 
0.9428611517181736 0.19936929802279962 
0.8271923577188419 0.38888432703389486 
0.37093885726979586 0.9114477877946151 
1.0167573523498394 0.04207268589446482 
0.10738190113624939 1.0244692291549353 
0.7179981170595003 0.556818682480166 
0.19440352680585446 1.0027521927895822 
0.9617103982394383 0.16344887385844425 
0.2211778431053521 0.9937552653023844 
0.23409077283296817 0.9888409388298396 
0.1810138497255288 1.0067067506853458 
0.8693772482978702 0.3237418851105019 
0.1308876784353711 1.0200691880930033 
0.7777697826039105 0.4734862415259917 
0.5038571478017878 0.8011291614355412 
0.08786940042631902 1.0269386892290708 
0.300739960458451 0.9566498034820713 
0.12002784642397046 1.022213113279201 
0.6712199057178201 0.6089581854149877 
0.7068884533657142 0.5702864233523268 
0.2615296716557108 0.9771955584480393 
0.44009546469623134 0.8624758794845269 
0.9225249577935121 0.23574998389720833 
0.5450977482301009 0.764480849673073 
0.6933599234174327 0.5816410589244927 
0.851579636626032 0.34710180674474583 
0.2982685414316877 0.958899119303346 
0.6290957230537683 0.670779451840004 
0.12468739020802252 1.0218988769229274 
0.9057403501589172 0.2720322140816834 
0.9645961117971558 0.15904512995920994 
