0.6617925531433966 0.6262774267249829 
1.0032499330498013 0.07521013388935953 
0.1588961690845237 1.0136512587979865 
0.9764896238477344 0.12988146080663532 
0.5577481778141712 0.7521528103825404 
0.6834441740204128 0.5971072741411066 
0.9488895460256501 0.18856722991070624 
0.9811441600554225 0.11916780769674137 
0.26110121478512976 0.9767462319842279 
0.9218505104061397 0.23692625776980072 
0.7579146953505607 0.5022769777408898 
0.852048247786755 0.3506759857568906 
0.6733468888398295 0.6118943633612132 
0.42634157879725226 0.8742220439148375 
0.1695065120755107 1.0106071975068345 
0.35660567064347665 0.9204498411988984 
0.8041851658964236 0.43271269760446146 
0.8686960035602277 0.3248749451277049 
0.955039616202001 0.17685947109905936 
0.8929111826048812 0.2864124635361993 
0.9272454719742946 0.22417948717035524 
0.9977444907990228 0.0861304366542132 
0.37067858684111293 0.9126217514272421 
0.7169005933436863 0.5575008490477876 
0.8600039677391358 0.3377493015050548 
0.30244373359010657 0.9556979249866244 
0.31568440842699425 0.9470574923148884 
1.013701286075686 0.053304442997959424 
0.5687838576548393 0.7359592515151344 
0.8128971564602302 0.41869865578776966 
0.7677176582032583 0.4879387937046145 
0.7951693266535378 0.44657844334417457 
0.650889941028471 0.6406732737488706 
0.8372092433029801 0.37779566756172817 
0.7055918318812755 0.571618260039375 
0.5184360578720723 0.7894723027644739 
0.07300714631277792 1.0284853954354778 
1.0244228951132166 0.033716938937605294 
0.2879794731002171 0.9639250997722209 
1.0089199834927913 0.06470413792573292 
0.41284235430921945 0.8844614171234514 
0.9918350591285782 0.09721533043685854 
0.594235592357931 0.7114644197950102 
0.6189966971463543 0.6848808167422571 
0.4803278184157452 0.8282431870168748 
0.961605871655927 0.1645947698274916 
0.84492051442019 0.36424633965859615 
0.026104742984507583 1.028512333516467 
0.2081863329437465 0.9983195277751226 
0.5829819533699437 0.725689582601247 
0.12004326339815632 1.0223071242457051 
0.9422102081861428 0.2005984876415667 
0.9860947354628338 0.10780365822856007 
1.0182020152936706 0.04391208429804948 
0.38464980136572463 0.9034873348586543 
0.8210158212250238 0.40528567035440194 
0.9656477219009343 0.1536173411739704 
1.0261047429845076 0.028512333516467068 
0.935572407107291 0.21268909737507996 
0.08524062877210983 1.027408177599993 
0.6401520290896987 0.6571328106526392 
0.7770055240630772 0.47419825784110486 
0.14444641540891653 1.017342330677017 
0.6305569104091321 0.6710607963880059 
0.4399905171180159 0.8632255529034242 
0.19522589443354765 1.0024516473092409 
0.3430384447168689 0.929770015313816 
0.8769116684979896 0.31200120170731344 
0.8848590998319265 0.2994200576157556 
0.915009384642215 0.2492257187478002 
0.39894302572293544 0.8946133967670824 
0.531441981684346 0.777127497676622 
0.2222513164345008 0.9933240772887233 
0.1822775791145106 1.0065669272000255 
0.09678259969155184 1.026072454961822 
0.786226732119412 0.4603659401212279 
0.6071032381501212 0.6987128579044846 
0.23490629110068806 0.9885153695806633 
0.10865328926388856 1.024463329840462 
0.7277218705970144 0.5440307273250138 
0.9002223054533985 0.2741216095391753 
0.2755637727404231 0.9707890616334529 
0.9045482787663112 0.26151249934302473 
0.4670286216415096 0.8402132902038313 
0.24825944750664433 0.9830771179964836 
0.13255113980875122 1.0200345696333575 
0.5446090777763658 0.7649204770857413 
0.45338318036566205 0.8517732585546903 
0.8293185940001935 0.3914203758078008 
0.49341045744789924 0.8156768736276878 
0.970651990488397 0.14149189934388906 
0.5059967996269246 0.8030135178036776 
0.7381609569049661 0.5299740373267882 
0.693584514447159 0.5836020574968591 
0.7482560940744135 0.5161513144837009 
0.3286450230776625 0.9385657745027207 
0.7656536267277572 0.49912032589329 
0.43767199623782865 0.8668933187429878 
0.5142871584276022 0.7985739751917418 
0.5445448650918002 0.7766821819505696 
