0.0 1.0 
0.4569438624798873 0.9211111842500344 
0.7788844382080409 0.45122840585574475 
0.7788844381444865 0.4624232829356034 
0.45694386248207175 0.792675291375562 
1.0000000000000004 3.6739403974420604E-16 
0.7788844381786066 0.45122840588978974 
0.0 1.0 
0.4569438624789917 0.9339985984941277 
0.4569438625159213 0.787206752413603 
1.0000000000000004 3.6739403974420604E-16 
1.0000000000000004 3.6739403974420604E-16 
0.4569438625129311 0.7872067524200315 
0.0 1.0 
1.0000000000000004 3.6739403974420604E-16 
0.0 1.0 
0.4569438625014677 0.787206752423382 
1.0000000000000004 3.6739403974420604E-16 
0.0 1.0 
0.4569438624861333 0.7872067524501304 
0.0 1.0 
1.0000000000000004 3.6739403974420604E-16 
1.0000000000000004 3.6739403974420604E-16 
0.0 1.0 
1.0000000000000004 3.6739403974420604E-16 
0.0 1.0 
0.0 1.0 
1.0000000000000004 3.6739403974420604E-16 
0.0 1.0 
1.0000000000000004 3.6739403974420604E-16 
0.0 1.0 
1.0000000000000004 3.6739403974420604E-16 
1.0000000000000004 3.6739403974420604E-16 
0.0 1.0 
1.0000000000000004 3.6739403974420604E-16 
0.0 1.0 
1.0000000000000004 3.6739403974420604E-16 
0.0 1.0 
1.0000000000000004 3.6739403974420604E-16 
0.0 1.0 
0.0 1.0 
1.0000000000000004 3.6739403974420604E-16 
0.0 1.0 
1.0000000000000004 3.6739403974420604E-16 
1.0000000000000004 3.6739403974420604E-16 
0.0 1.0 
0.0 1.0 
1.0000000000000004 3.6739403974420604E-16 
1.0000000000000004 3.6739403974420604E-16 
0.0 1.0 
0.0 1.0 
1.0000000000000004 3.6739403974420604E-16 
0.0 1.0 
1.0000000000000004 3.6739403974420604E-16 
0.0 1.0 
1.0000000000000004 3.6739403974420604E-16 
1.0000000000000004 3.6739403974420604E-16 
0.0 1.0 
0.0 1.0 
1.0000000000000004 3.6739403974420604E-16 
0.0 1.0 
1.0000000000000004 3.6739403974420604E-16 
0.0 1.0 
1.0000000000000004 3.6739403974420604E-16 
1.0000000000000004 3.6739403974420604E-16 
0.0 1.0 
1.0000000000000004 3.6739403974420604E-16 
0.0 1.0 
0.0 1.0 
1.0000000000000004 3.6739403974420604E-16 
1.0000000000000004 3.6739403974420604E-16 
0.0 1.0 
0.0 1.0 
1.0000000000000004 3.6739403974420604E-16 
1.0000000000000004 3.6739403974420604E-16 
0.0 1.0 
0.0 1.0 
1.0000000000000004 3.6739403974420604E-16 
0.0 1.0 
1.0000000000000004 3.6739403974420604E-16 
1.0000000000000004 3.6739403974420604E-16 
0.0 1.0 
1.0000000000000004 3.6739403974420604E-16 
0.0 1.0 
1.0000000000000004 3.6739403974420604E-16 
0.0 1.0 
1.0000000000000004 3.6739403974420604E-16 
0.0 1.0 
0.0 1.0 
1.0000000000000004 3.6739403974420604E-16 
0.0 1.0 
1.0000000000000004 3.6739403974420604E-16 
0.0 1.0 
1.0000000000000004 3.6739403974420604E-16 
0.0 1.0 
1.0000000000000004 3.6739403974420604E-16 
0.0 1.0 
1.0000000000000004 3.6739403974420604E-16 
1.0000000000000004 3.6739403974420604E-16 
0.0 1.0 
