1.0000000000000004 3.6739403974420604E-16 
0.741057537602746 0.42357599397457507 
0.6376563866058599 0.7471583748537536 
0.0 1.0 
0.4272922636881949 0.8407144580372491 
0.4272922637176228 0.7471583750372383 
1.0000000000000004 3.6739403974420604E-16 
0.42729226372593526 0.7471583749510918 
0.0 1.0 
0.7410531791685409 0.42362222133720046 
1.0000000000000004 3.6739403974420604E-16 
0.4273033807315145 0.7471583749023201 
0.0 1.0 
0.7410531791535576 0.4236222214256904 
0.42729226376930574 0.7471583749498998 
0.0 1.0 
1.0000000000000004 3.6739403974420604E-16 
0.7410531791133503 0.4236222214643095 
1.0000000000000004 3.6739403974420604E-16 
0.42730338071568713 0.7471583749101864 
0.0 1.0 
1.0000000000000004 3.6739403974420604E-16 
0.0 1.0 
0.42730338076066343 0.7471583748863251 
0.0 1.0 
1.0000000000000004 3.6739403974420604E-16 
1.0000000000000004 3.6739403974420604E-16 
0.0 1.0 
0.0 1.0 
1.0000000000000004 3.6739403974420604E-16 
1.0000000000000004 3.6739403974420604E-16 
0.0 1.0 
1.0000000000000004 3.6739403974420604E-16 
0.0 1.0 
1.0000000000000004 3.6739403974420604E-16 
0.0 1.0 
1.0000000000000004 3.6739403974420604E-16 
0.0 1.0 
0.0 1.0 
1.0000000000000004 3.6739403974420604E-16 
1.0000000000000004 3.6739403974420604E-16 
0.0 1.0 
0.0 1.0 
1.0000000000000004 3.6739403974420604E-16 
1.0000000000000004 3.6739403974420604E-16 
0.0 1.0 
0.0 1.0 
1.0000000000000004 3.6739403974420604E-16 
1.0000000000000004 3.6739403974420604E-16 
0.0 1.0 
0.0 1.0 
1.0000000000000004 3.6739403974420604E-16 
0.0 1.0 
1.0000000000000004 3.6739403974420604E-16 
0.0 1.0 
1.0000000000000004 3.6739403974420604E-16 
1.0000000000000004 3.6739403974420604E-16 
0.0 1.0 
1.0000000000000004 3.6739403974420604E-16 
0.0 1.0 
1.0000000000000004 3.6739403974420604E-16 
0.0 1.0 
0.0 1.0 
1.0000000000000004 3.6739403974420604E-16 
0.0 1.0 
1.0000000000000004 3.6739403974420604E-16 
0.0 1.0 
1.0000000000000004 3.6739403974420604E-16 
0.0 1.0 
1.0000000000000004 3.6739403974420604E-16 
1.0000000000000004 3.6739403974420604E-16 
0.0 1.0 
0.0 1.0 
1.0000000000000004 3.6739403974420604E-16 
1.0000000000000004 3.6739403974420604E-16 
0.0 1.0 
1.0000000000000004 3.6739403974420604E-16 
0.0 1.0 
0.0 1.0 
1.0000000000000004 3.6739403974420604E-16 
0.0 1.0 
1.0000000000000004 3.6739403974420604E-16 
0.0 1.0 
1.0000000000000004 3.6739403974420604E-16 
1.0000000000000004 3.6739403974420604E-16 
0.0 1.0 
0.0 1.0 
1.0000000000000004 3.6739403974420604E-16 
1.0000000000000004 3.6739403974420604E-16 
0.0 1.0 
0.0 1.0 
1.0000000000000004 3.6739403974420604E-16 
1.0000000000000004 3.6739403974420604E-16 
0.0 1.0 
0.0 1.0 
1.0000000000000004 3.6739403974420604E-16 
1.0000000000000004 3.6739403974420604E-16 
0.0 1.0 
1.0000000000000004 3.6739403974420604E-16 
0.0 1.0 
