0.0 1.0 
1.0000000000000004 3.6739403974420604E-16 
0.4354477299272279 0.8784757427641411 
0.7207181704509898 0.4071914860057229 
0.5973469613972322 0.7577215711351979 
0.4909192254858679 0.757721571148081 
0.7207181704345123 0.727593649735674 
0.4354477299412616 0.757721571218683 
0.43544772994548525 0.7577215711894069 
1.0000000000000004 3.6739403974420604E-16 
0.0 1.0 
0.7207181704624519 0.40693296785690297 
0.7207181704710388 0.4069329678011722 
0.0 1.0 
1.0000000000000004 3.6739403974420604E-16 
1.0000000000000004 3.6739403974420604E-16 
0.7207181704615554 0.40693519189358235 
0.0 1.0 
1.0000000000000004 3.6739403974420604E-16 
0.0 1.0 
0.7207181705133074 0.40693296776743465 
0.0 1.0 
1.0000000000000004 3.6739403974420604E-16 
0.7207182730756398 0.4069329677437927 
1.0000000000000004 3.6739403974420604E-16 
0.0 1.0 
0.7207181705033515 0.4069329677910611 
1.0000000000000004 3.6739403974420604E-16 
0.0 1.0 
0.0 1.0 
1.0000000000000004 3.6739403974420604E-16 
0.0 1.0 
1.0000000000000004 3.6739403974420604E-16 
1.0000000000000004 3.6739403974420604E-16 
0.0 1.0 
0.0 1.0 
1.0000000000000004 3.6739403974420604E-16 
0.0 1.0 
1.0000000000000004 3.6739403974420604E-16 
0.0 1.0 
1.0000000000000004 3.6739403974420604E-16 
0.0 1.0 
1.0000000000000004 3.6739403974420604E-16 
1.0000000000000004 3.6739403974420604E-16 
0.0 1.0 
0.0 1.0 
1.0000000000000004 3.6739403974420604E-16 
0.0 1.0 
1.0000000000000004 3.6739403974420604E-16 
1.0000000000000004 3.6739403974420604E-16 
0.0 1.0 
1.0000000000000004 3.6739403974420604E-16 
0.0 1.0 
0.0 1.0 
1.0000000000000004 3.6739403974420604E-16 
0.0 1.0 
1.0000000000000004 3.6739403974420604E-16 
0.0 1.0 
1.0000000000000004 3.6739403974420604E-16 
1.0000000000000004 3.6739403974420604E-16 
0.0 1.0 
0.0 1.0 
1.0000000000000004 3.6739403974420604E-16 
0.0 1.0 
1.0000000000000004 3.6739403974420604E-16 
0.0 1.0 
1.0000000000000004 3.6739403974420604E-16 
1.0000000000000004 3.6739403974420604E-16 
0.0 1.0 
0.0 1.0 
1.0000000000000004 3.6739403974420604E-16 
0.0 1.0 
1.0000000000000004 3.6739403974420604E-16 
1.0000000000000004 3.6739403974420604E-16 
0.0 1.0 
1.0000000000000004 3.6739403974420604E-16 
0.0 1.0 
1.0000000000000004 3.6739403974420604E-16 
0.0 1.0 
0.0 1.0 
1.0000000000000004 3.6739403974420604E-16 
0.0 1.0 
1.0000000000000004 3.6739403974420604E-16 
1.0000000000000004 3.6739403974420604E-16 
0.0 1.0 
0.0 1.0 
1.0000000000000004 3.6739403974420604E-16 
1.0000000000000004 3.6739403974420604E-16 
0.0 1.0 
0.0 1.0 
1.0000000000000004 3.6739403974420604E-16 
1.0000000000000004 3.6739403974420604E-16 
0.0 1.0 
0.0 1.0 
1.0000000000000004 3.6739403974420604E-16 
0.0 1.0 
1.0000000000000004 3.6739403974420604E-16 
1.0000000000000004 3.6739403974420604E-16 
0.0 1.0 
0.0 1.0 
