0.9205842830368482 0.6636999352836066 
0.9712702985086983 0.26197182910529077 
0.9710938933548211 0.39595604355229985 
0.9713145849169208 0.18535622852969622 
0.9712580094232548 0.2665233568686242 
0.9348203098392399 0.6586345469650088 
0.32170003633267263 0.6788839397460525 
0.304556204280154 0.9946628269631832 
0.9716107753586434 0.13274547928632416 
0.3551042838278497 0.6592074394731101 
0.9717779553640995 0.053439631924832365 
0.9761296842939021 0.025666808534848203 
0.972045528856052 0.035168944153002125 
0.30524186404350123 0.7086544513504579 
0.9954270093562404 0.0051630541441572385 
0.6259350412368002 0.6587396803017868 
0.34205044984090427 0.6597666079568818 
0.3318196265555277 0.6686789693393126 
1.0000357887889173 2.1955474475513863E-12 
1.793676318584403E-12 1.000019192115316 
0.5656028004301206 0.6587547519630473 
0.971300123282944 0.1872322717736835 
0.3128166050064099 0.6888284744225052 
0.996381925242247 0.0046697024776108115 
0.33358227116715045 0.6666288439586565 
0.6262988026948131 0.658690147052711 
0.9878651773246926 0.012304661602746798 
0.9730268972396705 0.029212113803642192 
0.36539463782851667 0.6591797797909682 
0.9730184366861394 0.033524256015369895 
0.34374365145352015 0.65971941754651 
0.9999481672060374 2.1831902567842992E-4 
0.3212171209575717 0.6789822743999989 
7.086377852453094E-7 1.0000000000056737 
0.33334351689130043 0.666665879553205 
0.9728876627991815 0.03497482410234889 
0.9999487751241619 2.167729971942034E-4 
0.987855516588102 0.012608280755538858 
0.3123123368220685 0.6891310903681477 
0.34954401693834175 0.6592351468838684 
0.3052329352100847 0.7093886597326371 
0.9789299835045634 0.02267976727405885 
0.32123091936639775 0.6789684010017103 
4.355763875661468E-5 1.0000000000018696 
0.31291693292716294 0.6885855000335622 
0.34687471112428175 0.659345044092949 
0.3284935673669595 0.6749834611118829 
0.9757268062361798 0.029060770889902658 
0.32126860155364245 0.6789562278798119 
5.206711160634013E-8 1.000000000054638 
0.30693329412986436 0.6967598579804258 
0.9833666547830641 0.019996205250327807 
0.3252250694840704 0.6753457399696156 
0.9999850882738174 1.172872221074428E-4 
0.3085435240188012 0.6959853263690347 
0.34561495721665453 0.659699447153751 
0.3333398970723926 0.6666904082083118 
0.9822976173563723 0.01999789105655619 
0.9789872743396784 0.022384701228749027 
0.3212658881684063 0.6789571067489302 
0.9999424935372397 2.2445931553815394E-4 
0.3052838914271753 0.7082860912439541 
0.9919797521651187 0.008484209779417159 
0.34331786131450936 0.6597383094991109 
0.9878754311271359 0.012278809854569068 
0.9789348151489262 0.0226140467295473 
0.333710746364863 0.6666131559516174 
0.9789029436929004 0.023101259362994363 
0.3252256017222203 0.6752349932795683 
0.9924928012738439 0.008433395974572423 
0.3122659595729774 0.68928270658817 
0.34650072473875565 0.6595064255935219 
0.3332809358620408 0.6668406715449089 
0.9878815160437997 0.012273596970594455 
0.3083354636302086 0.6962173756038889 
0.3333433365310186 0.6666694760117636 
0.979783429782405 0.022325531114756946 
0.9985960087400408 0.002906064163644917 
0.30607032264627404 0.7049039961321619 
0.3333431914819791 0.6666815054699061 
0.9789037793050853 0.023029773161785613 
0.30661997615978936 0.6968493461125115 
0.30643561223431803 0.6970693718308428 
0.9320846393926047 0.6586664230626129 
0.32141329879065006 0.6789480609988325 
0.32525274020509776 0.6750939295213709 
0.3046391192798945 0.7538948135190574 
0.31223526815380015 0.6896259740082189 
0.9878430747742808 0.013300726589987644 
0.3215281788864957 0.6789428589648033 
0.31266377086359864 0.6888759500037563 
0.30903948357572136 0.6959585027878336 
0.9918707653900305 0.008667319176931835 
0.30633541108897966 0.7033211456268561 
1.0000020391767694 2.371856873365867E-6 
0.9789842903276742 0.02261311443741585 
0.999940716713627 2.2557647228715894E-4 
0.32119436565103543 0.6790018587945531 
0.3051965629363443 0.7174172708427533 
0.3408051802495105 0.6622790697698621 
