0.19239311560726077 1.2899961053123974 
1.1007631293478366 0.09234555071223055 
0.9853087015072438 0.29948759917726553 
0.983074691029114 0.06079049072253338 
0.35770264306836674 0.658378504700274 
3.1720657846433045E-16 1.0001677772084798 
0.4636068914448888 0.6570967046759761 
0.3428253687483291 0.6599181692949139 
0.5069854224128933 0.6565611445496454 
0.9832158421716317 0.046775145943387365 
0.98419055838326 0.025147508149098875 
0.6412725924487478 0.6553341314941108 
0.3725772784392404 0.6579648746969217 
0.6039615106369627 0.6558954722709506 
0.9821761050928134 0.18686558452202318 
0.7706007431182083 0.6551439761788967 
0.4780037445991763 0.6569224010593072 
0.31590128581194343 0.7450185825398707 
0.31516991080378354 0.8983419855773251 
0.33174795791139466 0.6687641386290347 
0.9819153693891701 0.21186630831135772 
0.9836847042529815 0.0357995475774765 
0.3172091921285642 0.7048512335133066 
1.2794274216903794 3.4638958368304883E-15 
0.5325436926285311 0.6560967628686831 
0.9821674300679709 0.20068491730153443 
0.6166081536043317 0.6557439266199178 
0.981641880433831 0.3042397035487964 
0.42578091282234537 0.6574551215724309 
0.5761144146028295 0.656033458856683 
0.9816057662314215 0.36041079310511887 
0.987964311539852 0.01544448187373657 
0.3156161551917357 0.8493059142466194 
0.3221528358270286 0.6791173515795698 
0.9957602611288267 0.005177905553571864 
0.31758503674588706 0.6886514442751702 
0.4685992098698528 0.6570229575842381 
5.2339085446614526E-15 1.0000000000007447 
0.6383919655051558 0.6553718837611622 
0.9935791717598843 0.008291579552554766 
0.3217361397227602 0.6817234363944654 
0.4753406120999756 0.656988909994465 
0.3561640624210669 0.658431611311405 
1.0000007210895872 3.556958034867108E-6 
0.6224495984899052 0.6556033357204059 
0.9837077025404037 0.03060874296143412 
0.9890093707279659 0.012284474298867388 
0.34403908049440335 0.6598090733482437 
0.31536172786665506 0.8833358154326779 
0.380161420742795 0.6577833619031381 
0.4940236974175679 0.6565798911570124 
0.3158357205973575 0.8400643977331919 
0.6192250909170025 0.6556540858880371 
0.35228406039002313 0.6584557380553081 
0.6430552135548049 0.6553035959253538 
3.6795963101862334E-15 1.000001745011085 
1.0000042036264691 3.1902776716682032E-12 
0.3423842382811807 0.6601780078621295 
0.9857136804520091 0.020290411180597843 
0.4682837289110735 0.6570236635820863 
0.9938440164561276 0.007974742812115817 
0.32127019849437527 0.6832121403448788 
0.3334256009485807 0.6666540059537948 
0.3164384348251713 0.7137596744694029 
0.9843612246152742 0.02261794208421593 
0.37937229002389544 0.6578655620723493 
0.9880839448460212 0.015080565974059504 
0.9969208339731829 0.004603521918661106 
3.3760306868492662E-6 1.0000000000000144 
0.31613971837789445 0.715066478745022 
0.6059461615707051 0.6557452437482459 
0.349108861099428 0.6595963795836541 
0.984465569413833 0.02257212039248479 
0.3625580269413433 0.6583052287917959 
0.9985771854675843 0.00253147381484032 
0.34296181648942364 0.6598309231981623 
0.9842641049751781 0.02293999170064699 
0.9999925448671638 2.757036140809503E-5 
0.35116514698206897 0.6595901386459649 
0.31727188467332723 0.6903728500922068 
0.3195781708836844 0.6835399612568347 
4.8442468764088786E-5 1.0000000000000084 
0.3416183689343809 0.6631376305026327 
0.35220278247204734 0.6586566328429787 
0.3174087268224799 0.6888032367562896 
0.9843264412061532 0.022721491507706904 
0.9881127032954371 0.01399963479226587 
1.0000008871960568 5.475652926338152E-7 
0.3358365044286864 0.6665858145336089 
0.33386402732423553 0.6666461856178438 
0.36387327924733914 0.6582829818571112 
0.31774176345201055 0.6867202020702755 
0.7877186079812312 0.6547538364608086 
0.9854233310536918 0.020383285075776927 
0.9863029650862922 0.01992540622477134 
0.318321599152997 0.6850788608197093 
0.9832262006384644 0.04448666068903497 
0.3365019414945139 0.6659113112897863 
0.984817184697946 0.02110872540023899 
0.9824917991456839 0.12622688262586984 
