1.2981365829461358 3.700743415417189E-15 
0.33172772479671486 0.6688125620734647 
0.9820356812373167 0.02641264093028594 
0.9773889677153671 0.044913939504087785 
0.9876221754702352 0.015609672826080648 
0.3215969911883479 0.6799032211264343 
0.3105323510756774 0.8025395442922406 
0.9764036930531168 0.36578802654707554 
0.7611489052915856 0.6611727784967052 
0.3099544560669813 0.987986145166203 
0.5523444536234517 0.6613968826880683 
2.854859206178974E-16 1.016890611949103 
0.9964855960321258 0.0051078727162051415 
0.3108881976536606 0.7227337323422318 
0.3910913985428628 0.6614242431057037 
0.0037908859009040557 1.0000000001480247 
0.015510466360767219 1.000000000029461 
0.9786182685374833 0.03585032529005855 
0.31375548690446425 0.6926908266317011 
0.9767088699026585 0.07333305297156141 
0.4098760510453745 0.6613979849429023 
0.9764709402244851 0.2628017902904917 
0.3102546322995316 0.9251814131641567 
0.37869316643784384 0.6614448683070667 
0.09351831463234592 1.000000000000004 
0.35454918279578573 0.6622120126219384 
0.34397860157392224 0.6632497757586124 
0.3349782436310583 0.6662995218308051 
0.3137681205316389 0.6918271452070012 
0.31032480742814733 0.9171251672285733 
0.3409211933138206 0.6634854158126893 
0.3529093189519768 0.6628245275310378 
0.9932980513058202 0.007217777973446833 
0.3249405654965202 0.6788378682192868 
0.9788226914434373 0.032975757749549264 
0.003470332254255367 1.000000000507962 
1.0002915220618636 2.1328095763569386E-8 
0.31066179666636967 0.7248709137434446 
0.3699487860925435 0.6616964271284314 
0.9766509635114324 0.25112526683887265 
0.9771877528151335 0.06376329187554315 
0.3099834019734838 0.9667852071882272 
0.9832382391422544 0.022838091832262583 
0.9891160713760394 0.012157789748897281 
3.6012004250055414E-4 1.0000000096544788 
0.31549484547097695 0.690440834639941 
0.3251172206653407 0.6778945729924214 
0.31097240586754665 0.7171018322224249 
1.1063950911306935 1.3478936100597139E-8 
1.7072778942964612E-5 1.000034398464766 
0.9887209463219253 0.012406437572200517 
0.34387420418149284 0.6634681166857573 
0.9803281730747393 0.03201126530758065 
0.3334583789402704 0.6666655718500968 
0.9932495744235874 0.007718649319240963 
0.3699179069708048 0.661931646121643 
0.3101192823949818 0.9377852325524 
0.9820597249121837 0.024086834574903432 
0.9888039898934214 0.012330401746147494 
0.33395994637890636 0.6666655421579248 
0.31148362049861267 0.7095873579549875 
0.31768619879358484 0.6854182224728036 
0.9937725374634436 0.0071863529012877216 
0.3509828199763429 0.6630319786014726 
5.009869503714689E-4 1.000000007314717 
0.3169297145606942 0.6889935888371527 
1.0003238634769198 1.907207387574772E-8 
0.3104849611023847 0.9160005430491793 
0.37128535557094344 0.6615306518127649 
0.9778609881124328 0.037939072049648234 
0.981945184953032 0.026772284949804853 
0.3333661269931823 0.6666657145112237 
0.983838849131734 0.022496200263516012 
9.257343434105257E-4 1.0000000069165633 
0.34054950865263545 0.6635318940396195 
0.9932583605501738 0.007594406676483893 
0.9886853786122249 0.012456919965276935 
1.113587647719018 5.867563560949899E-9 
0.3112980996834502 0.7131960572537331 
0.31556749170763193 0.6892532380688784 
0.981092096881481 0.03139859149817049 
0.3253480539174106 0.6770963104614993 
1.267692894360651 1.759896968896631E-9 
0.9811055326775665 0.030456610643059365 
0.9989703965062333 0.002656175337477218 
0.3137425268622385 0.6980131880921793 
0.9916115341767305 0.0117913891315506 
1.4180175981207528E-4 1.0000000382568963 
0.3116896071874405 0.7065771679286468 
0.329673878429937 0.6738994370465982 
0.32116754302891526 0.6819774221736443 
1.0002700176607822 2.5589668931994917E-8 
0.33335739458770913 0.6666875063013201 
0.31281883317189674 0.7001686437466187 
1.0040663749677492E-4 1.0000000464290875 
0.9821064251430981 0.022873442500289384 
0.992166360308249 0.010821008823871218 
0.31390567390554863 0.6915463214807089 
0.33346949229844997 0.6666655499312919 
1.0000881084971922 1.0939201660657242E-6 
