0.6317214460215016 0.3757348832138679 
0.20918299673836047 0.7908295973920474 
0.923527066496827 0.07653216375177602 
0.998716396467816 0.002807375766485883 
0.5881571079919895 0.4141795195723896 
0.9155322325242925 0.08676850038664996 
0.5988144650597952 0.4044991925125857 
0.4541236117079905 0.5460483567630489 
0.5466858294331542 0.45479701246430404 
0.056099075867078865 0.9439280913386313 
0.6434637408511394 0.3652443956916919 
0.47472436336246776 0.5258064942947698 
0.5054814699243939 0.4948195505808267 
0.7792639203706321 0.24640715550023484 
0.30103096166245763 0.6990039449164839 
0.2806139473020904 0.7193998286633994 
0.025510442857989625 0.9745033094809331 
0.8427715453874196 0.15836773637499602 
0.6185851746202137 0.3835467405216411 
0.01476992034168709 0.985247503982936 
0.5153965817335336 0.4849167060175387 
0.9112849054457799 0.09654583610358584 
0.4235487684813803 0.576652096775707 
0.2908196659635267 0.7091968699752966 
0.04575696740835101 0.9542985914812614 
0.15816459621579204 0.8418428905275179 
0.3112326643016853 0.6887977360122158 
0.06631300604942508 0.933700475375463 
0.4644407615741508 0.5359165431138808 
0.49514252067827375 0.5052080966982488 
0.35205666872623975 0.6480128316274394 
0.3214450229604413 0.6785983358558796 
0.8012398346645329 0.19898541300415365 
0.08673516510867724 0.9132687407598132 
0.21939081320365908 0.7806199474084125 
0.38273716085927184 0.6174559279586138 
0.10713945204387014 0.8928709820314 
0.39285598100023816 0.607209770472509 
0.2500004482094655 0.7500076206518594 
0.6621932147057935 0.35991274409794843 
0.6091815868595112 0.39407403797931007 
0.5774474917412437 0.4241501147600394 
0.8113894333520469 0.18881166458122206 
0.4133420928493104 0.5868092692233753 
0.557187265940836 0.44472221635510634 
0.4848777271259058 0.5154738768639534 
0.13775654886766855 0.8622489301060683 
0.36227497873818226 0.637797866296926 
0.19898228365919077 0.8010284496015753 
0.188782997616989 0.8112344335842997 
0.4440333198887426 0.5561695564656768 
0.8325595603825162 0.16869793688697093 
0.03571190933613847 0.9642931568905551 
0.3418294825841173 0.6582075660287791 
0.4031348608619042 0.596988866559349 
0.5671028483949965 0.4343927198099319 
0.8217520876868917 0.17861656405456372 
0.16836803856488625 0.8316451967630212 
0.1275454823656628 0.8724598156981586 
0.09692226280417622 0.9030836632806306 
0.17857351689515813 0.8214399653606813 
0.5257594233083576 0.47470819194627 
0.1479591818031946 0.8520456049094345 
0.33164764302891886 0.6684154002539622 
7.435496680527786E-7 1.0000385956154267 
0.9340146851976018 0.06634653444847015 
0.2704172557473268 0.729610077908723 
0.07652698408126472 0.9234946114954504 
0.7918660427138579 0.2094261037682663 
0.37248489180550165 0.6276082660566162 
0.43377193979189366 0.5664818653664819 
0.7834677712724101 0.2200579688470471 
0.1173469746458513 0.8826565640345475 
0.780251992821818 0.23281901166422184 
0.23979482144333558 0.7602150334940638 
1.000015253618639 1.617515130021175E-7 
0.535965469463568 0.46450940040741573 
0.26021282828039993 0.7398112659091657 
0.22959344445764576 0.7704152136362586 
0.2368256819012298 0.7664808266802331 
0.4402587458552168 0.5641574625413237 
0.3381005061105131 0.6635688442993197 
0.1815951720715053 0.8184163055447766 
0.2476420072065501 0.7536820495961584 
0.35875783042261156 0.6415701857078343 
0.9224242611576067 0.07808958883781429 
0.20529514447165315 0.7962943304665249 
0.14470187725481237 0.8555366376267064 
0.4848121117290057 0.524576216056794 
0.3086903773011451 0.6935957551853025 
0.3204772857903003 0.6840301069380013 
0.49382744606349177 0.5081254878462055 
0.5053150882714184 0.4999551780628481 
0.4100469979276103 0.5918346163429863 
0.2281207945465945 0.7742120803454162 
0.21652175159310447 0.7858136796113158 
0.8040016969568827 0.19731400522185064 
0.2873039186092629 0.7144795718075634 
0.2730955249496142 0.7272886420975411 
0.32855730265351085 0.6757390221275318 
