0.5511238606848732 0.1849476864490404 0.841014156027902 
0.6510248351302814 0.3714987945924457 0.6619464008553865 
0.45146739117665213 0.029557201274954786 0.9442637495542475 
0.5216041552025209 0.8529307260345944 0.03971588994746335 
0.11330761587724549 0.9470924225658652 0.3772203466996912 
0.8954174049365325 0.29451467471315496 0.3339070400784828 
2.5554007032204637E-8 1.0002788402939604 6.975522101380064E-9 
0.18362244679915093 0.244518217761336 0.9919862064224597 
0.9836729987436272 0.19425464972723339 0.10328913176830237 
0.7537785962246063 0.4927396170953327 0.4349726777192508 
0.6071971317264531 0.4687163308759248 0.6415859719704331 
0.945229318287782 0.15055216993195863 0.36515030042507557 
0.8390411421758301 0.5451117449554199 0.015509617547637836 
0.10017915029515836 0.9967865924623723 0.1971006467111445 
0.7888080779849364 0.5444475684675232 0.2852558967973946 
0.980690293356502 0.10008847523460916 0.16928409715976822 
0.8983513041986032 0.11800692592916612 0.48092566195466074 
0.4333121137801863 0.395552257978174 0.810262471733976 
0.6683855960892205 0.699617495681048 0.2532795363808844 
0.9676506166095521 0.176476991509551 0.2239927413037609 
0.15478305804457176 0.8829617716298007 0.4745960241716902 
0.3769285109423275 0.8078112126893325 0.4532073771788005 
0.8088322934747313 0.3319153684365911 0.48545221894466817 
0.39446478285111725 0.49622132579640943 0.7744325574398564 
0.9207055553462321 0.30809797899146796 0.23966677057423683 
0.9161516139393139 0.3905239142638204 0.09037721800003584 
0.3048558550791025 0.662697514146587 0.6841288192071151 
0.17340116271684852 0.9887964510469035 0.062257343759062014 
0.9585327517472721 0.0354319523751537 0.28926320518928245 
0.9996351250289235 0.025594124981314394 0.03528842081737272 
0.4972833580086623 0.9016889102066596 0.20428606757966145 
0.8689637242371792 0.4608687686891067 0.18033948143811718 
0.9934372798677561 0.06390742859105494 0.14501075855740989 
0.9412217851548959 0.34044673741315745 0.025868404097352964 
0.12112785892111516 0.05963160895645552 0.995066459963958 
0.997268141084056 0.20196891400796743 0.014994986288102039 
0.5438025053569868 0.6462365006710876 0.5354138683335548 
0.33983155734757053 0.6850921083158652 0.6444540467193227 
0.3323380184014848 0.07762294624410092 0.9480005134387982 
0.04195821213824089 0.8829617716298007 0.47460273476694587 
0.25895916141475595 0.9715281489499225 0.13482751276201224 
0.8459747454067972 0.24728534578687103 0.472446822055707 
0.5284847340802834 0.3298772341484044 0.7825482496084977 
0.17281338743565247 0.1345056987978866 0.9939379019234698 
0.436048839493097 0.7270733860016934 0.530342203459065 
0.9946977817699342 0.10720486128084704 0.03531326365141648 
0.2108217800103393 0.8426447281600886 0.6071977806484637 
0.7770719444574504 0.05757740308194044 0.6350487672726844 
1.3250486160639567E-9 4.178990244987959E-9 1.0000000018170163 
0.5036638152633994 0.551134387951917 0.6652718626214132 
0.21473332518155713 0.5884867752603711 0.779645772153243 
0.941347204473834 0.08348657056331306 0.3759198630067949 
0.7768381973223158 0.6761047251645542 0.049007802988770346 
1.0000000013250485 4.178990244987959E-9 1.8170163506445998E-9 
0.007160225751877557 0.022623214193017285 0.9999773718566156 
0.5531899750398555 0.09784609467300841 0.8478339662790682 
0.41048107235686593 0.9313046283799542 0.18829069623246525 
0.30291819789819174 0.1658088720222931 0.9571714234314778 
0.2653211476704624 0.9105526597518943 0.3173524045319162 
0.8423907228566629 0.4446111004919185 0.3044713232512344 
0.7165891108464022 0.47760248628719143 0.5083352364069014 
0.6090638547340759 0.7991956805674519 0.009670218564216126 
0.09958817324464864 0.997507132314401 0.029790667964418104 
0.23245872518100197 0.9731727002239798 0.007812046347417498 
0.3219424688943538 0.9062771050472587 0.3179518383027395 
0.41302022516724785 0.15055216993195863 0.9200039045160266 
0.03752821769692773 0.9614820936827038 0.281529572436676 
0.17295877471228518 0.3271848783639352 0.9930823267535929 
5.662641551038663E-4 0.6727539204335228 0.7402522340093846 
0.2130237250011189 0.003154658874744991 0.9772177907127569 
0.6429234387204579 0.644901735238905 0.4132597440385327 
0.5782963355990763 0.7333233645509802 0.3580990587993551 
0.6671425038496505 4.178990244987959E-9 0.7449301202343156 
0.1356298457800122 0.6437631353366087 0.7538031343932473 
0.24236900169781836 0.8244936454143222 0.5114470349115118 
0.8622846621723018 0.031142698572464222 0.5081338768020351 
0.4641751822587816 0.8159890426234699 0.34454482707814943 
0.9455990836344798 0.2963317100332879 0.13435694868471007 
0.8738900451195464 0.5412918672002758 0.09635069922627655 
0.41750658045553424 0.9451853711772896 0.02674975134024138 
0.02386753493917012 0.7441025127650451 0.6757568864433567 
0.9667201242506936 0.18350956652678718 0.22416700945513143 
0.4677278140139895 0.02735130310051756 0.9442637495542475 
0.8390411421758301 0.546014620353125 0.008403370354972744 
0.01774750872173288 0.9604220077373785 0.3999425943059216 
0.41048107235686593 0.9343695580404321 0.17726861788665166 
0.6104846802199553 0.7986788717551717 0.0031128122919124286 
0.23246466189306067 0.9731727002239798 0.006640890858761492 
0.5284847340802834 0.3298035282722113 0.7844101019674441 
0.3011492390898316 0.1658088720222931 0.9626351054427638 
0.8393240010709297 0.055416020120434374 0.5683508606434317 
0.5788237065996391 0.7333161809930174 0.35808478395917454 
0.10060520970873518 0.9969956850488176 0.005809812977252293 
0.01804277253458495 0.7451862676734677 0.6759159675926318 
0.5961430732161102 0.17569271934649297 0.8461691798249656 
0.031502572905735216 0.883776104690439 0.4777369195825059 
0.4291263621535769 0.9343695580404321 0.08275072996473108 
0.5644387887943639 0.09784609467300841 0.8474549683739724 
0.8050928809699813 0.10086404551101777 0.6151281587317742 
0.40403043213574646 0.6671495246305431 0.6566544155889902 
