0.6886966312104165 1.0463755245026747 0.3468008270452012 
0.4069726461285259 0.8314972613048475 1.75975732039841 
0.19512291895975614 2.380014867450188 0.7732571733334149 
2.10750117208552 0.10750373751058996 0.10750373751058996 
1.2842178071646289 0.2100123455325007 1.098283274138762 
1.0982492891612925 0.5302225237498399 0.20505385356655853 
0.7255048174218834 0.6722350603212721 1.2635441034577466 
1.0084247490221656 0.6887509704403144 0.126253260153393 
0.4660978242557799 0.5731003297435668 2.2729024061371277 
0.7812182442268151 0.26503099426207205 1.9665230965581928 
1.2554962062166224 0.3083778196710133 0.5495610438769327 
0.38929539223960663 1.4240146975393595 1.1644725235657085 
0.3199529190912147 1.8076407669743475 0.7985046011598864 
1.1698131914951875 0.44014254504971123 0.258699867420474 
1.12718320820588 0.449006874578595 0.3729790990218156 
0.22618872632289494 0.6065883827088725 2.970763838222491 
0.9567169423265399 0.6899169732246523 0.21535071500791955 
1.3252385760723349 0.35732026903106745 0.14319855187604874 
0.9980230160863022 0.41614898796697825 1.1150525832230245 
0.7383405941476958 0.9089588061436514 0.49891023477252383 
1.450492862833103 0.16042493111205341 0.9011280856436378 
0.9143537732216991 0.6345261354242393 0.5725159742955042 
1.6482216604194524 0.16708727666767462 0.16709193679096973 
0.734672979465289 0.7937813942219297 0.935784986623476 
1.514660899219226 0.16894280235685333 0.5375521155360565 
0.8644766984581288 0.7810346334731979 0.29608510992157017 
0.9127274549203727 0.19234673540759284 1.8350086772758576 
1.0452331953806588 0.41969669578354984 0.9053032443607687 
1.1621049662597176 0.2879712061816989 1.0818520257231696 
1.2218084316995204 0.29649098685536057 0.7824732420835441 
0.9213970366557834 0.669548456777644 0.40193636037497177 
0.7983263877700397 0.7995035845127298 0.5510599887478734 
0.18513455638103354 1.0114286207791623 2.509138452504891 
0.6282943653855777 1.2644989308956078 0.1644066694981592 
0.5528416792812838 0.40922541233509446 2.3803473683216767 
0.734294830876737 0.8525228844359724 0.7248193769501311 
1.3762242119055395 0.22414374736280057 0.6129636548578619 
0.48570124162040484 1.403637180808084 0.5578305339585822 
0.7091353210419841 1.0856221751908066 0.19039453168494236 
0.8067050837040115 0.8396586626612449 0.3722736980555023 
1.4719054869651023 0.2528284683912603 0.15594524655206748 
0.46761581364084526 1.3416568461390987 0.872534590667791 
0.7956651969421221 1.0049622068969635 0.1217489765282449 
1.1134240309221215 0.4017173895105974 0.6692103794509318 
0.40338545541743787 1.7783250503054195 0.23386940935656425 
1.028151318792303 0.4854413592972642 0.6598046926038793 
0.6501446536331374 1.0618089184346133 0.5103568859283358 
0.6642394367720511 0.8084163172235607 1.2009077524201304 
0.30416979411683914 1.032274076454172 1.9354019050294704 
1.5565343231406958 0.17678238763120346 0.31533544224419874 
0.6800971873879806 0.3869069171620918 1.8212824610563725 
1.0141760931454062 0.588778551712688 0.29579653616593193 
0.7328833728380086 0.43665154004907974 1.398799974864673 
0.7591130148662174 0.9650471497009003 0.247825420027661 
0.897491447705914 0.6334310569788374 0.6673576880552742 
0.3229509743021464 2.088529680164894 0.18803423479825615 
0.5398642707287871 1.3038955566982433 0.4737153761942246 
0.10750373751058996 4.107498464330518 0.10750373751058996 
0.3764450134797222 1.7315230284034673 0.5016791880050986 
0.9932052057727809 0.5753673384085678 0.4276032681544084 
0.8923583838869219 0.796973834366843 0.17882817102778198 
0.23698177049416452 1.2739024468808133 1.8678294742601447 
0.6049736813625615 1.2140353438209186 0.337156202363558 
1.415176048814002 0.2421164474684555 0.33186181124765873 
0.586243682762352 1.1343963514790456 0.6835112630028415 
0.8336210092781999 0.6671332542438847 0.8742121765872706 
0.3357828288243973 1.1847196987647208 1.367259108019417 
0.221186298916097 2.045591860502507 1.157571432862644 
0.9065243901697098 0.5636531969705658 0.919987045037019 
1.1770862360552081 0.4937554166003001 0.13325253106758517 
0.48132271498159507 1.6794574749336115 0.11988129134048728 
0.4365099731041261 1.015866549363532 1.3127297709457253 
0.2852453608067073 1.7068623946804833 1.2376649902141377 
0.484546267576465 0.8361923693332366 1.3633467016880643 
0.8562902633097861 0.3595295416742873 1.3216106404101424 
0.10750373751058996 3.8231173254201587 0.19039453168494236 
0.28837526652037965 2.0508772513742897 0.4889137242157354 
0.5577830336499305 1.3534788551765993 0.26050759169823606 
0.43263637090674906 0.2663050138293836 2.8712106036619978 
0.5495700535922499 1.0690645514147477 1.0995396401831927 
0.10750373751058996 2.0960003830224374 2.291577088805128 
0.9367498718533133 0.26193348053905396 1.365066500757097 
0.30386081556523387 0.3940173974833067 3.156117301292948 
1.1127780399963634 0.4382730988116743 0.4823532835213167 
0.1668298939000161 0.2138139615718318 4.527121274723399 
1.2758893308683061 0.3224516039038296 0.3838637289782758 
0.6429120295388363 1.0008565415502273 0.7594591687974711 
0.7089573114595066 0.14585725358182575 2.516043791405407 
0.41568238820456566 1.5152366887218693 0.7709237112869862 
0.10750373751058996 0.10750373751058996 6.10750373751059 
0.5952950618331115 0.5942227916007079 1.4530742670742416 
0.4478279964272239 1.592152551496978 0.3348901110260325 
0.839632760508799 0.5637846603106187 1.188138020944746 
0.3542366459234442 0.7251542069289548 2.417750270203946 
1.136100273413455 0.14859195919658758 1.379561259470459 
0.16641358041941884 1.7231398480053266 1.5787977512664033 
0.5384224693762409 0.6098601986723848 1.6793617582113176 
0.23866008915804765 2.3344262995628338 0.3593484559851903 
1.2949925318010398 0.33953586705234545 0.24667852996626122 
0.5768076360722196 1.0536151271788394 0.996253045518175 
