1.7531687787082166 0.4902139232220699 
1.0624365045876933 1.5384680778965318 
1.2361850918158233 1.0810672127460663 
0.6798558576846145 1.9973068294302152 
1.680045429070646 0.6684885764972341 
1.6917467224139044 0.6422190176030366 
1.7238795743196549 0.5648406061547835 
1.8468259190620249 0.263227623343969 
0.12404186617541926 3.3697122527260577 
1.7338776934014548 0.5396357360582729 
1.1747803277384943 1.2443804211802043 
0.5461767049993671 2.4110204375291295 
0.7465165885932976 1.7999743884235968 
1.7993581987575753 0.372616561094988 
1.8178652160776718 0.32792197454809113 
1.3089081757607732 0.9434474623457669 
1.6242736692655064 0.7738317823591984 
1.149850727781998 1.3155502168934927 
1.8911830593844334 0.18091499438852748 
0.5915065371946413 2.3018458995548854 
1.7901928523210884 0.3954568168703919 
0.7123693915849056 1.8911949654335172 
2.072791720058089 0.07279476921974662 
0.7651104832239561 1.761076124900278 
0.5192296016691604 2.448984928326651 
1.994579198867072 0.08265007538555984 
1.959043375127212 0.10211466201959414 
0.4888922637898172 2.46893637855181 
1.936761022972206 0.12158968131666725 
1.6400580052658154 0.7477462395668281 
1.5609473001240273 0.8457120679961313 
0.22354277063983832 3.205000332580812 
1.3507202429721947 0.899687227110779 
1.4221810363713687 0.8736500816995785 
0.9726678186535143 1.6570777469244673 
1.2625853017973627 1.0224458131338927 
1.7135724915417412 0.5903557640583883 
1.0949289125666026 1.4643771964321992 
0.19112646692517712 3.267566710659054 
1.4805107930892367 0.8723778320798243 
0.2771669651543136 2.9497263320107243 
0.45622644940744483 2.47279444106336 
1.781030913760568 0.41863220684058833 
0.07279476921974662 4.072794769219747 
0.6635261658393767 2.055024867811262 
0.09175398691969175 3.769770289507823 
0.7290796326759077 1.8435289245028699 
0.629460774804147 2.1772589179152395 
1.162434221524394 1.279597383651925 
1.1096174950519244 1.426765849950994 
0.251959650848788 3.0860263655300098 
1.3799432104390088 0.883010535849809 
1.867767364902693 0.22154944628806653 
1.8790699054826439 0.20110940470805427 
1.9192921196127992 0.14118356661801337 
1.70288868247791 0.6161594070090496 
1.1991306267830861 1.1763747075948137 
1.8273009813986452 0.3060526964142951 
1.9044190621468027 0.16094783794342288 
0.6111499683648602 2.2400140397959936 
1.743624039336766 0.5147569254892685 
0.8084359601760223 1.70085687654202 
0.8352660030383325 1.682453348562068 
0.1566222022378261 3.2750038945511677 
1.5281441884724385 0.8634970599529966 
1.6676552858802538 0.6949027266097355 
0.32282524339070373 2.705461494631056 
0.6468165987121899 2.115241614970017 
1.8369316181580326 0.2844915042184816 
1.8570681795081703 0.2422509808746728 
0.3453718992637893 2.612065025844898 
0.7854608501623626 1.7276327468286614 
0.3004201196036762 2.8194792457361855 
1.7625573528417524 0.4660112594155589 
1.585952153080917 0.82359922846938 
1.7718319820697601 0.4421496430358395 
1.276811618144083 0.994787891743384 
1.079292563436828 1.5017745550165846 
0.8672329211754359 1.67389070991115 
1.2236273895079444 1.111896942732655 
0.9037980497522582 1.672783438059886 
0.696053706328911 1.9425706557736562 
1.8085674723278842 0.3501073296608409 
0.9999975545897575 1.6350678590017178 
1.2491161709507888 1.051231791865345 
1.654404849408673 0.7213676586689008 
0.9404062174489132 1.6697014974460596 
1.2113124366996484 1.1436782588097127 
1.1235654843280973 1.3892751037625761 
0.42412960801534294 2.475925506325031 
0.3950068378719622 2.4963884590153564 
1.3279928806904924 0.9203208604684948 
1.1369319982924602 1.352148867860233 
1.023427348081885 1.606482500963519 
0.5700482329109018 2.3601673718872433 
0.3690689869520911 2.541743449252603 
1.186983093704409 1.209956035935746 
1.6065267143339712 0.7993008050816207 
1.2920985874465747 0.9683881911198071 
1.043989600831428 1.5737331372965941 
