0.7431978825006507 0.22694355011702189 1.928692939506492 
1.4338680198520013 0.2147875199545754 0.11790507461366842 
1.131750654556896 0.4021193587974614 0.22067385875668694 
1.2569746302549292 0.3014771840931226 0.20864777563951975 
1.2174553849764378 0.2703512398513982 0.5114433282755718 
0.36796431381874256 0.7948002221101982 1.7242513957091672 
1.1390719676475507 0.4556905923876505 0.0952128840741778 
0.42863267112074344 0.5340968860026787 2.2348737172992914 
0.5148089661725717 0.37117560900911095 2.3423103008055173 
0.696256440252739 0.8144827460039946 0.6867725814387814 
0.42800125321986404 1.3069747666468567 0.8361612823503203 
0.1566550362970468 2.3442557877915426 0.7358165212547603 
0.26582687353080364 0.3559861786220849 3.1179843947452466 
1.0599325143626592 0.49247878063840467 0.1670013200964137 
0.955158087194812 0.5373317107278662 0.3895802136582996 
0.37764983252714923 1.477200113067321 0.732817364993273 
0.6966631827581369 0.7556760628702863 0.8978102717421783 
0.5571745566762611 0.5561828583851904 1.4153301171224462 
0.898492461475504 0.2222060469111093 1.3314461828772342 
1.0747288070536754 0.40023844725464736 0.44433144528320523 
0.19032766017871267 1.981537971632948 1.106337489450859 
0.8687177453004546 0.5253257683914457 0.8819938416092843 
0.5903038547568168 1.2263532829635235 0.12637007984897064 
0.9703939916335886 0.6507007191232884 0.08821289168682914 
0.6261683811492702 0.7703718115172336 1.1629712723759562 
0.6711100954187077 1.0475579413587044 0.152351437577409 
1.5185018568269393 0.1387361533754927 0.277322423109334 
1.089273502634849 0.4108388956490218 0.3349611481552667 
0.6048951486062232 0.9627857474608194 0.7213801296335791 
2.069461630959819 0.0694639534683812 0.0694639534683812 
0.7957164426045623 0.6289192045885595 0.8361422203158333 
0.8182391906438521 0.3215189063596187 1.283556433641192 
0.6875525758371299 0.634047082213844 1.2255298095724614 
0.31593591102879176 0.6873778297382537 2.3802168879923777 
1.1837749442978676 0.2584453091875059 0.7444430835078886 
0.24518570567694636 1.6733645515526878 1.2026717423497029 
0.49772867002506493 0.5721173604074216 1.6560078024335718 
0.4460588514615649 1.369301540178165 0.5206726824523857 
0.3653099642848232 1.740385596188562 0.19584391681991398 
0.0694639534683812 3.7880126521332245 0.14997872384783573 
0.6506678803441766 1.0083201161298045 0.3087491619865589 
0.7602821020050035 0.7614605676796712 0.5130570677257443 
0.8264201137610667 0.7430183794439645 0.2580465852999515 
1.287152433373918 0.3193165422959863 0.10515781883376364 
0.8016146421540804 0.5257009102657427 1.150138762532077 
0.9761927165181067 0.5506721364463343 0.25776215129190516 
0.28523184444799793 1.759324599585215 0.7565542553042768 
0.26602709701028465 0.99436275718605 1.8978796792493833 
0.8592571570792623 0.5956448689150727 0.629285920492811 
0.39333230383826046 0.22620360937047512 2.8532696997007267 
0.0694639534683812 0.0694639534683812 6.069463953468381 
1.6101770103772166 0.12905123700945392 0.1290440540556455 
0.6948311406620696 0.39862810883946753 1.3607555670676394 
0.5192966172752262 1.3164113398513142 0.22256047365337894 
0.642122381630892 0.3493978181100518 1.780161133300554 
0.7687845152756246 0.8014392442369194 0.3342259713033883 
0.14693697292600688 0.9734764412016504 2.4711602707757385 
0.2501599647187812 2.013491097970264 0.4510036864477781 
0.5669900345742814 1.1758890889398477 0.2990905715552906 
0.0694639534683812 4.0694592425968255 0.0694639534683812 
0.4436569184122159 0.7987720509425094 1.3314461828772342 
0.28500958212491634 2.050132335298128 0.14997872384783573 
1.0072280546759635 0.3816232825137653 0.8672682359432123 
0.6709172186513398 0.10779781938647165 2.478028208558669 
0.8543684022412413 0.7588655275965838 0.14078491861482895 
0.9900960638440067 0.4474183044510053 0.6217610894687533 
0.7002940211917393 0.8709207343647838 0.46090246186957706 
0.5013883579180961 1.266769200892446 0.43591167108801054 
0.8833108572781248 0.6315799525212804 0.36385554743094206 
0.29692600638902417 1.1474218525420863 1.3309099813662866 
0.4097978983082586 1.5540989304474748 0.29682317073920544 
0.18822926723165917 0.5684937139832854 2.9320985437032765 
1.2459943516458962 0.1720922750645555 1.0600997743411766 
1.0753586020027988 0.36370081438273094 0.6311687391750684 
0.0694639534683812 2.0579743385171927 2.2535154254360337 
1.2378553422191934 0.28440784238360084 0.34582266265545963 
0.721066183190274 0.9270151807974163 0.20979397388300436 
0.548093674027824 1.09656805273633 0.6455217381039688 
0.9601452703102027 0.37794034795503917 1.077061075336758 
0.8763007278330507 0.596501594149725 0.5344820507850532 
1.338181453031348 0.18610629590441158 0.5749178394674381 
1.412434196528219 0.12239391845682179 0.8630675357932135 
1.1240581312924576 0.24993371931245656 1.0438254254338637 
1.4766261357072705 0.13090035083175933 0.49952028096756157 
0.5115071794126548 1.0310543556988154 1.0615421479857958 
1.3771409430931791 0.20407228764208524 0.29383211576418194 
0.7576246182220708 0.9669246185354071 0.08370875261464686 
0.20055829856103208 2.2967213210272734 0.32125433818189963 
0.3511110605630346 1.3862244584041705 1.1267025171994618 
0.5386969358905934 1.0156703173430233 0.9583467102224144 
0.20536500521592777 1.2201476536433356 1.8068376487706477 
0.8745708319435597 0.1544171232118332 1.7965929699274168 
0.6120757267983591 1.0238155987856719 0.4723448041176482 
0.12728166024516785 1.6897977567977622 1.5447111911175975 
1.0980509421889755 0.11056013836394205 1.341499833870784 
0.4432870151818157 1.641406391889877 0.08184157299943065 
0.9186723191918719 0.6518831731921354 0.1773113840299803 
0.3384187477904744 1.693445280344187 0.4636272076570505 
0.12891210199482825 0.17553544646407307 4.489122980001986 
0.4004400950146019 0.9768811372987207 1.2738832546734025 
