0.801572799175791 0.5257999477000809 1.1500274018047911 
1.412817461883218 0.12222403487310617 0.863401053044615 
0.6947517658468386 0.39873184348838064 1.3607273028268332 
0.5902221935219091 1.2265264892559151 0.12636723016129295 
0.6049266402429411 0.962755164442509 0.72128494567778 
1.2570250201774897 0.30143906509379426 0.20864921606516318 
0.3776134680167474 1.4772543270419103 0.7329536466435591 
1.0753785849913227 0.3636847215202199 0.6311592473040317 
0.8687484826958703 0.525273014906648 0.8820616695055805 
1.1390258309929036 0.45573747154899524 0.0952109441161467 
1.3771305311091695 0.20408124943594097 0.29381417190213255 
0.795685713353346 0.6289531916649903 0.8361712559895735 
2.0694621226847243 0.0694639534683812 0.0694639534683812 
1.2462027583131476 0.17195493351177776 1.0602720385747173 
0.5003784975264235 0.5718187676035167 1.6413527809152784 
0.8744834171985186 0.1544878679209507 1.7964127842813051 
0.7602573240015316 0.7614958234685689 0.5130642199060312 
0.2659598368769669 0.9945099251903812 1.898020007871969 
0.6121131422919253 1.0237351704894762 0.4723746498994938 
1.0982369310710414 0.11044194481422781 1.3417429712750397 
1.1240932364178113 0.24989417247579832 1.0438979213237063 
0.5017069443543459 1.266101986490029 0.4357389275887397 
0.671116424841435 1.047543045521604 0.1523562138062715 
0.44328651618484355 1.641407002531999 0.08184184862850873 
0.9901400051720346 0.44737078316666073 0.621771972224373 
0.8543242774299891 0.7589275249411565 0.14078600639007377 
1.2378502370878253 0.2844042723818445 0.34586039113789435 
0.4460585866920277 1.369300626311838 0.5206771823135143 
1.060149916353428 0.49224579301816473 0.16701274385934883 
0.19976097088991285 1.2339663090234392 1.8264610026617916 
1.2871550185346632 0.3193150608207794 0.10515704397927644 
1.0892005425080098 0.41091104683267227 0.3349478577681263 
0.4280021049901291 1.306977706577832 0.8361468600392565 
0.6506483677486613 1.0083407377741989 0.30878838754179816 
1.3381713447976558 0.18611479303405434 0.5748926817650623 
0.8763078343080823 0.5964875974148232 0.5345032647471312 
0.6962593625401817 0.8144821192185253 0.6867574453168791 
0.6875025967967928 0.6341591796951969 1.2254830058750537 
0.35125364432066963 1.385985228052044 1.1264248522244031 
0.97039804428074 0.6506956397138219 0.08821290556758205 
0.2658245830599337 0.3559374716595681 3.118245319197377 
0.14919846412679452 0.9729954264224367 2.470361159778083 
1.217436552371996 0.2703647561018826 0.5114428062471882 
0.25031258707299775 2.0129233504604476 0.4508893859613812 
0.19864632436032548 2.305667105406899 0.3222017159988196 
1.1317471624533737 0.40212265922921836 0.22067355990925192 
1.5184052042668883 0.13877853175891525 0.27729292665016014 
0.24723135155326287 1.6687366669751138 1.1996143839261943 
0.8264037799659946 0.7430408934036516 0.2580487754664218 
0.5196217990467294 1.3156981103777985 0.22250277277152314 
0.4097547377118198 1.5542012082966357 0.2968589624512572 
0.39442723416571107 0.22804835067579177 2.8354961431132497 
1.6101755600701655 0.12905038348520803 0.12904966449071703 
0.6261789401450496 0.7704207091904324 1.162849659359297 
1.0070526057852198 0.3818106505851907 0.8671598341855634 
0.5570432502706284 0.556451220888893 1.4151554958427468 
0.0694639534683812 3.776743873960252 0.1593248641892277 
0.0694639534683812 2.0579918438810307 2.253487547777691 
0.19050607310608778 1.9809912830652237 1.1058699671868686 
0.7002978929339382 0.870920852808163 0.4608805305524963 
0.36834194158339084 0.7943941764813026 1.7228672375992788 
1.0747091120022145 0.40025109766880773 0.4443594643180585 
0.2855737006561204 1.7583083218729683 0.7560565831721318 
1.433844365066413 0.21480157465695576 0.1179038429002364 
0.7431767236759371 0.22699682306290442 1.928455700866641 
0.31635889695810515 0.6869518952478677 2.3793937420007514 
0.5147818073738978 0.37121478451007855 2.3422980014931722 
0.5388593186929527 1.0154668753819265 0.9580015917359037 
0.5482743497575054 1.0962237909177042 0.6454316373724114 
0.7576260085707619 0.9669208544449849 0.08370948281631019 
0.1559313298317636 2.3480743781312428 0.7369481217975982 
0.0694639534683812 0.0694639534683812 6.069463953468381 
0.3386710770300015 1.6927157896411515 0.4634524989693165 
0.13044987227533486 1.6765804891565879 1.5328251491109248 
0.12839774850462363 0.17536697107189161 4.497325919624074 
0.3654954613610376 1.7398468589347997 0.1957957475583793 
1.4766494484161383 0.13088877026936924 0.4995486681970035 
1.1838083526174716 0.2584099356574864 0.744521147877131 
0.29779224580547736 1.1465956428684125 1.3291601477662514 
0.8833669258028042 0.6315130814974534 0.3638373609217165 
0.8180588628993241 0.3212651322071837 1.2838907235966195 
0.44616241947399793 0.798566153535682 1.3256221459473798 
0.8987029024104528 0.2239097553992544 1.3270015298426114 
0.9551357017580969 0.537366367818031 0.3895450215668516 
0.6964082683289197 0.7560967333214016 0.8977287160731644 
0.18826313783181442 0.5684761537336486 2.931813600657888 
0.642113154614148 0.34941680747548726 1.780116487779597 
0.8594573260161814 0.595384993995805 0.6293141076721338 
0.3888165922092132 0.9734666029616197 1.2838907235966195 
0.9762382570698506 0.5506180564880588 0.25776739682677713 
0.0694639534683812 4.069459725491952 0.0694639534683812 
0.5114905980333905 1.0310834688444968 1.0615542700695115 
0.4280416453171881 0.5350879596441868 2.2348626220949193 
0.6709097702103772 0.10777522007464943 2.4780600554275325 
0.9185655336052803 0.6520183691015488 0.17731479480090007 
0.9601399107866821 0.3779482889249504 1.0770510126914037 
0.7687825036920584 0.8014448846302892 0.3342182434013726 
0.7210663088145373 0.9270167536196362 0.20979028751440676 
0.5669754553058253 1.175910169473226 0.299112930469146 
0.28505035127174755 2.0499836912536726 0.1499727587796107 
