1.2823350108329574 0.2504498320835193 0.1501930033178117 
0.34909313446379436 0.8435967737582264 1.9249772281395838 
1.1495919273584854 0.36004873347231053 0.16347649061745428 
2.0000471754325275 4.7175432528154556E-5 4.7175432528154556E-5 
0.4220179307581535 0.2353895562908538 2.398254683006437 
0.31883036375569007 1.799004211645892 0.13607685899991243 
0.6416655946329024 1.043193219755458 0.0882401341603807 
1.580965303685757 0.061990886599226816 0.9344404925317347 
0.6378766010479837 1.0304216806662179 0.2625431436414104 
1.149671562060021 0.33632408995017865 0.6420246220367126 
1.632483300048188 0.06317273807499163 0.06312829155674798 
0.8245291297090139 0.7335338794070607 0.20530357438745023 
1.109447524702462 0.04414329511375177 1.3721517429736094 
0.6086304331308477 1.0702200272200222 0.4516911282115271 
0.2507328346520337 1.9601031266805433 0.7968510576004738 
1.0510176031172334 0.43144823413514166 0.630490372546287 
0.834521992791317 0.7330674169900715 0.07588907313200847 
0.4840834291612274 0.5673998292567485 2.359715554195545 
0.19174867760670616 0.6002735921784277 2.390801404481733 
0.9114993949619927 0.5955499369202754 0.5253438518872294 
1.4406536690989777 0.1323341919727134 0.5740183616444998 
0.40393907884015484 0.7806036740879367 1.3453460685935925 
0.7037092986073954 0.9260955646789664 0.1514391826067568 
1.0604460609448803 0.45244924097778494 0.10433340805985253 
1.4320040121294433 0.14750450506984653 0.24576958377732383 
0.6185957931946864 1.03224953357697 0.7531988688081483 
1.583453053389715 0.06898851235964361 0.48416435817116843 
1.1180679935358362 0.4037455604392415 0.026919209063465007 
0.9430409639270311 0.5377800121317234 0.9586954199765577 
3.3440669817210206E-5 4.000033440669816 3.3440669817210206E-5 
0.7703537367051476 0.8062285777345719 0.29164112720191593 
0.9492984275534014 0.10013201016459056 2.0364372841704426 
0.24507616829984635 1.1554376440980973 1.3511472420821908 
0.5414384114730941 1.1595251229765289 1.192050788431757 
1.4226391305831323 0.12807641665108305 1.192302091415832 
0.67873904988789 0.35727925797373405 1.4013350605798875 
0.9874375961768227 0.52404227013657 0.2049749839013918 
0.017678818434411065 0.10527544281077267 4.773287181057964 
0.1346207800999293 1.6312502792497054 1.2009391140383674 
0.9026681738242461 0.6009481226073744 0.6399090532664798 
0.7065557153454586 0.8973579856438926 0.43801858625018114 
0.9111265830666593 0.6248494920061008 0.11570099095553968 
0.5069886525498261 0.6569821700950996 1.2014957195596159 
0.7416579185628477 0.8112869488340769 0.9791180516861625 
0.8889243498272872 0.16563757201758564 1.3479510991921462 
0.548226897514234 1.1751906304989266 0.6591429846844974 
0.9377498961716516 0.604948936250369 0.01952457172230025 
0.3729023556761632 1.6269161310733622 0.24915046921345327 
0.026592730086263432 3.318367414405454 0.07965980821349672 
0.14420012708983415 2.4492787290764837 0.2770035251270629 
1.0850985012458805 0.37731339997159913 1.1920762408277181 
0.495764613363038 0.5780648432948956 1.808347193604871 
0.3872907682339212 1.628464017016293 0.012779832254550394 
0.810874716815241 0.1897520505536818 2.2368535333725506 
0.9059482329921897 0.5735453180235444 1.192054980375568 
0.10094144768534714 2.633139920144008 0.7712902822487493 
1.4403059521781163 0.15339782207400104 0.05106070922449787 
0.7814772240213943 0.2629024322600918 1.2673485686670112 
1.2912130893824836 0.2189713621595493 0.7821388739921669 
1.1040840423095186 0.367594147998167 0.939252660140763 
0.22982479474426257 2.1112262618662716 0.0858923692309916 
1.2790526156251176 0.2624040384677713 0.03745165504556032 
0.5697474296064913 0.5589395270984361 1.201895305764022 
0.06426846079506417 1.8406653705690126 1.6764387339091098 
1.2768448048647378 0.21857297277379262 1.1795928381528278 
0.20227762784670583 2.1736960374222822 0.42673399018100217 
0.42380765871093684 1.44233270824465 0.8948285251870979 
0.38588592430390967 0.1891198454876974 3.268667212765006 
0.482828897441472 1.3353960166134795 0.4088353374503438 
0.16076295309655797 1.3580982633019227 2.049840598711802 
0.4270569019549338 1.4608040205920794 0.5074188825649636 
0.9829343533766063 0.5192476974494824 0.3550348998539385 
0.5453354380261095 1.2126567578721374 0.2514681747474607 
0.7785350199730905 0.7798176092397102 0.4999366946115085 
1.2934107773577879 0.22640750056785394 0.4978929725187007 
0.37159904382220377 1.5615773155185497 1.19226590141387 
0.8514674608242057 0.6559809467797474 0.8988295401650065 
1.1235539127108454 0.37613204958427143 0.2925785121108008 
0.5601218252917187 1.1286254574969288 1.0601577302745342 
0.5513975861478517 1.2251432796081125 0.06033646464994255 
0.48759853800981207 1.3485905234854367 0.1653774934056479 
0.7212041326391534 0.8572264981496931 0.7102502207152478 
0.23544069856264566 1.107918591516606 2.1900654377529176 
0.673550978311433 0.32931609985672317 2.0130421886819883 
1.5827533213191554 0.07571133270235487 0.2270249645937665 
1.123513981589921 0.36967207299090954 0.4190838342541702 
0.2468668278913878 0.37753984465700563 3.467145849002261 
0.5375685234906717 0.536348504957145 1.4829101514822183 
0.35657139833424933 1.6286774488693756 0.7674144203304172 
0.9002307635251193 0.6216493687063395 0.3254973119532664 
1.2890584664029245 0.237171003757605 0.3048875513472214 
0.14385753919031974 0.6044512837211361 3.467145849002261 
0.6257758479042862 0.04018057612835869 2.505673558881414 
0.17271879419040315 2.2383503149065054 1.1920775106293247 
0.3405230656025401 0.9336403465830518 1.2390492019040762 
0.08081463565706201 0.9198340195290353 2.4441669705833493 
0.3016580375776513 1.818219671356938 0.4411864439263939 
0.7139348754411117 0.9310521564290883 0.014714239978288041 
0.018381866057590377 2.1497210366679975 2.359715554195545 
8.1200140542492E-5 8.1200140542492E-5 6.000081200140542 
