0.31888495464756844 1.7990023292557598 0.1359498537267534 
1.579830283860205 0.06244190032253077 0.933455509595315 
1.2933139689237445 0.22635498165240728 0.49796270406217796 
0.5395180753118828 1.1637513768602228 1.1924377449831265 
0.673473176584133 0.3291919097318915 2.011731490697724 
0.770369003209485 0.8063042973122501 0.2915912648712035 
0.9026643094168062 0.6008938766033767 0.6394509668917723 
1.4405389264101554 0.13247201972392345 0.5738990865024682 
1.4224955267776642 0.12820491325009997 1.1923709279829449 
1.1234995992285448 0.37606782084662205 0.29245384365956006 
1.1181999315884645 0.40378213375842925 0.027042519890804594 
0.9429741150318061 0.5378826520334427 0.9586113300058487 
0.9054655481781055 0.5743308473739261 1.1924377449831265 
1.2911242989421878 0.21901850111214588 0.7819894033003305 
1.0534746651000995 0.40839879230504156 1.1923692997896125 
0.6788387360374706 0.35727264770897343 1.4012997097670377 
0.4270832921564326 1.4604523111869723 0.5073222105518802 
0.900173946303927 0.6215951338932465 0.3256005775500271 
1.4321039966536484 0.14747802580378128 0.24571294008336678 
0.16088773645879548 1.3576739001974583 2.0499969490332997 
1.3654228099302515E-4 1.3654228099302515E-4 6.000136542280993 
0.9111547251748607 0.6247479169113016 0.11566259900947348 
0.3729188443187736 1.62665332121879 0.24910021107445535 
1.1039353058358112 0.36755301702234944 0.939225809123776 
1.5830988847873 0.07568644135465087 0.2269218705630741 
1.1080543728176793 0.044825137534020454 1.369662000460547 
0.7038029090027481 0.9260399742254034 0.15157879353262813 
0.5513846968297076 1.2247502097886436 0.06029871734947568 
0.9117003898769764 0.5954304778273737 0.5253201080680712 
0.06404202719603615 1.8422728570809406 1.6774913400070668 
1.4403027416776462 0.15338105411168715 0.05122363208716936 
0.8514575508129439 0.6558936200724823 0.8989018269903443 
0.7064689294755844 0.897606523310702 0.43835870139968924 
1.123532913076981 0.36970899180542793 0.4190420949297517 
0.5766521068853392 0.5251641394691793 1.1926403773417296 
0.22981219465111416 2.1109213240449685 0.08569453749041038 
0.983019744564146 0.5192998076551545 0.3552595543946287 
1.1494904034966202 0.36000097532261505 0.16356200671573962 
1.0604599095297251 0.4524825297284878 0.10434622895986309 
0.824524246422365 0.73357420487415 0.2053702292640563 
0.02668636554582975 3.3184935247010556 0.07968680628751036 
0.5454162617426226 1.2126104201975538 0.25164781735312064 
0.26162011493264536 0.37074576787755026 3.922855738666553 
0.17288434949013412 2.237633915304588 1.1923769870941756 
0.04640923669445867 0.0945255328801028 4.831762693340999 
0.7139822191300468 0.9310285704038661 0.014771629112932018 
0.4827944586156208 1.3350385206984727 0.4086526151190938 
0.3873215842662182 1.6282115868883007 0.01283752839932762 
0.7416519935837019 0.8112308627077912 0.9789255015485251 
0.8890963876041226 0.1655334503358952 1.3482283062536922 
0.1299561035584157 1.6275693174789578 1.1969304347418321 
0.7211838839684972 0.8571806663872098 0.7101199966931288 
9.634794736913235E-5 4.000096347947369 9.634794736913235E-5 
0.5483360568352001 1.1751667298701032 0.6592183475978837 
0.24505627990171805 1.1557028574765051 1.3516120961718485 
0.14421934986484974 2.448666727782339 0.27690065207011433 
0.5600854422391865 1.12856850678584 1.060121837011294 
1.0511104474406276 0.43138228764118425 0.6305107094635738 
0.3765043564639248 1.5476508407399845 1.1923938803977117 
0.23537223855325437 1.108066460982294 2.1900455041462723 
0.2024458417806252 2.173042815535378 0.4264417101832154 
0.9496856286618744 0.09999467361845335 2.0374150577118644 
1.5833004706406462 0.06909577334132193 0.4839514718129638 
0.016357967370642646 2.1722371669160214 2.38491246014117 
1.2822867175435166 0.2505395580335294 0.1503578836877755 
0.8345423010656653 0.7330207393629017 0.07587678958605024 
0.3491726985960101 0.8436876858564712 1.9250294266349146 
0.10115962464587971 2.6315032651524 0.7706548769101331 
0.30163523388501595 1.8179613248004212 0.4412414908674566 
0.778615324066501 0.7797297379365938 0.4994534298466673 
1.2771348128203577 0.2183656303662212 1.1801846566632501 
0.40394353492131174 0.7805188971231196 1.3451146564890195 
0.9874574244386916 0.5240516827974093 0.20502089441401264 
0.4959115630012732 0.5780225587321481 1.808183247290187 
0.5376301044655549 0.5363929225128246 1.483100936173186 
0.4240246847671156 1.442229426655011 0.8944432258744547 
0.6086009695531079 1.0700064746372095 0.4517962804842056 
0.4875948352789909 1.348249920455222 0.16549053564115163 
0.618720448048854 1.0321111216897043 0.7532513754798668 
0.7813262062763262 0.2630557158214473 1.2667519710980952 
0.34043609188059293 0.9335982339156951 1.2391512413443193 
1.6325391316089057 0.0631803727828608 0.06318821194200823 
1.2790783749699313 0.26246994052029493 0.03753683069906187 
2.000063324692887 6.332469288768549E-5 6.332469288768549E-5 
1.149591512455791 0.3362698056750203 0.6419604853333161 
0.25082595534507995 1.959500693149572 0.7966205710241908 
0.6259186931357336 0.040008797676896385 2.5064445967164852 
0.48202965967056366 0.5710051643200902 2.3854780329685767 
0.1438806595389995 0.6042980561910859 3.4660985454833564 
0.202556620588956 0.579718868766973 2.3913385667690457 
0.8109258843921152 0.18961424570706717 2.2373018463506775 
0.3859304845304025 0.18909282591921717 3.268224692636705 
0.7096640059042044 0.8523623837298467 1.1923692997896125 
0.6417854771096148 1.0431321331595809 0.0885030352364836 
0.6379462008686047 1.030385335182683 0.2626743757648448 
0.3567064686930248 1.6286529492781965 0.7674066985800019 
1.2892368429321612 0.2371897066484869 0.3050736882581157 
0.08127609629706381 0.9188980560632098 2.4414800804360004 
0.9377536479741643 0.6049763900196867 0.019568915403634098 
0.4149577064647006 0.27039738565901733 2.4112147232747354 
