0.6901654986132553 0.8843305807878944 1.192330509210907 
0.9874320023272165 0.5240628020301863 0.20503750972263718 
0.42387308923079353 1.4422034884740562 0.8946284731765554 
0.6788028253051085 0.3573113399141436 1.4015384767471093 
0.9830320485527188 0.5192714329026299 0.35527827384687416 
1.1494495766693913 0.3600437806082945 0.16367138656220415 
0.8514862519825968 0.6560306844213868 0.898910732274606 
0.8243956822345899 0.7335281127300401 0.20524713211639603 
1.2911802381486517 0.21890458264853288 0.7823304833872124 
7.828169919244727E-5 7.828169919244727E-5 6.000078281699192 
1.123513809194392 0.3760447743409359 0.2923886206106134 
1.1495935080227486 0.3362974589610366 0.6418680425401839 
1.2891885682480664 0.23719174793979816 0.30495803941868377 
0.5601308835154801 1.1284674732591276 1.05988258133111 
0.7139023938240956 0.9311442296635077 0.01472839863112937 
1.583013003012645 0.07571719220155451 0.22713555147727896 
0.37298209586847797 1.6266607691550137 0.24887705947752914 
0.25085653115213086 1.9594799289872138 0.7967126282401998 
1.4402291453451253 0.15347364496229113 0.05108133820168078 
0.8345123048402918 0.7329653644113223 0.07579123826362122 
0.6085722000611515 1.0700012247246264 0.45195120736662747 
1.0603570829324809 0.45253305588423326 0.10426482585021858 
1.6324981957808842 0.0631652004981014 0.06315357681035355 
0.905914466887893 0.5736389338379896 1.192347544450238 
0.5374986836067982 0.536259802805519 1.482526050822199 
1.2821945687361929 0.25058421735526065 0.150304782603281 
0.017117634339679152 2.1642008978295517 2.3760633571565686 
0.30171819936430244 1.8179180197586726 0.4413341917098762 
1.2768443926068063 0.21853051970814916 1.1795512470780434 
0.7064979676303925 0.8974970667325761 0.43828929581897735 
0.6186987761935814 1.0322289140029053 0.7532248495981936 
0.9002075834940744 0.6216219357896466 0.32546391421913734 
0.40148705498605375 0.3563477212066399 2.440800437997087 
7.64458984305305E-5 4.00007644589843 7.64458984305305E-5 
1.1233342615470105 0.36963603853545796 0.418895321233157 
0.20238449727155544 2.1731802380623937 0.4265245939185939 
0.9377347035885305 0.604951576066689 0.019566554859328403 
0.5705807620058924 0.5326033796231945 1.1929927681153756 
0.6379340046650818 1.03046817523966 0.26256613594695305 
0.014540729637023441 0.10840170877244061 4.771032955966713 
0.38593495298050606 0.18914385353576757 3.268151456093096 
0.8889798718854734 0.1655951103529831 1.3480490834058172 
1.2790421129041203 0.2624745811858977 0.03753236144925086 
1.5830337407707469 0.06917604967003561 0.4837962769748239 
0.22983198821802475 2.1110602065420614 0.08584024531798132 
2.0000491923430825 4.919234308309684E-5 4.919234308309684E-5 
0.741584632244721 0.8112511653121118 0.9791718071735392 
0.7814214799728502 0.262980167791932 1.2669164867731069 
0.4270503034836064 1.4609085281491405 0.507323045508535 
0.34053353386144714 0.9336444259190732 1.2392281535517191 
0.7785499839743931 0.7799384114012252 0.49981840218765355 
0.4958811983252404 0.5780949164924042 1.8086883853504432 
0.6735017382395064 0.3292447939363153 2.011623781444378 
0.2853277209802871 0.36706491988502205 3.2829057800772183 
0.02663691303585162 3.3186946582149437 0.07976244996390565 
0.38723626277881307 1.6283506272527215 0.012773358556376048 
1.4405086844841142 0.13235844928827237 0.5740373053132116 
0.5430546995259763 1.1570976667462036 1.1795512470780434 
0.3188617941964922 1.7989689145993943 0.13607286195789112 
1.5795078962103921 0.06253556052188607 0.9331689282016941 
0.911081777413134 0.6248600550478457 0.11561093638862999 
1.4216780756456293 0.12865182190856533 1.192349516289984 
0.8109122239102983 0.18966858168814354 2.2372848991584013 
1.4322385847842132 0.1475112321215769 0.24576762544344175 
1.2935298577969023 0.22638818423515503 0.49795857583892034 
1.1095694959875488 0.0442249659700908 1.3722936089381714 
0.34908872752106923 0.8438381047767418 1.9256413116399753 
0.9489613885667467 0.10034915863150279 2.0356813517879506 
0.4769818532103049 0.5782273036174997 2.3760633571565686 
1.103893962110789 0.3675690187531728 0.938900262367564 
0.7212057984825523 0.8571677624275524 0.7101800053871496 
0.2450573489736834 1.1558772961104027 1.3517935876003302 
0.9429931940868813 0.5377259057923054 0.9585149227438731 
0.15986663678607205 1.3608515608772855 2.05472717347655 
0.1741923001437783 1.4428250697754468 1.199457506802724 
0.5513186647607585 1.2248894760312792 0.06031157921537802 
0.06586568401349667 1.832338178370982 1.6679202973209974 
0.5483372862767677 1.1751332743736012 0.6591535078939734 
0.17280899767212146 2.2378728413381275 1.192330509210907 
1.0512761859928705 0.4315195662218433 0.6304538663761451 
0.487590957071755 1.3484830478205898 0.16561406322792993 
0.40403077517064584 0.7806233574959566 1.3452999697059085 
1.1181465331770777 0.4038278044661947 0.026938257347096237 
0.9116080171531423 0.5953879617675589 0.5252003764661971 
0.0808287544345721 0.9199274195538737 2.4444659979031904 
0.15806555798492505 1.6149943252214334 1.2169524685915913 
0.7037662029632812 0.9261460561896746 0.1515830211914653 
0.14423069104288738 2.448830703048547 0.27687081315405243 
0.5453068557710112 1.21254460118148 0.2516295332826202 
0.1437331404214543 0.6044209990208854 3.4671976555826416 
0.3566198086334429 1.6288270825696902 0.7675828321739547 
0.770484712268637 0.8064075657494808 0.291740699256745 
0.6263479862975898 0.03971806331854769 2.5083992872191865 
0.23540143408888003 1.1077709500372996 2.1898612103422814 
0.4828122416678305 1.3353711930818162 0.40881713765187366 
0.20108659396850587 0.6119776283244648 2.400885676625323 
0.6417637896314595 1.0432566796845302 0.08843977877522659 
1.0661923241619826 0.402579012076513 1.1957864175900554 
0.9027548144465548 0.6009161855911929 0.6396564296349322 
0.10140901436255419 2.6306694862340385 0.770117108527334 
