1.9826607784159427 0.051902093737757726 
1.9374527381269089 0.4508552314650883 
0.8004716049492465 1.6898812319430312 
1.3380626705474776 1.0246406250041278 
0.7912795356836858 1.7511989086779893 
1.293066139282623 1.5545828289322814 
0.7384278007170227 2.3409709116805306 
1.9681921614029516 0.13981693195195583 
1.297142187609194 1.496700759758892 
1.9999999999999998 4.3514235763696605E-17 
0.7532541174873114 2.141605936162285 
0.057072090592495815 3.67164386930953 
1.949365551246819 0.31143672604841266 
1.9397935619455775 0.4216930259365826 
1.3211708565022984 1.1929029399103777 
0.34720940126000477 2.6116204378306556 
1.3742432453239706 0.8156078462070885 
1.3475255855474302 0.9491255125022199 
0.014496011961022834 3.9236683785116613 
1.9421498210101988 0.39319502750924956 
1.9445267258548649 0.3653344503152654 
1.3011749133755026 1.4410850383327731 
1.9518412736629696 0.28535686194734394 
1.9304821926022513 0.5425545862871145 
1.3171434307459362 1.2388980128686624 
0.3180490775811916 2.9628882193843586 
1.932801079733351 0.5112580735777997 
1.9713570415838617 0.11721568002425103 
0.7752793995012598 1.8905965205357433 
0.8115298082831427 1.6355421597767363 
1.9211730753845178 0.6757225001107195 
0.7830187646595425 1.8181996531761602 
1.30916325738644 1.3361561016894714 
1.358603227791984 0.8790956603669181 
1.9351233471664493 0.4807006258844258 
1.9623493781230827 0.18636847276948085 
1.994413392967926 0.01022776392779617 
1.3527753115941141 0.913411544317516 
1.3336607087235415 1.0644836569979639 
0.0858827917972019 3.2807238582514855 
1.9281631755813204 0.57461873057283 
1.9235117123808612 0.6411705081006468 
0.3830718048891034 2.3977478115903224 
1.9164551623599908 0.7475525582215609 
1.9469298062002829 0.3380893149222502 
1.9747532767121792 0.09504163434752316 
0.8284817140883632 1.5951346004508205 
1.3895113781690258 0.7949472315303795 
1.3426594146885389 0.9861995888429679 
0.7605286314839722 2.0519941208354693 
0.10741748919328695 3.180520777362895 
1.3051774304739587 1.3876090015641274 
0.7678328988553197 1.96844671872004 
1.9652024246952995 0.16286213310279912 
1.9569494756955976 0.2348342854343422 
0.3326409655810097 2.7720029686485272 
1.9188218577583411 0.7111710402088695 
1.9140704240123922 0.784900597044275 
1.9596053317162034 0.2103532275455656 
1.9876504619438644 0.030896072529135028 
1.3131467885305217 1.2866179927711694 
0.3629820813994805 2.4827964821308632 
1.9543657563468937 0.25982912291903043 
1.3294025158430214 1.1057665946262556 
1.2904346262592172 1.592793351958547 
1.3252491963383615 1.1485506300888746 
0.7459157725153703 2.237747310480552 
0.30287105361521294 3.1805206402656494 
4.920768717203074E-17 4.0 
1.3653998822887798 0.8463220177328249 
1.9784695330807436 0.07327656351640463 
1.9258407343525084 0.6074802277258528 
1.351214273206652 0.9235606996104325 
1.9446433628838578 0.36399052420334244 
1.9288121031053194 0.5655700952459376 
0.33630841898915026 2.728367922443738 
1.962875671039376 0.18192198528828082 
1.9727645311887367 0.10776340690129703 
0.7592170991617804 2.0712393025521734 
1.3437540324144879 0.98416038864041 
0.07238110005121275 3.4391035698113335 
1.9543663884879927 0.2598228668528063 
0.7511082066288312 2.1691574605642465 
1.9425758892151186 0.388134911408785 
1.3767835102767423 0.8093130966822196 
1.968225297850937 0.13957069663840346 
1.3084724049352299 1.3856598676845882 
1.9362557977394939 0.4660892343106521 
1.9269168972549129 0.592160827181131 
1.9746431404221612 0.09572666137451614 
1.2968613421186252 1.5006362868296588 
1.3221602111144592 1.1819348762937234 
1.994633899536518 0.009706241670007236 
1.950275278989919 0.3017341967278427 
1.936749570360324 0.4597785585588478 
1.9330275884577128 0.5082427345913844 
1.3691618026667305 0.8315934376512312 
1.382327256823913 0.7995279356610402 
1.3563424547602558 0.8917336003951007 
1.9658640754350314 0.157621326186956 
