0.6185756549005406 1.0320877881661883 0.7531094665995683 
1.1235518667007063 0.3760918168722013 0.2924916484585709 
0.5513371274688513 1.2247280298136067 0.06023232784077964 
1.4320051389235835 0.14750686182833062 0.24573133774662728 
1.060450926124498 0.4525017898583496 0.10445736167510795 
0.608500837917843 1.070048269474784 0.45173964108352904 
0.318808981669372 1.798972886935428 0.13602089474358472 
0.5601334761228686 1.128551969190169 1.060323745851076 
1.4401860821613317 0.1535308537933901 0.051219722919087024 
0.714010518701389 0.931269983579323 0.014739336199673547 
0.4239136023781644 1.4422032140298675 0.8944872770544297 
0.6378454162833251 1.0305423602968362 0.26273513395813647 
6.720359793194369E-5 6.720359793194369E-5 6.000067203597932 
1.2789945854685012 0.2624382799289316 0.03748658281586574 
1.4405344124271933 0.13251518516685484 0.5739625388951136 
0.14367867984987187 0.6045851291527877 3.4682940628481784 
0.4820260186183911 0.5693330135336748 2.3898041768022464 
1.1495912846359684 0.33631250683405806 0.6417789619707005 
0.4827564292322775 1.3351361096606524 0.40870075496150565 
0.94290767667168 0.537744744558695 0.9584547240630127 
0.5453209589330207 1.2127700180920327 0.2518721481066914 
0.23561271846889392 1.1075679599666806 2.189276591055625 
0.8244029887655177 0.733494298061742 0.20537459143022227 
0.37288460280230645 1.6267050709711361 0.24915897395761086 
1.0796745001557289 0.3825447013317233 1.191939233357008 
0.8345640276346764 0.7331432894754308 0.07589921224688015 
0.3872497970712753 1.6281988742353233 0.012839018095406185 
0.9110568329952309 0.6248182928966565 0.11584455586163626 
0.8108659969857268 0.18955658311961499 2.236896967664067 
0.24499923376766605 1.155688785296854 1.3515267871322665 
1.1102281277819515 0.04388856962292725 1.3732903369821998 
1.5800455923363752 0.06231208996464884 0.933730691893505 
0.6787653239657838 0.35734007099422593 1.4011492719923366 
1.2768008448188004 0.21848065474062048 1.1797282781803573 
0.42703837947110307 1.4608909949027724 0.5074198494151927 
1.5830388605258883 0.07572116264902734 0.22715944089573786 
0.3566109269864924 1.6286814755300958 0.7675406765226803 
0.7703379446712854 0.8063248367199796 0.291666999267378 
0.06506695358816804 1.8364723140625363 1.6720267060246812 
0.5482017527736287 1.1752622961313182 0.6592168836318719 
0.741639984698161 0.8114255098564513 0.9794695022633009 
1.5831755404614853 0.06931678808215092 0.4837618005653365 
0.25080992640937994 1.959488330779184 0.7965978043196285 
0.9875073224387689 0.5239747067427115 0.20507991423398853 
0.301566505052773 1.8184445136028509 0.4413285426304229 
2.000114425347967 1.1442534796750242E-4 1.1442534796750242E-4 
0.3858067436312981 0.1891512390252187 3.267369568062872 
0.34906131439218957 0.8437892053218209 1.925611289002859 
0.13655010934795872 1.61110020008756 1.1987861567554206 
1.123409978344303 0.3696338860418871 0.41900457474010855 
0.3404434394122112 0.9336508316147394 1.2391734298729835 
1.2911154772997957 0.21908272782246466 0.7819497388867388 
0.6262778257063556 0.039770101419112074 2.5080869797779113 
0.7064666903195288 0.8974952265149477 0.43843390793588227 
1.1495214516581012 0.36001678536820597 0.16374243170131683 
0.40069320755968174 0.26072157959966574 2.398240680218084 
0.10107528284775853 2.6325449087139976 0.7711121455968892 
1.28242646866263 0.2505671053604428 0.1503978506400345 
0.6734450788997782 0.329199548358522 2.011768108618552 
1.1039365920284394 0.36754969264574017 0.9391678603547196 
0.17307194910916188 2.2366940969982263 1.1919206497401398 
1.2935130999580422 0.2263466741941429 0.49787993088924143 
0.7120271562372165 0.8485468406384238 1.1919344472158033 
0.7037626875846176 0.9262382856281923 0.15154238247554314 
0.902594930657545 0.6009407900407084 0.6397000768187948 
1.050899817652406 0.4314748815665009 0.630400537850515 
0.37465333430213105 1.5525859606424703 1.191940388812518 
1.4216599254606148 0.12865516314488654 1.191940388812518 
0.2592258669865154 0.3667861708461102 3.2675483117452258 
0.20231311081119976 2.1734520942216817 0.42655664779796504 
0.7813543622265007 0.2629280408146273 1.2670621647135012 
0.88899637060191 0.16552204318204294 1.3481723771704062 
0.22978096523080646 2.1108833823965094 0.08573040286470432 
0.6416715064485802 1.0433106026801662 0.08827930843730099 
0.5375126061104646 0.536322041741912 1.4827944121738368 
1.6326707401944058 0.06315055964728915 0.06311974249423581 
0.9494894295938289 0.10002680259944675 2.037332623003061 
0.7211867844235403 0.8571861315738746 0.7102824332660128 
0.9378347090847032 0.6051067684581863 0.019596398001282083 
0.9002934409132252 0.6217445490356204 0.32573481035379614 
0.9115661521551977 0.5954216531648433 0.5253600414844019 
0.5412910370613987 1.160302060161524 1.1915972843334093 
0.8513396833006478 0.6558653036919425 0.8987274527355578 
0.1442734170467057 2.4483531384313193 0.2765041498285357 
1.2890226348114335 0.23716095768449133 0.30493119895053733 
0.08121605454096965 0.9188743525867346 2.4412093659862157 
0.4039569407356196 0.7808308345482943 1.3456212889929904 
0.48746420177961747 1.3484348797108032 0.16570719496631162 
0.7784546929537075 0.7798259043975376 0.4998932451428119 
1.117977148442503 0.4036836941906286 0.02687718792674127 
0.0265643668796229 3.3191716263656414 0.08008817472112675 
0.03654069715512079 0.09393299840160414 4.78389899439569 
4.75747506722191E-5 4.000047574750671 4.75747506722191E-5 
0.4958644375227406 0.5781506729943174 1.808836479436078 
0.19134215276967997 0.6253962952845932 2.3961656509986002 
0.16073967950296666 1.358159484093543 2.0501387553039305 
0.588114422455538 0.5170442466872646 1.1958260207294007 
0.9030093464995687 0.5772314079416578 1.1919348357919697 
0.9830354619763206 0.5193144690620997 0.3552908966333233 
0.016313366808641414 2.1731172469549542 2.38599277732501 
