1.0604817683499776 0.45247833384460395 0.104567846285663 
1.2789597804438901 0.26247018717631965 0.037518002419655375 
0.8109266209524725 0.1896462238461366 2.237353020070968 
0.7785683869128189 0.7798585859641491 0.49973549642311615 
1.1495872844788697 0.3362832165073935 0.6419606703224343 
0.4819602260479486 0.5697910145993936 2.388185480504277 
1.4320370277179713 0.1474723999644519 0.24564698117609163 
0.9873859525026585 0.5240216758340018 0.20518312093159696 
0.7139376249851804 0.9309633835700813 0.01478181480951233 
7.870000978953072E-5 7.870000978953072E-5 6.00007870000979 
2.0000412816366753 4.1281636675938316E-5 4.1281636675938316E-5 
0.9026496922383599 0.6009325825827461 0.6397616828311519 
0.9111844035799305 0.6246767348634227 0.1154130984231803 
1.440231755694169 0.1534198667365383 0.05113138641167315 
1.2890917332292688 0.23717290936382193 0.30501909045952985 
1.1181397589685482 0.40373560164377825 0.02689816316343717 
7.872631750895937E-5 4.000078726317509 7.872631750895937E-5 
1.2823379978833103 0.25047273383536617 0.15016037369937812 
0.31888461097781745 1.7987055929641014 0.13606436970092586 
1.0511504584045321 0.43149882332166367 0.6303836394315837 
1.1039126231676328 0.36762939173187836 0.9386973211852875 
0.4238947858863258 1.442375699163194 0.8946029925010115 
0.349069830213196 0.843719406459798 1.9254450079202503 
0.6186214306316927 1.032022682265166 0.753056304853654 
0.14384235943009446 0.6043256178665729 3.466760962976078 
0.4039407076192179 0.780661267714559 1.34532097130556 
0.6086192774589374 1.0700093145973961 0.4517977286372043 
0.5513388095453703 1.2248905350485564 0.06016069504577807 
0.3405600548962439 0.9334944984226752 1.239076346805002 
0.7037078324068956 0.9260778492268386 0.15147213689578104 
0.6787704298877458 0.3572583458994682 1.4016384581635253 
1.4404275781496447 0.1324092368510131 0.573826270437386 
0.5483182068750067 1.1752577805689277 0.6592155323225631 
0.38728085951689173 1.62825211531275 0.012865016732515428 
1.2767393230929762 0.21859611044437025 1.179330943294608 
0.6736331987092812 0.32931787599954043 2.0120096660757167 
1.1495160925883603 0.3599769565592188 0.1637057697903793 
0.9429936093667315 0.5377197700179787 0.9587418490455113 
0.3729223840892414 1.626725197278595 0.24913049755330416 
0.9116621622373623 0.5953878084445974 0.5255157902640826 
0.7704324882981739 0.8063468152233851 0.2916197746984066 
0.7813887713409128 0.2628627220913104 1.2669132356922468 
1.4219690316748999 0.12846129977281212 1.1919424687216975 
0.35665908147185693 1.6283981933981366 0.7672477653479678 
0.10113622319385222 2.63194728029355 0.7707655956179369 
0.3791824918007667 1.5403078402566757 1.1919424687216975 
1.5830179325300786 0.07570660230148456 0.22700839594355 
0.7131067061654058 0.846743297715329 1.1923090668109761 
0.9830387612010476 0.5192162206647906 0.3552148813414345 
0.7065537507194023 0.8976454064926878 0.43850764558788186 
0.5736912276088479 0.5397675954570106 1.1974604825134794 
0.8890462644573144 0.1655791890596196 1.348182192257665 
0.4001189497776436 0.2572694049321134 2.3999742182257604 
0.08069305854203972 0.9202143746608927 2.445225535453517 
0.8345760423547359 0.7330194409554226 0.07580727315000903 
1.1233638657169573 0.36973353618236376 0.41867124018014346 
0.9001548927460934 0.6215586998530185 0.32551270447784963 
0.23540100543644848 1.1080795341351897 2.190464255009692 
0.9490480737308319 0.1003759267371289 2.0354959477182883 
1.1236360636470721 0.3761055026781492 0.2925137556899675 
0.6380898153270183 1.0306372953700662 0.26266249005172443 
0.7213233098698839 0.8572039517546507 0.7101302048418853 
0.2298122831576921 2.110886358137787 0.08591304119668297 
1.6322762171519372 0.06320944401825747 0.06308977372077627 
0.06714715568097064 1.824783385626747 1.6604912788753807 
0.38589648217598616 0.1890898308387073 3.2679496363312155 
0.14424647525088266 2.4483374005525467 0.27680274022701995 
0.3016541101550022 1.8181092233095373 0.44118366301483625 
0.4269156422595772 1.4608346175012878 0.5075338406066056 
0.026657424747782404 3.318193435353425 0.07966965876548983 
0.2509175269891798 1.959456985553136 0.7966672094337657 
0.8513819319819472 0.655874739867302 0.8987606663095414 
0.5601738840062018 1.1285108766456886 1.0599600591301026 
1.2934614118869376 0.2263329083753406 0.4980770349832979 
0.20230705197014426 2.173903620423671 0.42671690676187884 
0.9377832931469324 0.6049497823267567 0.01943698424212496 
0.6262014767101479 0.03975964761158838 2.507665490919205 
0.4827757653132 1.3353516333042756 0.4087403466850494 
0.5375704083519897 0.5364442739884043 1.483174810916624 
1.5829027552186268 0.06923021220418547 0.48365787776384567 
0.12302034499807527 1.6636189063424636 1.1981584853396388 
0.8244627503815372 0.7335036476330287 0.205434666743402 
1.5801293086868007 0.06232444347859114 0.933733786336088 
0.539454449343678 1.1636039625914032 1.1923091849364453 
0.016234647518099332 2.175155741955302 2.3881921029557343 
0.48757856248629255 1.3483793712568426 0.165572800877782 
0.17340233175165404 2.235199502095707 1.191932834784446 
1.0998030870191782 0.3719219382191514 1.183490656022829 
1.291203882920323 0.21908784800839814 0.7820196737999218 
0.6417401619155005 1.0431525770478134 0.08839954992990438 
1.1088818270069758 0.04447222351609995 1.3711018401697372 
0.21440306645948304 0.5967885786840017 2.407540033961879 
0.9062543203549526 0.5731497242400114 1.1923090995444119 
0.49595004196961495 0.5780625459118915 1.8091176895882815 
0.25665052262103966 0.3461642898226474 4.017505487100376 
0.5453523552169449 1.2125340409705951 0.25165847901792104 
0.7415995879292401 0.8112631359060408 0.9788320206202612 
0.24516648181333317 1.1555641876931664 1.35130096650487 
0.03285815222330576 0.07335950044673906 4.775630452745352 
0.16112318876412116 1.3570487944729095 2.048018867219213 
