1.8981232718994896 0.20375345620102084 
0.719666081417457 2.560667837165086 
1.9530024862388142 0.09399502752237156 
1.3058419912104082 1.3883160175791835 
1.3779260695518634 1.2441478608962733 
1.2491235065273396 1.5017529869453208 
1.8867923639374022 0.22641527212519555 
1.673590887272104 0.6528182254557922 
1.7275361263636246 0.5449277472727507 
1.8161564074669043 0.36768718506619136 
1.8282550787397822 0.3434898425204356 
1.994884911088862 0.010230177822275994 
1.963636360937889 0.07272727812422188 
0.5462547482565911 2.9074905034868177 
0.02030158145814655 3.959396837083707 
0.6351939771047235 2.729612045790553 
1.7915486945312384 0.4169026109375231 
1.0415098432731464 1.9169803134537071 
1.4952078592589273 1.0095842814821454 
0.9254893770046639 2.149021245990672 
0.8000000047400949 2.3999999905198104 
0.8259107047755265 2.348178590448947 
1.1282048370368445 1.743590325926311 
0.06030141477748176 3.8793971704450367 
1.8039217777409478 0.39215644451810455 
1.4627838147801409 1.0744323704397183 
1.9204245346644848 0.1591509306710304 
1.39534835350227 1.2093032929954601 
1.169674484406415 1.6606510311871698 
0.9494152032372385 2.101169593525523 
1.8520549121113183 0.2958901757773633 
1.6456466539082935 0.7087066921834131 
1.631420624331619 0.7371587513367621 
1.9845754813653054 0.030849037269389274 
1.5423196092980918 0.9153607814038165 
1.019011870050504 1.961976259898992 
1.1490905133383293 1.7018189733233413 
0.6638307902547029 2.672338419490594 
0.35348868129585675 3.2930226374082867 
1.8637602395167452 0.2724795209665096 
1.1070109431038417 1.7859781137923165 
0.8764934100863668 2.2470131798272663 
0.972973960838791 2.0540520783224183 
1.7142855405294135 0.571428918941173 
1.6170206686087032 0.7659586627825936 
1.5727551665659838 0.8544896668680324 
0.38709729575839 3.22580540848322 
1.5576322188915332 0.8847355622169335 
1.7008799090198128 0.5982401819603744 
0.319248928487164 3.361502143025672 
0.17561038416195188 3.6487792316760963 
0.7468884111600058 2.5062231776799884 
1.602446160126984 0.7951076797460321 
1.06367071418673 1.8726585716265398 
1.740633789472064 0.5187324210558719 
0.7736629247876927 2.452674150424615 
0.8514053650451434 2.297189269909713 
0.6060595401570602 2.78788091968588 
1.9093332971641355 0.1813334056717291 
1.659701946399002 0.6805961072019961 
0.2488042902469381 3.502391419506124 
1.479100199482886 1.0417996010342279 
1.2682930448201768 1.4634139103596464 
1.2871976127492437 1.4256047745015126 
1.779036481322638 0.441927037354724 
2.0 1.7080354225002406E-17 
0.9011852050316659 2.1976295899366685 
1.7663813582592138 0.4672372834815724 
1.20996349002443 1.58007301995114 
0.9961693175334115 2.0076613649331767 
1.0855018995194021 1.8289962009611958 
1.8402207798247607 0.31955844035047853 
1.974160217842122 0.051679564315755946 
1.4295072554958157 1.1409854890083686 
1.7080354225002406E-17 4.0 
0.576418198595766 2.847163602808468 
1.4462548384290062 1.1074903231419877 
0.4200919485738517 3.1598161028522966 
1.5111114616032004 0.9777770767935992 
1.9313981373046114 0.13720372539077721 
0.21255944432429844 3.574881111351403 
1.9422572942081888 0.11548541158362237 
1.6873158519943876 0.6253682960112248 
1.2296828537511837 1.5406342924976326 
0.4843047064998901 3.03139058700022 
0.13793105305953104 3.724137893880938 
1.587691920658026 0.824616158683948 
0.28436010552806046 3.431279788943879 
0.515554970442868 2.9688900591142637 
0.45248865225115786 3.0950226954976845 
1.3242321497024498 1.3515357005951003 
0.6919840817864222 2.6160318364271555 
0.09950107093400197 3.8009978581319963 
1.3423728095369325 1.315254380926135 
1.5268139418021387 0.9463721163957226 
1.4125406879909757 1.1749186240180487 
1.3602691406919667 1.2794617186160666 
1.7535815311507843 0.4928369376984314 
1.1899633949780555 1.620073210043889 
1.8753388044366175 0.24932239112676505 
