1.7600080408353223 1.1024892051803128 2.7414871832857233 
2.318295768325817 1.3408521158370914 0.6591478841629087 
2.5549444082516555 1.0700930527218984 1.7043471419422338 
0.9804391298975668 1.6984890908343815 0.8328048413821099 
2.074579847481743 1.4049793143580809 0.7741487628970355 
1.2693077760349505 1.393049342179916 1.642333586111476 
1.9343337501070954 1.2991868000428106 1.4811299498211452 
1.9716393415429017 1.3509473329814954 1.1905715481365062 
0.31791774514205196 0.635293928514386 4.113619074205789 
1.2515234248043972 1.479831871935614 1.34587455340663 
1.4244522694966186 1.7448400979395513 0.3434460755239262 
0.7688834010692582 1.104150834778318 2.773090781690735 
1.1013896794223172 1.7995283323690725 0.46370775556234856 
1.1499974268019424 1.6312526850976745 0.923431570739458 
1.278156694867537 1.1864096199692618 2.477857116612486 
1.2046876188469327 1.9041423027567015 0.1481140683743864 
0.5762503892560292 1.1538509576062532 2.5790092315503395 
2.835301278796092 1.0523222068762923 1.1109479040910575 
0.8320864345788657 1.6590086263595774 1.031996149896405 
0.4286764159849857 0.8570175491203786 3.4452006140679967 
2.7896913786696578 1.104149530464915 0.9008820658163665 
1.4927401294994977 1.511007079483069 1.0774006067610649 
0.7412047402812304 1.4652674058009796 1.6025782819673506 
2.0193217558900987 1.1594405897476028 2.23018665989649 
0.9339047435245573 1.5261435742944507 1.3622329763909014 
0.49924295833266963 0.814522218987327 3.669520827944497 
1.6184101373633526 1.2925594642788787 1.8075350115889435 
2.5274698297703404 1.0084190271523243 2.321448281376765 
0.679254829195864 1.26553042045766 2.2086129061092983 
1.501773190049975 1.6186618917533293 0.6946351630567219 
6.918942364858591E-4 6.918942364858591E-4 6.0006918942364855 
0.07244465963376187 0.13101872664594702 5.662426190548466 
0.9865189513911732 1.300039907601128 2.0868488097539792 
0.24969325926605482 0.4639337269186374 4.657239185705774 
1.816124503247217 1.5919377483763915 0.4080622516236086 
0.766940017030816 1.5356995176173416 1.4123868581850612 
0.6846851205968175 1.3525796751044092 1.941977763825003 
1.0276054386911715 1.0842107933247893 2.938925459620834 
2.5107848222788895 1.2446075888605552 0.7553924111394448 
2.3965327208932723 1.0031860594435167 2.7628608250376745 
1.0178279123066754 1.9786296880771719 0.04837005912103826 
0.9305865445495441 1.8780356706111434 0.4807766155724209 
0.7460427298717969 1.359992519813571 1.9158107239712108 
1.358339949355459 1.442687635072816 1.4047041574864054 
1.9400516983120921 1.3318130647754827 1.282292790404802 
2.400166247742072 1.012137843887996 2.6319370647787084 
1.7447851589133916 1.1041285343804308 2.740800788046271 
0.9699998024589851 1.2220089358928656 2.3673849493847667 
0.8267710782699824 1.0996893567626038 2.810195407152646 
0.362611518903954 0.7251250131227223 3.8455799427013146 
2.746840115274584 1.125547227691952 0.8794471226286632 
0.9639685187487523 1.8705192329781917 0.36862785025673284 
1.1886975600237737 1.7056425369248256 0.6700557464761783 
2.2963844255385015 1.2840631208748734 1.100263721302391 
1.0211613127004922 1.9773009035887503 0.05014939788744228 
0.8906039631459766 1.4930795977622544 1.480032954151417 
1.450214896862161 1.3450890041263417 1.7129146978706367 
2.4402382077170053 1.0356333641969753 2.2723653123560923 
0.8674363543737321 1.4198897607543803 1.7607808331942112 
2.5534676089388144 1.0706732397031984 1.7035560047274396 
1.329458102431204 1.6590482429361513 0.6989785210236935 
6.918942364858591E-4 6.918942364858591E-4 6.0006918942364855 
1.4085376599831352 1.543795036881216 1.0321949462162057 
0.586491182151027 0.977345883349494 3.139071285648324 
1.3491170028339776 1.7842318956461547 0.42152967266261554 
2.4486041365498457 1.2756979317250772 0.7243020682749229 
2.835301278796092 1.0523222068762923 1.1109479040910575 
0.49096493128266994 0.9819913625791253 3.0708743479868237 
0.842475854863365 1.6513201606697097 1.1053044447245353 
1.8502893950220027 1.5748553024889986 0.42514469751100126 
0.2203097349148761 0.3217403600520764 5.482984473173607 
1.6074485216471008 1.3365759590132935 1.8694021653841664 
1.919310056690354 1.1863348994466676 2.1724769636630152 
1.7339758990927243 1.3737344879864177 1.3724072784594337 
0.69075164588757 1.1101725500194315 2.723010183316647 
0.03957736950553056 0.0770289093030602 5.776956851251053 
0.7674989479133663 1.251087593849419 2.262628043051553 
1.5285257381824842 1.5720959128880811 0.8027061681751905 
2.0213155035371138 1.4026489720162212 0.8961744142780429 
1.2801980548788607 1.8740417794894493 0.18842085130658776 
0.9494756645534089 1.521146544704406 1.3709479138801208 
1.1528360385981609 1.2429832006951131 2.285206646176049 
1.0958218297724367 1.6527353992402827 0.8944754107673236 
2.5155766111498123 1.0768473014313686 1.7470134225315692 
0.6799052709512227 1.2999914697242625 2.1409656882406294 
1.3036137458219306 1.3824867168636275 1.6616833575307 
1.1590956068043303 1.2417861019018772 2.28898065871575 
0.8561999476053209 1.6428918640800858 1.0977310667445999 
0.7389967315844393 1.1064542389796488 2.753934136767966 
0.9639685187487523 1.8705192329781917 0.36862785025673284 
1.7387574305785 1.3719554106241407 1.3750019403291915 
1.3635406196933988 1.6441610701485359 0.7167378082692851 
0.7672853383576974 1.4357104647455246 1.6992870571805694 
1.236971860923875 1.7065671427221212 0.6292169334133579 
2.3004598664490516 1.2823070618567223 1.1023953289033739 
1.6439153337153332 1.273599795040106 1.8727213187719254 
1.3494336647960743 1.7841128053814979 0.4217010838824608 
1.07452926638988 1.661178722020126 0.8830948094389003 
2.4318958552091177 1.0358244420495017 2.2909502367162924 
1.1892354553783817 1.5283473687126758 1.2231357648992576 
