0.7381068662775301 1.4972264097078927 1.599382270753216 
2.5779416806562914 1.063448596321277 1.7069636446222252 
1.2954201668277845 1.6338203346709268 0.8172641484270735 
0.3217138592159681 0.6418956142754976 4.076312518842696 
2.1050756988341965 1.4108085254014977 0.7037245827458174 
2.0192447819081463 1.3261195400311419 1.2011074940843776 
7.429418801243405E-4 7.429418801243405E-4 6.000742941880124 
0.990334562766242 2.0127237149333337 0.06945322344891945 
1.2869475220834254 1.5015159117764005 1.3128769865931171 
0.945360346230497 1.5864449205330915 1.1870179011197475 
1.2567395901260854 1.38013051076768 1.7261554447024752 
2.026676720548444 1.1585794812521628 2.0775503227469323 
1.5553982686819026 1.5127422679204334 1.0045853835742198 
1.1191626124587732 1.8216456621140575 0.5141375527130395 
0.6458663087157668 1.2617530804601558 2.217189704996188 
1.7865703761930312 1.1068044973790603 2.690047480104296 
0.4431087352700193 0.8739284820145149 3.3844591880351045 
2.372101692262849 1.2691184930727584 0.9009007542305675 
2.3897756451847965 1.3051121774076018 0.6948878225923983 
0.7758592528776127 1.4903750573755221 1.5429236490671652 
1.2952638816130415 1.1855648590741583 2.4776726996505043 
0.6809994167081778 1.3933199229935251 1.9688479344143226 
0.26939513572330154 0.46958424783676145 4.687871979094558 
2.831676677415476 1.0040377288366298 1.472504099277618 
0.5528156094403616 1.1152770775293392 2.714309275287065 
1.67674023952125 1.3052046739309655 1.698530436975486 
0.9468558038153327 1.0723617448101086 2.970360599674893 
1.924961392460968 1.2968272333971527 1.464066919698081 
1.0415013033513916 1.31213393788955 2.027749925742903 
1.2300989751775102 1.9495670019529099 0.1365883174359767 
1.403733977873901 1.7613720319457176 0.33466257270350414 
0.9197784208170398 1.8366225148169062 0.49002848322736736 
0.47098130751750933 0.812414044197675 3.6419335252383096 
2.837710751196609 1.0811446244016956 0.9188553755983044 
1.0483488432988775 1.7391659925889291 0.7839316224877344 
1.5548595608103692 1.625069303965597 0.5959615985622556 
2.535333745127931 1.0025271572776329 2.36463756447508 
0.8539665169218706 1.0778448630238175 2.9102621144838214 
2.385886062887355 1.0038638102585926 2.7837128582820845 
0.8535493740895773 1.6744773577772283 0.9701385800931368 
1.8368502529838047 1.5988919401235018 0.42419748203037033 
2.948686960617555 1.006368198780715 1.1079707311630336 
0.06845987644702865 0.13470332342532912 5.6021915917626055 
1.0552062852425839 1.984252291478691 0.03155495398795295 
7.429418801243405E-4 7.429418801243405E-4 6.000742941880124 
1.439849037368202 1.4698408126508755 1.2465730187980126 
1.5039527941545967 1.5477514172941187 0.9275962608526789 
2.257137922734948 1.0161035674430154 2.941527657087973 
0.2913308346550073 0.5415955930980663 4.424491831014079 
0.43959874445927843 0.7316179034535122 3.9180102287030745 
1.1079009201494059 1.2967872130876403 2.066900762007609 
1.1013019616746045 1.160084062494533 2.646111292417651 
0.8930981616488952 1.5212598261153663 1.4888580986330646 
1.2468805326643175 1.945888827135719 0.14654996415478475 
1.7586358476407171 1.6363806404850072 0.3845507785888137 
2.812938246283133 1.0122426383697192 1.4627467817004192 
1.2988202877927044 1.1796449835328116 2.5043857907362668 
2.0916662267825066 1.4620052086483284 0.5484458874044473 
1.9386402526746305 1.2916217583144964 1.471451001479637 
2.834946105413014 1.082526947293493 0.9174730527065069 
2.335335547778824 1.0638851686269237 2.251758103358773 
0.7988978588119133 1.0810954850533905 2.874633216420374 
1.4449792400611077 1.741985027543555 0.355697079360921 
0.7250391681547745 1.3627424192650701 1.9194649793754168 
1.3042933901124307 1.3667887418743767 1.7534107217289376 
2.241412845306674 1.3449440667091506 0.7726611941633534 
1.613293492086471 1.3446214739611047 1.6597696903474848 
0.32171413942998517 0.6418950538474635 4.076312518842696 
1.1754883567923906 1.6666307422389144 0.8117348066623267 
2.3182022422557544 1.3408988788721228 0.6591011211278773 
0.6418921109029728 1.0903633038170746 2.7730519907356417 
1.2879539195526406 1.7822072526315573 0.6135189542814512 
0.807780961235306 1.2378907437245632 2.3171786944306834 
2.0842428629861116 1.310651169062659 1.2392834244801936 
0.9995716921698622 1.6250847441251957 1.0510225875959824 
2.4762121555732337 1.0268318533488678 2.2682125297143387 
0.9325477955039077 1.8337668087290389 0.4975894976559902 
0.8562331820840154 1.474348719906405 1.633693382074929 
0.9442823812104817 1.643786567320485 1.020396988021492 
1.8958511063896497 1.0852538821552657 2.7557177618274435 
2.946299316338147 1.0075274906110763 1.1067653989202153 
0.8816371594818775 1.7406354813419027 0.7719716445599693 
0.4869574902746363 0.9591905216615639 3.1281780917022006 
0.09096262017973292 0.17261245922037177 5.506601338578251 
2.4719558136896786 1.1051512409229034 1.6502072815116922 
1.5688159577917058 1.567257020823623 0.7970913655802524 
0.7984268002079159 1.2392693227280145 2.311402113413574 
1.4173521141934087 1.3350688084832867 1.8182098933192261 
1.1540265124794398 1.7271742685246707 0.8176080858822783 
1.1867741717926537 1.2785574981348742 2.1134063581188522 
1.3660198422323844 1.604681308768256 0.8546175900625832 
1.2347674709060528 1.1960645736579605 2.4671571095202154 
1.5094485671203768 1.6894694692820749 0.5871543245410867 
2.5509853451928857 1.0744065642894887 1.6926454103026918 
2.722842580894421 1.1232302592787295 0.9509100215538495 
1.067998713582551 1.1641739853956115 2.625272434656641 
1.122639114812113 1.820833370736388 0.516184457156043 
2.392963659529528 1.303518170235236 0.6964818297647638 
0.9347232381471531 1.8332802990171335 0.4988776228475187 
0.8259735572875528 1.079497246328284 2.892150935829098 
