2.0212479786726427 1.3134023322725679 1.25729641975261 
2.86395159921935 1.0230070183436741 1.2350752167264158 
0.9489215300546348 1.5753504231066917 1.2080152732586698 
2.0120736100167225 1.401628518528275 0.879029524744964 
1.0927540235711575 1.7808894091438432 0.523028700517212 
2.3746054911384173 1.3126972544307913 0.6873027455692087 
1.341339938926966 1.7693909900681373 0.39803415038962964 
1.7230942747862195 1.1068541609592493 2.7366662856283 
1.0196389456725554 1.2825481341913072 2.1391282471092814 
0.8336986883848779 1.6605169654639895 1.0459707488310976 
0.7683943671246892 1.5497648952683822 1.5925725879549788 
0.6584291946129213 1.259389493084654 2.263370911456681 
0.4408837648696994 0.877695905254718 3.450374027150523 
0.5708745708229404 1.1773247916963823 2.7875512750291778 
1.3738038967960446 1.8130980516019777 0.1869019483980223 
0.7026384071280163 1.4695714587465227 1.888010758934164 
1.1394982489592638 1.8618686642130198 0.29429891512612233 
0.0013500114041731849 0.0013500114041731849 6.001350011404173 
0.9567558212047668 1.9403086175799666 0.4416726422473696 
1.032802483786562 1.7202128106110923 0.7654800920472936 
1.2901640627962836 1.495243825818366 1.3439162479220559 
0.5493860231363156 0.8323088570008427 3.6613094517820777 
2.549623430964836 1.0649583848779698 1.7559890217134313 
2.3286697229741278 1.2651151878987337 0.9998899012149562 
2.0161491202123862 1.1477971219409322 2.160634956874079 
0.32023240306739903 0.6417903488895914 4.10388337027653 
2.031953480616272 1.484023259691864 0.515976740308136 
1.2341301129141111 1.6260958433584805 0.9331808134793551 
1.0311224218251134 1.091273531554596 2.907873571499739 
1.2523840101772599 1.3711475522432257 1.7322667146681459 
2.53254463639713 1.0086813676971147 2.3041009193293096 
0.7678690885299124 1.6406224789997406 1.520944446728912 
1.9356544830826434 1.2892178987409821 1.4868110299638848 
1.3586742075636282 1.1948890887818768 2.415406032137996 
0.06924103545376707 0.13628530296651592 5.597365675179711 
0.8203765815946362 1.0330594955667236 3.073618971798553 
2.3586133628686494 1.009861473201184 2.7739350574114154 
1.7525399567532798 1.5917603231938426 0.5101327706381341 
0.9796289525599844 2.065331000946124 0.16322440644375422 
1.4728397510780566 1.5147183433334372 1.0551947389136378 
1.5846908652264364 1.6262306051555657 0.6538393137183205 
1.6370683880627088 1.2668257578281195 1.91022109640797 
2.9234928461683634 1.0382535769158183 0.9617464230841817 
0.28861766711947345 0.4524948970567804 4.831409604662803 
2.8099776429395105 1.0481991064732037 1.207489941916366 
1.5747951383674026 1.2854716442403782 1.874920892081852 
1.8618853095755719 1.1932268729355355 2.0729356667810706 
2.461587058878009 1.0989544780912126 1.7086301380599611 
0.2830431817202516 0.43917674703909565 4.8814180175609385 
1.3753033957282357 1.8123483021358822 0.18765169786411778 
0.13367757532823693 0.19863119958272762 5.589906277584053 
1.3067439268198089 1.3551846100776181 1.7631856783746427 
0.938944128837407 1.909160551628956 0.5283003675569925 
2.239887254693462 1.3728330315630117 0.6513948795187438 
1.5203453765223336 1.203074648546675 2.3020048173318903 
1.0850307584786052 1.2687113988453949 2.178110543864677 
2.798720320936454 1.100639839531773 0.8993601604682271 
0.7238919653616133 1.5036827530538033 1.7379701924942688 
1.0684688261586621 1.534255587618771 1.274015192165381 
0.33851899365950056 0.6587597399211187 4.039783873663171 
0.6903374576796643 1.0365809762090148 2.988100049402669 
1.1675080563217353 1.6729501629260362 0.8395295911757239 
1.5069274588578099 1.5010240723963502 1.0733551204544443 
1.483147476971223 1.6688708050337024 0.6003571215075572 
0.9744675923486832 1.095979360711241 2.8716722949010003 
0.7870508659911875 1.5802935904239497 1.362904268079782 
2.3585111982530327 1.0008987990289935 2.9094879466377384 
0.5698736914485738 0.8630354730978428 3.5606019266805586 
2.458142981509824 1.0320933301071373 2.2623038035411134 
2.1220804968062046 1.4389597515968977 0.5610402484031024 
1.0703795105738558 1.687677797323976 0.8445410632410167 
1.119661681219476 1.7689613114098997 0.5369911063714432 
2.045250542570747 1.4773747287146266 0.5226252712853733 
1.1876716404382124 1.8422146656275697 0.3198631765836047 
0.0013500114041731849 0.0013500114041731849 6.001350011404173 
0.5214695225216703 0.9950603430545857 3.2183142178267308 
0.7238975256668962 1.403970637298976 1.9633857442423381 
0.6958561857737503 1.2316753589706642 2.622053723653838 
1.740517952792456 1.576887794396366 0.5773799500178094 
0.7376506550677459 1.14379438419232 2.62062304492372 
1.8972347854601104 1.3650461601321657 1.1918355668974543 
2.414261045197123 1.2862513647806875 0.7387835175937434 
1.08872984479982 1.5272907857787397 1.2852009373128093 
1.334301326254218 1.73193310103795 0.5405499191806363 
1.9367747751830628 1.2887940002469727 1.4874165918661613 
1.429767161431458 1.1806727569941757 2.458062557453982 
1.0147084288198505 2.053138883378154 0.0438966421072242 
1.2627965858789867 1.6215994398888147 0.9507929942993836 
1.5330557503706808 1.7334721248146596 0.26652787518534043 
1.3421195289906607 1.3447964651648858 1.7833066981842998 
0.6917312213677392 1.0365432328614765 2.989016644078873 
2.221263345630526 1.382080344958069 0.6420613779418057 
1.6168840809699323 1.2728693527778532 1.8987794233293633 
2.235331695543733 1.3823341522281336 0.6176658477718664 
2.07626889661912 1.3390795631618277 1.0596992755203982 
2.7949168674146816 1.055228652025755 1.199792606750664 
1.0167596275796205 1.09246652527739 2.8986960399103414 
1.1520697000023254 1.5055174708297288 1.3201697357981423 
0.5493860231363156 0.8323088570008427 3.6613094517820777 
1.4049336309215608 1.2389479154397611 2.23702140922907 
