0.3192476505493373 3.3615046989013253 
1.6873155371119803 0.6253689257760394 
1.6597019324893114 0.6805961350213773 
0.48430483149834286 3.031390337003314 
1.3602691882908233 1.2794616234183533 
0.3870972823080448 3.2258054353839105 
0.996169350644987 2.007661298710026 
1.6314206287835897 0.7371587424328206 
1.7790361215380073 0.4419277569239855 
0.901184815836591 2.197630368326818 
1.4952080573474853 1.0095838853050294 
1.7535815171583802 0.4928369656832397 
0.21255958855492238 3.5748808228901554 
1.1490903321264956 1.7018193357470088 
1.7008799724351358 0.5982400551297286 
1.3953483504453494 1.2093032991093011 
1.2296828470970516 1.5406343058058969 
1.9636363368003984 0.07272732639920325 
1.6735907559532888 0.6528184880934226 
1.9948849564275666 0.010230087144866892 
0.9494151781018412 2.101169643796318 
2.2773805633336544E-17 4.0 
0.8259107907420012 2.3481784185159977 
1.9741602296429905 0.05167954071401898 
0.576418535856426 2.8471629282871485 
1.8753388611090454 0.24932227778190935 
1.8161564221769595 0.36768715564608107 
1.3423728595519573 1.3152542808960854 
1.6170205251671954 0.7659589496656092 
0.691983997072332 2.6160320058553364 
1.2491234315827433 1.5017531368345134 
1.9845759618324998 0.03084807633500036 
0.175609747607039 3.648780504785922 
0.24880393681170346 3.502392126376593 
1.1696745975955176 1.6606508048089648 
1.9530022402836327 0.09399551943273471 
2.0 3.0093957444051866E-17 
1.7406337864419745 0.518732427116051 
0.6060593287437119 2.787881342512576 
1.3242319541985597 1.3515360916028814 
1.3058421582984843 1.3883156834030315 
1.8039220102430547 0.39215597951389075 
1.8520549368963275 0.29589012620734506 
1.1282048849751187 1.7435902300497632 
0.09950272945237165 3.800994541095257 
1.8637599865375385 0.27248002692492307 
0.353488582157748 3.2930228356845044 
1.6456463776593597 0.7087072446812807 
0.8764933930639168 2.2470132138721666 
1.5576322207115152 0.8847355585769697 
0.13793121999354635 3.7241375600129074 
0.4524886604952548 3.0950226790094906 
0.6638305118186285 2.672338976362743 
1.8402205231631272 0.3195589536737456 
0.28436072490939013 3.43127855018122 
1.4791002653000214 1.0417994693999573 
1.6024458934816594 0.7951082130366812 
0.7468883653358599 2.5062232693282804 
0.5155549090131996 2.968890181973601 
1.085501943541578 1.828996112916844 
0.8514052254972873 2.2971895490054255 
1.7663813862760154 0.4672372274479693 
1.0415098247955716 1.9169803504088567 
0.6351946577396609 2.7296106845206785 
0.7196660868245938 2.5606678263508127 
0.9729738898986168 2.0540522202027667 
0.9254891848857628 2.1490216302284746 
1.4462549552372903 1.1074900895254194 
1.377926135179153 1.244147729641694 
1.572755186967384 0.8544896260652323 
1.5268139034646386 0.9463721930707228 
0.7736625845907282 2.4526748308185438 
1.714285576373483 0.5714288472530341 
0.020304082079198933 3.9593918358416023 
0.06030253999008644 3.879394920019827 
1.587691990155023 0.8246160196899539 
1.8981233362575458 0.2037533274849084 
1.2682932300941823 1.4634135398116361 
1.0190120370676647 1.9619759258646705 
1.0636706115277526 1.872658776944495 
1.7915487015236673 0.41690259695266546 
0.5462543542889869 2.9074912914220263 
1.4295074173394928 1.1409851653210143 
1.9093334946969986 0.18133301060600276 
1.209963372243288 1.5800732555134238 
0.4200916027348896 3.159816794530221 
1.8867920392595834 0.22641592148083328 
1.931398506163927 0.13720298767214617 
1.511111313040456 0.9777773739190878 
1.4125403665801957 1.1749192668396087 
1.727536103043191 0.544927793913618 
1.8282550995062505 0.343489800987499 
1.287197507481902 1.425604985036196 
1.1899632523454193 1.6200734953091613 
1.9422572923268788 0.1154854153462424 
1.9204243023105547 0.15915139537889061 
0.8000000289803634 2.3999999420392735 
1.5423195233986844 0.9153609532026312 
1.1070111027955487 1.7859777944089026 
1.4627836611664502 1.0744326776671003 
