1.6535932786330827 2.250003794538571 
1.9882999064656293 0.4320346372631261 
1.9991176059198699 0.11880736847868968 
1.959278927782486 0.8030593580738901 
1.9805589458097423 0.5563677279390039 
1.8950192153445247 1.2789091812556854 
1.6951661849097464 2.122650800804066 
1.8865382260557018 1.328116744312195 
1.999939650774887 0.031073671068825335 
1.969800822924043 0.6924874526163305 
1.1915972052842647 3.2125355097547046 
1.982750070026688 0.5242219370044084 
1.9412076962493847 0.9627308658647152 
1.7816415279144286 1.8174195619182052 
0.3279434383916432 3.9458601603279693 
1.9977509565943579 0.18964298485657732 
1.6749122836181352 2.186018153799353 
0.7982415642068863 3.6675934372133145 
1.997128199279479 0.21427977639250634 
1.7326052925964 1.9980779765233818 
1.6311753876876622 2.314533952744703 
1.9301170383443704 1.0481378121082292 
1.9508776371539198 0.8810821638252323 
1.9936553781515103 0.318359753534008 
1.3759849180351635 2.902871340820853 
1.9996574728562768 0.07402678569407012 
1.9174359317717997 1.1374347410738084 
1.341477313124715 2.966775096546211 
1.9898406264184816 0.4026625458346203 
1.902978545574081 1.2307276791959376 
0.4207086518122954 3.910500852980488 
1.7143873515053627 2.059976707633781 
1.9847640508324509 0.4927947342379401 
1.9552281156815983 0.8416246565974321 
1.9925105654753414 0.3458418509615914 
1.2307848653042617 3.152883515347797 
1.7661976005518214 1.8767482897874066 
1.409257643224281 2.8383043494410143 
1.7962344797763703 1.759024381482545 
1.9964129954584815 0.23945898658845974 
1.9982868437925363 0.1655257070749242 
0.5148127632130949 3.8652129663618267 
1.8352592484031744 1.589746509542468 
1.4720807150186865 2.707750629928888 
1.2688515224428092 3.091935195953864 
1.946210226329524 0.9214461567132026 
1.9239864812159644 1.0922930377846627 
1.9866101835926042 0.4620821504717928 
0.8906145463799126 3.581511261898531 
1.5016284224724474 2.642053807796434 
1.9955998937278803 0.2651872105006052 
0.6570029767406943 3.7780138107496994 
9.380585292043871E-4 3.9999995600230736 
1.3057598744070995 3.0298456398888414 
0.02146234914288395 3.999769677153558 
0.06312180297397357 3.9980073226492796 
1.1513345738788339 3.2707361244779403 
1.5570320792551993 2.51049883821541 
1.4412923413961063 2.773212135147926 
1.0246603392459637 3.435154255154401 
0.46763367180796794 3.8891226511856876 
1.9999934312371972 0.010251830677987694 
1.529940051718197 2.5762635254558264 
0.5621603218194791 3.8387371739007192 
1.9665494773546242 0.7285139754768056 
0.7043149823988799 3.7437630296633175 
1.978180355701293 0.5892452131922892 
1.935850162722882 1.0049560139345242 
0.9359842488715416 3.5349305429467077 
1.8576689379661424 1.4819799147299466 
0.8446724820848689 3.6257569681425625 
1.998740760111514 0.14192073659402035 
1.8100101102120953 1.7016032450956342 
1.9998288606556023 0.05232697541100398 
0.23709842054911667 3.9717927131073263 
1.9994217195611044 0.09618289551300899 
1.9630475927918156 0.7653604338721924 
0.37412244754522694 3.9293930290785464 
2.0 2.4724390737636906E-16 
0.7514231342425752 3.706946599736805 
1.6076261985342344 2.3795276890898887 
1.991241606107126 0.3739351072467686 
0.6095832657759587 3.8096762288078585 
1.110049003731695 3.327335997048853 
1.867893658786862 1.4296478999583497 
1.8775061061392357 1.3783625378105504 
1.8468021718148857 1.5353458739708408 
1.9946827094392536 0.29148508479219637 
1.975602398056968 0.6228809349837511 
0.1925535861657663 3.9814183987391742 
0.1055004920512263 3.9944309462935763 
1.8230061138921732 1.645173192963898 
1.9104419194124092 1.1835736944556183 
0.28224638812327413 3.9599681697667046 
1.9728130232980103 0.6572937702603421 
0.14865870564079764 3.9889349903136817 
1.067802170336936 3.3821877683083943 
0.980696104897019 3.48610679689525 
1.7498646047028243 1.9369810171586388 
1.5829198134855305 2.4448843441561268 
