2.0494567787729596 0.12758853546590798 0.12751355680013698 
1.7142825274296327 2.159344909332241 1.079789852517028 
1.9537700708726113 1.2755371500171844 0.08959440090515958 
2.0471629094039208 0.14605015103232688 0.335140577268262 
1.9022599527544126 1.2804104787222514 1.3599237489113047 
1.0426205679032083 3.4330842717032812 1.2249495722474104 
0.18425265775969327 3.461683511744357 3.1562390684339543 
1.339941994189255 2.640964172533628 2.4831013834400406 
0.7600404821787696 3.346808696470595 2.697158961127075 
2.049999998876923 0.05001370041868229 0.05020001737574005 
1.8979230120346147 0.6885211089631313 2.1354925460196905 
1.9503292691825749 0.6810496213545155 1.6632993717268496 
1.5987347229405486 2.545166519476919 0.6860903330549212 
1.8794073121590378 1.090518459331956 1.9056381601745427 
0.9123077432610555 3.6590639196522554 0.07842282360320915 
0.6757365165469867 3.800454291682302 0.9598311218240435 
1.9207339747149668 1.2693792717858328 1.125963054005775 
2.0264002398311467 0.3950075251018565 0.8094477566685057 
2.039501698323787 0.45745963893828095 0.10826128415159111 
2.035555200356329 0.4141210535404672 0.5188502941975957 
1.8297050902898615 0.38031437711593974 2.7422771127753975 
1.970977243587464 1.062937473852804 0.7428366569516127 
1.97291934810767 0.8376177833109677 1.2013738045198887 
1.6883723428149802 1.8373016054898685 2.2073406734841057 
1.0077280889937497 3.2949455542881276 2.0632190528623053 
2.0392748895743993 0.13690783423386277 0.6566914678500506 
1.9790564475471961 1.0717722241123524 0.4495365116741985 
2.0051453602124005 0.8826050336199761 0.24206643235273512 
0.20402602299703662 3.9641723657969035 1.1966503008887344 
0.41685369369394765 3.9489730269863776 0.8143862310248932 
1.3900610461719354 3.0177423561579557 0.19582343635436025 
0.13466069598213265 0.19371671946011845 6.040744568435042 
1.1767723830299528 2.219585567181674 3.7893151139734997 
2.0121007700636184 0.12667167317150735 1.2068138941677957 
1.8811215355360802 1.654904033168322 0.21607874211452305 
1.5185956481198386 0.39221110212880445 4.0904885118589664 
1.2515001577243963 0.126205005948491 4.84525913088092 
0.054150285570546214 4.049991387094797 0.05009106679377338 
0.6243050284889939 1.475924588951647 5.384484652538714 
0.28730953272523985 4.010506918048686 0.49779885361367326 
1.72651092415092 2.2309883170722666 0.08467711938921124 
2.047042528682598 0.26228392926996136 0.12067671318363092 
1.5289118425725974 2.6421752154436056 1.1439790103447205 
1.4340518843663546 1.4269789708825549 3.8570255434350753 
1.2089583557070651 3.2440957477478793 1.0278970112552739 
1.7915576301202774 0.6345550932434716 2.866728192494612 
0.8242449161110289 3.5686834800384477 1.707514122208266 
1.8241102433524934 1.4134076036510588 1.9182384588359316 
2.0306655035477728 0.23164867462664074 0.8364069717807889 
0.290536897587791 3.784546176185792 2.0745737671037574 
2.044130472515381 0.2548641464724389 0.3914117171707336 
0.687911866954407 3.0396195037346896 3.5467857099753703 
0.1290583673506484 0.05001035994015162 6.045310498274849 
1.8120940529809775 1.8895175179170773 0.7145414689177688 
2.0155144453524674 0.7066355144480256 0.5605327987680676 
1.260285953636516 2.6736706837414466 2.7571504421143698 
1.8072274274208335 1.806455803257276 1.1759696665925516 
1.6341594074811634 1.4931326431212724 3.0043238037669027 
1.0117370372430234 2.676568428900956 3.5361322392345254 
1.7189616155748846 2.2411497641793487 0.40853205051310204 
1.6614626185430996 0.8963281420813481 3.3691992380941627 
0.8829677168568822 3.667760519334645 0.6041235419468022 
1.676648606871166 0.22108227987806783 3.5314182753982175 
1.899227423378627 0.12382392005662819 2.3327525039916686 
1.2437995187342965 1.4371715577016975 4.390971468232555 
1.9408647312588139 1.3434668154190357 0.28937043865953205 
0.8809566528793847 2.0483820569707154 4.610718689709704 
1.2220114515013334 3.280390295428296 0.44724568109946117 
2.01825242413483 0.7591802565009239 0.09726650516574432 
2.0089643003203057 0.6931647923771438 0.7789668667285772 
1.8728390425893666 1.6679124836815133 0.5034629118099284 
2.023860421754748 0.666904497524077 0.33033945668185893 
1.448612904466096 0.7317168114341791 4.215246381237816 
0.08554484147666346 4.048857906223405 0.1458323083651195 
1.7792778551007258 1.1253441986812898 2.5964801827302746 
0.4484203548875833 3.596009026709554 2.5558822693639094 
0.7192578731221213 0.3758911048233718 5.682928529274868 
1.3682422721027288 2.867561065439814 1.6305608194675747 
1.7061093204596496 2.0131293881069725 1.676190035225757 
1.9554039355726904 0.37521060984753 1.8069741643038295 
1.0519718478583817 0.7260591913613105 5.142749323978926 
1.9964459256922962 0.6177762330110387 1.1348051258007743 
1.5179861463252897 2.4928036358343832 1.8329045012194953 
0.22635932463720945 2.0088759223747945 5.254458475114036 
0.0786746196494553 3.275945727412722 3.596472439511241 
1.9288025935545043 1.3445703283783375 0.7283100884252924 
0.4298643115033954 0.5984447270681155 5.8830563859484295 
2.039073426639435 0.43764523777125364 0.2827600966768089 
1.97421039358145 0.21736116821652135 1.666696412344073 
0.2929180628958342 1.054324515920635 5.811893346165941 
1.6026301862001704 2.567356467720618 0.263582481854703 
0.7210303286578652 3.81334598685675 0.33500069194883275 
1.382740571891409 3.0043301648887795 0.6632478986290773 
0.5514921492700524 2.390449236943001 4.677279946025788 
0.9338823793781226 1.1702453473156833 5.16323095204119 
1.5323790360550613 1.9110934964550603 2.953397369539181 
2.0037959554780294 0.3808747821493727 1.2322886728406233 
0.47942569089375514 3.9552744356296 0.20878678925850727 
0.5335445906826959 3.796147847434282 1.5731573608823926 
0.38165583166951295 2.830139892392912 4.247545662170665 
