2.013928202942789 0.4896218336886009 
1.9047249702702078 1.4062992225651127 
2.025079085643534 0.2170605715590139 
1.3325516544713534 3.058103677822616 
1.8233824309623827 1.7870988194308808 
2.023739885052019 0.26689967273980364 
2.0156191866347544 0.4595658742760704 
1.937689488687921 1.211437294406241 
2.0264469312404874 0.14619665159832523 
1.808778117653035 1.8455087737578388 
2.027269801883906 0.05841731185789543 
0.824780393077329 3.695612196210793 
0.49407674678394503 3.916879104749299 
1.8371704149519426 1.729656151358644 
1.9302193449878395 1.2586106985837076 
2.026751370017335 0.12355905857259225 
2.02292600280394 0.2926406257678971 
1.1367305430021404 3.355531451019407 
0.683492935169294 3.8059280751866167 
1.6346245015035703 2.407754568014859 
0.8712299849811255 3.6538068176098077 
2.018563605994677 0.401440005678906 
1.402820884620814 2.9311383138101617 
1.2183231797271292 3.2407618457435743 
1.99710214623519 0.7201461756712724 
1.5285477802674419 2.6703177452096964 
1.2575318823062982 3.1811240006393304 
2.022007999943006 0.31894973381794134 
1.850178225677549 1.673203937685493 
1.7019623986353039 2.21420652391514 
1.9631211828168278 1.0327421262262015 
2.0054902126478393 0.6168485744616244 
0.5412649515337307 3.893010518382875 
2.024455691768657 0.24171101749536367 
1.9825165137754626 0.8693432468995117 
0.9171929270870949 3.609588894612368 
1.8739938631250284 1.5633423485023352 
2.017161402497228 0.4301790522124491 
1.4989802653670736 2.7360170400428703 
1.5839926949611625 2.538745650512538 
1.6098998189261717 2.4731212097159676 
0.08947627350915675 4.02539866994295 
1.5568809331142388 2.6045182561929727 
1.9938487380155396 0.7561782058033747 
2.026069789098709 0.16931707911072463 
2.0120797811396067 0.520358045646678 
0.9625829821223694 3.563035077727527 
2.007871174182168 0.5839538202055071 
1.968483520287277 0.9904995550100453 
2.027330203315833 0.027330203315833537 
2.0269873558162526 0.10139159552298663 
1.4681704196928103 2.801481944566298 
2.0029098509245458 0.6504997017806906 
1.0512982088004768 3.463310135587732 
2.027323628601861 0.037586676912755794 
1.9734906100798835 0.9491971593219306 
1.9781623382334308 0.9088152715338924 
2.019833776693255 0.3733331517322047 
1.776974605653025 1.9651067284808292 
1.6581905201230733 2.3427520889024653 
1.7222323211680086 2.150824315292799 
0.7779467453601612 3.734930401184754 
1.7414661797920208 2.0881434934030527 
1.8848702080361248 1.5099564284497877 
2.02561541807682 0.19293455673248697 
0.7308193760357001 3.7717142561960486 
1.4361161251380237 2.8665711064275095 
1.9446903627060095 1.1652757541806862 
1.8951040380357995 1.4576041663529464 
1.99034338014614 0.7930436421180711 
2.020979485767537 0.3458426117385303 
1.8624411227645459 1.6177614823343278 
1.6806264336443493 2.2782069878436033 
1.9222535959813432 1.306807183849729 
1.3682913815167768 2.9950384898951845 
0.1318989803757595 4.021859147191039 
1.9512467998029095 1.1201155065874053 
1.1780373330512453 3.298949436402771 
0.17507358907211706 4.01640121896109 
1.9573828018323625 1.0759425567803416 
0.5886232174782975 3.8665750000186514 
0.21895798134932926 4.008927267151372 
1.094461476099238 3.4103648449638735 
2.0001180784106536 0.6849258233707826 
1.9137648966278473 1.356035058231037 
0.4005453681221693 3.957068332381728 
2.010064097984523 0.5517968006580468 
0.02733020331583329 4.027330203315834 
0.3543603930698997 3.9734935324188845 
0.308657977085135 3.987559834893279 
1.00731261269604 3.5142397102031944 
0.26350299710114977 3.9993435021231964 
1.7933210869938432 1.904856446824735 
2.0271589049430307 0.07968148402901934 
0.636063013940017 3.8375503362055756 
1.7597021369041375 2.0262173774359944 
0.4471423966117308 3.9382164058842934 
0.047841945201501174 4.02711983200623 
1.2956212115163797 3.120185142376275 
1.9865713161739456 0.8307585117205238 
