0.49709299146525 3.919895328321727 
2.028095315555217 0.22007682332589712 
2.0303464337343904 0.030346433734390554 
1.9968648880944917 0.7591953032846104 
1.139746876711777 3.358547543716525 
2.0274719193561737 0.24472735340734897 
1.9661374121053645 1.0357583653475917 
2.0302860323292173 0.06143353539167889 
1.7963373187330505 1.9078726722745065 
2.0239957425709973 0.3488581815574085 
0.5916394308304388 3.869591240417567 
1.8263986849822007 1.7901149534979104 
1.4391323586884701 2.8695873306300923 
1.3713077532913291 2.9980544648264744 
2.0250242308266095 0.32196595151282875 
1.9477065748010962 1.168292108094396 
1.933235617666181 1.2616266677597803 
2.029767600190788 0.1265753093620082 
0.3116742317860131 3.990576058411942 
2.008506438431696 0.6198648670881077 
2.029463164740932 0.14921267468983007 
0.5442810895886043 3.8960267979197227 
2.0290860151425862 0.17233355585735188 
1.6376405322096304 2.410771337827494 
2.0259422267227336 0.2956570517444887 
0.4035619319352369 3.960084436147627 
2.0215798489724035 0.404455968708083 
1.5315640116946452 2.673333973336608 
1.8878864370025028 1.5129726661459186 
2.0267561138292045 0.26991595787067285 
1.8981202151941137 1.4606206749785593 
1.010328989164495 3.517255776434703 
2.028631660037196 0.19595023006702522 
1.8770100784718668 1.5663586514005121 
1.77999081554652 1.9681230330287989 
2.0108874254080624 0.5869697544828764 
1.9077412453930882 1.409315209533179 
0.13491524252706857 4.024875374286795 
1.9603990647986689 1.0789585475722125 
1.9811785837830942 0.9118313680046284 
0.7809630085869145 3.7379466050347774 
1.6612067488568132 2.345768324067806 
2.0303398591476434 0.040602808096269774 
0.9202100975447489 3.6126041909763256 
1.7444826700928227 2.0911588591656316 
0.9655992389240905 3.5660512802309396 
1.9895875135817023 0.8337750641397038 
0.3573768444296364 3.9765096895972283 
1.5019964205079268 2.7390334340572036 
1.9765068644743446 0.9522131872776023 
2.0186354298467912 0.46258186929395056 
0.17808983292231909 4.019417447389773 
1.8117943456724217 1.8485250135792066 
1.8531944341276958 1.6762202654263918 
1.2213382534750112 3.2437797909465327 
0.6865090335128716 3.808944397345732 
2.020177659094058 0.43319476541093216 
1.9542630620324486 1.1231315129850745 
0.2665198659228799 4.002359580705739 
0.6390792842608428 3.8405665411244816 
2.016944411222014 0.4926384446629129 
2.015095990262027 0.52337461898691 
1.9407058186579378 1.2144528823859047 
0.09249247084827958 4.028414902418256 
1.9167812259395618 1.3590507270334407 
1.8654573826046332 1.6207775769613544 
1.9714998031708575 0.9935153624804349 
1.2605481103938132 3.18414023469497 
0.7338353600552738 3.774730671786832 
0.030346433734390308 4.03034643373439 
1.5598970737656235 2.6075346997173354 
1.1810531418604953 3.301966259981678 
0.8277967721292219 3.6986282973833484 
2.003134244243606 0.6879428288165271 
2.0130803596809823 0.5548125580948233 
1.587008484561467 2.5417629738685354 
0.22197416087052974 4.011943507368355 
2.022850000817891 0.37634952712821895 
0.8742463823464696 3.6568228926308386 
1.405837127247473 2.9341545210975335 
1.9855327522061417 0.8723594029002565 
1.3355676522950108 3.0611203089148726 
1.6836426562362252 2.2812232412573286 
1.9252697955852043 1.3098235968162633 
1.2986374272108414 3.1232013969465466 
1.704978546307601 2.2172230077902615 
1.8401866816117778 1.7326722276564788 
0.45015920614442795 3.941232387643759 
1.993359554207165 0.7960604504579717 
1.054314814716531 3.4663259183930597 
0.05085817158459262 4.030136062507566 
1.0974784216269597 3.4133801730970075 
2.0001183705496826 0.7231624755086351 
1.7627181029246477 2.02923452443578 
1.4711867737661584 2.8044979180893015 
1.725248637366253 2.1538402718453997 
1.6129155817462126 2.476138650388238 
2.030175133764182 0.08269795853180052 
2.0300035870169046 0.10440774147520954 
2.0059260921661313 0.6535157949540341 
