1.9925035912024878 0.34600253782415663 
1.3052211002505136 3.0307740789843365 
1.9987395778077144 0.14198732485739562 
1.91035942078571 1.1841062172208814 
1.9551863063811188 0.8420130814655031 
1.7141363538351742 2.060812034573415 
1.9028891435107436 1.2312804839011275 
0.1045677591739382 3.9945290504595614 
1.9982852309821528 0.16560357047605467 
1.996409675061774 0.23956969190398172 
1.997748876073569 0.18973063165226348 
1.975579631524071 0.6231697024317411 
1.8949233766704021 1.2794770752898093 
1.9865980272073025 0.46229115629029305 
1.7080354225002406E-17 4.0 
1.9300526321262468 1.0486121060192783 
0.14774141678511604 3.9890713073427637 
1.9847495522372403 0.4930282543387302 
1.9665184505519988 0.72884891064902 
1.6072940611072566 2.38042500501851 
1.7960522973442081 1.7597683315761676 
1.6532962302386578 2.250876784791778 
1.1909918043761931 3.213433379990156 
1.989831228689496 0.4028482658870509 
1.6746321083947253 2.1868767170853065 
1.9508321674215385 0.8814847804775349 
1.1507070043077894 3.2716194095505626 
0.2361748462340941 3.9720128106572377 
0.8898627024126832 3.582258712519126 
1.5566623111937075 2.5114158945973606 
1.1094004415856216 3.328201111837821 
1.8098402626182688 1.7023257312345785 
0.3270300452109759 3.9461633770178888 
1.5012175690186702 2.642987559917507 
1.9630131787432048 0.7657134191863123 
1.6308603161670736 2.315421887390229 
1.9239166466708943 1.0927849498645577 
1.023968366973899 3.4359795571336105 
1.4716499898093405 2.708686993725313 
1.765990890720104 1.8775262170138807 
1.8677737465490294 1.4302744236015714 
1.6949025476299326 2.1234927398393086 
1.8351109161296262 1.590431294337337 
1.8575398843539257 1.4826268283481239 
1.9996571527312461 0.07406136727784438 
1.9998287000569441 0.052351520648526446 
1.9461603630721709 0.9218673249590658 
1.9697719399033513 0.692816006655124 
1.9882889999785975 0.43223536442132454 
1.9994211641076838 0.09622907083152643 
1.9912334035123551 0.3741097846173093 
1.9592410786206809 0.8034286431084838 
0.561292706542294 3.839244976597574 
1.9411533426395606 0.9631691447700352 
0.4667472218031804 3.8895485758319115 
0.5139344886264644 3.865680453115728 
0.7506163605324256 3.7076003448597614 
1.8466636777770682 1.5360120587793213 
0.4198127887104356 3.9108859469103248 
1.9173601666159845 1.1379455021648879 
1.0671320174918049 3.383033702015912 
1.9357909079415427 1.0054124740241834 
0.6561638107081289 3.7785971224871204 
0.062144524261718806 3.998068562745909 
1.9936492941403532 0.318512115773773 
0.6087328867566828 3.810220084237065 
1.9827339215958932 0.5244661901513574 
0.7974491881053268 3.668282863897033 
0.020508055004158834 3.999789704311939 
1.230201982109089 3.1537933243729643 
1.408785956067011 2.8392411029110645 
1.8864347600288947 1.328704476028777 
1.9971254893745458 0.2143807798332724 
1.972787858871436 0.657595814735633 
1.340961346624519 2.9677079821700496 
1.7814479941327366 1.818178257707917 
0.8438998771058449 3.6264765254559364 
0.3732161667233772 3.929738246084591 
1.995595792455082 0.26531063405429994 
1.9805410409678537 0.556622619166597 
1.9999934254574891 0.010256339857666413 
0.19162776139475773 3.9815970670387197 
2.0 2.6627980261072363E-16 
1.9781600066040976 0.5895184077603554 
1.9991167313055145 0.11886622084268493 
0.2813277926223006 3.96022962622031 
1.9999395987063668 0.031087072954307286 
1.5825696301524474 2.445790968761759 
1.877394712905264 1.378969313589482 
1.4408401142552891 2.7741519534104873 
0.7034891175373084 3.7443846064858572 
1.8228480628933292 1.6458735548103771 
0.9352529192174522 3.535705299664642 
1.3754908917204347 2.903807711811596 
0.9799825004242564 3.486909404537045 
1.7496444331499328 1.937776413880043 
1.9946777972969403 0.2916195121772644 
1.7323716969780214 1.9988879943703608 
1.2682910934704683 3.092854799193447 
1.529550740914623 2.5771880264874176 
