1.9971491808741997 0.09549256128433908 0.2864244720081969 
0.03199045992239776 3.9989763781071423 0.09598088759232355 
2.0 2.5773962549822245E-16 3.8020430541295775E-16 
0.6673303101040232 3.765983220314893 0.28480814531579174 
1.1562176739299912 3.197924020230331 0.9789436277454954 
0.8275945913320727 2.0001640391445594 4.564461448926387 
1.7405624787572964 0.5857274720340597 2.82215285084934 
1.9805381554834636 0.18211081718532274 0.7890486329508805 
1.5509817663982663 2.5214142393461327 0.21367748676869444 
1.946218562338189 0.5692414464588565 1.0867470559737789 
1.958794985428224 0.6445005131456124 0.7304059109837786 
0.8801314114970642 1.1212106099660544 5.118575340335401 
1.4819922626189213 1.8657590443501633 2.9106463677266876 
0.8590377838952709 3.612181750891371 0.028434472903003487 
0.23311008991223106 3.9615032625211364 0.4478213384346439 
1.7563393536738245 1.759463467237098 1.1278729380608978 
0.01383251312583382 3.243695431509386 3.553319402353491 
1.8488052010959857 0.07372080057219155 2.286324341000776 
0.14987183255548828 3.9147966215827323 1.1468097403049187 
1.466234839064801 2.446285456250084 1.785131751475788 
1.903382219983149 1.2279443438431983 0.039606449235501676 
1.9737579405136194 0.6180902098585858 0.2809562927006673 
1.9681176420466522 0.7106716198179602 0.04737808933988767 
1.8221128074729467 1.6211265053953094 0.4539043643470649 
1.2079737167565865 2.6266032642958375 2.710045184790473 
1.2810265668751805E-17 1.2810265668751805E-17 6.0 
1.920715463783024 1.0145156861709683 0.694171657673551 
1.9549712300774083 0.8341953862816102 0.19249165051034747 
0.32758427395263146 2.781110769315102 4.198975874058978 
1.12393228605002 2.1721351218572824 3.743674828995702 
1.778772678713922 0.33129814413629777 2.6975466259796432 
0.9587466866273485 2.62913248200959 3.4895884738631096 
1.3304214104607563 2.9584383100807674 0.6140081901269931 
1.890360127314893 1.2963572103503733 0.24005783399118877 
1.9854844340411968 0.3652408034873469 0.46958722238131445 
1.9894658886889895 0.408155062078252 0.058314248783037606 
1.7610334855620946 1.8432286085338923 0.666703256401344 
1.9970313238297452 0.21267427604144118 0.07088541798847382 
1.999460262629364 0.07730858073167211 0.07733392542643017 
0.830078887548239 3.621439753204489 0.5546516262209398 
1.1694247444873644 3.2341419708903576 0.39717093940542547 
1.928789072131098 1.0236166454418323 0.40053040357923536 
1.989026105462941 0.3885234989149545 0.2331045266867022 
1.8472804192348957 0.6397489901844969 2.0897651162050352 
0.6224134919200678 3.7525616684790655 0.9107936568023741 
1.62537097288023 0.17147682158532665 3.4867410470090987 
0.42518479607933735 3.907129240632289 0.1588347282180937 
1.9239052147151074 0.16756500552491893 1.6199144894736215 
0.634316476109246 2.9921843339949388 3.499354345332641 
1.191362796488673 1.388883415995867 4.345762143976637 
1.4767241319062763 2.596709043951835 1.0963814854297245 
1.9619263322417464 0.07726906299685138 1.159384301468302 
1.3819960256231087 1.3788945905017744 3.8121837193527957 
0.9546375299853376 3.248245991763099 2.0147126218021874 
0.9897405178372357 3.3862543888603183 1.1762678680857734 
1.9226291289347222 0.7891599631852019 1.1533580694142345 
0.36307172761806955 3.900501894096906 0.7655190712212698 
1.5471577972215929 2.499374892325283 0.6370902691214968 
1.7289253330709158 1.0773960354115555 2.5517093653620075 
0.12054018155678846 3.414598074141337 3.108517235207554 
0.7066271080117635 3.3009740797796785 2.649997663045411 
1.6106979772219345 0.8477629802877696 3.3258258303947072 
1.636898012366714 1.7906819268293477 2.161149838002924 
1.8702443091224716 1.2216290476387017 1.0778805941184897 
0.5704635599804341 1.426884435153249 5.337615924757436 
1.8783282596319955 1.2970616750650046 0.6794235177966924 
1.9892314046979325 0.08684889991339483 0.6079922872743226 
1.1988410210162317 0.0762101240834727 4.801245035944322 
1.5825746536231564 1.4453603117518832 2.9595130886877397 
1.8999422774167907 0.6324853150897557 1.6161340650760607 
1.2810265668751805E-17 4.0 3.8020430541295775E-16 
0.23881062785293547 1.004618556391658 5.763342131475876 
1.2875075168401704 2.5944483227513886 2.437202872496274 
0.4977313738711284 2.3419065420371936 4.62927502412601 
1.8287393697470216 1.0428568889672947 1.8590104220844752 
0.4796141025282343 3.7488171803984502 1.5242442388478448 
0.9988842239895308 0.6767659682487452 5.097994249514142 
1.396397349722713 0.682623670675723 4.171597542274565 
1.6752763178472898 2.1847796551149354 0.03469166443011904 
1.90512914739284 0.32599541477233207 1.7602429564308806 
1.6678216860561628 2.1949288205067483 0.3591654234165801 
0.7711555874331766 3.522272934177435 1.66011492821011 
1.6632363166194213 2.1130918414477033 1.031957350273103 
0.3945543631338603 3.547471855703886 2.5067288275785224 
0.3763794026465733 0.5485816792561704 5.835060216059108 
1.953703311979592 0.33131902838453026 1.1833860938248406 
1.9941080209464517 0.2052324353144891 0.3420935749714269 
1.6546435553215775 1.9667831154856568 1.629681484504373 
0.23651201517843354 3.735419111006433 2.025226184715057 
1.9653857080873676 0.6578018212627119 0.5116139998925411 
1.9763029218488337 0.3458553133843777 0.7608581206666566 
0.17219775017219252 1.9590972976645784 5.205599137756149 
1.77337443100915 1.366227758221455 1.872230902051954 
0.08059622047437373 0.14379601805579864 5.9912448063726815 
1.4666172265298456 0.34292843632935915 4.046814227835979 
1.3160161458596606 2.8212045459012893 1.5826321690299514 
1.8516992058838102 1.2326950512595938 1.3122240689812308 
0.6655173058204217 0.3261454243803583 5.636882654067955 
1.8306330163091198 1.6080525054867683 0.1663192715684155 
1.3377280333899957 2.9719426893135017 0.14613638791854283 
