0.8802130794942133 1.1211682602705348 5.118469821103783 
1.6752812620712616 2.1847648217728612 0.0346446539863565 
1.6106192396700139 0.8477850346821899 3.325706915398486 
1.9970302369257944 0.21271404916062717 0.07089249000271587 
1.82880672853406 1.042851348002278 1.8590768561267634 
1.4666335110139719 0.34292206924341606 4.046762325834759 
1.1694018027132669 3.2341751568826913 0.39717085385889345 
1.961926270376362 0.0772909836117149 1.1593819561005914 
1.8903512315780548 1.296407458325481 0.24007773936317353 
1.8221152263530365 1.621114503477813 0.45391341896120263 
1.9207173611663324 1.0145268708513624 0.6940876244029864 
1.9971490400961365 0.09546977231098412 0.28645039811671313 
1.994105798567602 0.20529158033896233 0.3421303156926329 
1.3964360385140322 0.6826147813843507 4.1714842560632075 
1.2810265668751805E-17 4.0 3.8020430541295775E-16 
1.9894670029193564 0.40813446172658957 0.05829653716760569 
0.01750470724577303 3.2271980852339457 3.544562798711353 
1.4810561254988557 1.8646001188980952 2.9087981652483483 
1.6369634409074005 1.79073855349342 2.161242860004984 
0.6224528058409132 3.752532228754178 0.9108247651824602 
1.773416070094362 1.3662876719282921 1.8722677064015942 
0.8298863141334408 3.623774679899624 0.5542455023143015 
1.9681179875763988 0.7106669934428254 0.04740503953844563 
1.2810265668751805E-17 1.2810265668751805E-17 6.0 
1.7788055800765525 0.3311750420954068 2.697384535148106 
1.9226309308170655 0.7891418828845304 1.153358870566236 
1.8783335593558828 1.2970399340411658 0.6793850377788654 
1.6678017860989867 2.1949069462280932 0.3591665728422901 
0.3944309765592231 3.548412901810113 2.5075459749900912 
1.4668268571116247 2.4472765343519045 1.7858769178575304 
1.3833347956125561 1.380205090361353 3.815993817381743 
1.6254506570800482 0.17146447800441791 3.4868796729062552 
0.14990129103035799 3.914803076853691 1.1467255045584575 
1.8999953640419096 0.632486513689158 1.6163810023436371 
0.6673657210136613 3.766036585176485 0.28481833122700045 
0.0806967970543255 0.14380200096210952 5.991232298757491 
1.851700878238599 1.2326977507094494 1.3121971240687555 
1.9287850751980509 1.0236522819069376 0.4004987093229655 
1.999460050623806 0.07733540599401012 0.07732290953813295 
1.8702593801357803 1.221588399868648 1.0777488886871789 
1.905057892029476 0.3258777184788791 1.7600705115118647 
0.8274357674381747 2.000247538915604 4.564638262640934 
1.124550779056827 2.173583424380528 3.7458653001578903 
1.330415734281839 2.9584481909824896 0.614011761809837 
1.9549713683726824 0.8341931075311275 0.1925012288776402 
1.9653839234911028 0.6578136554277806 0.5116414640088752 
0.959991557337397 2.632951560208192 3.494314894517067 
1.989234411283643 0.086801325945548 0.6079190363583593 
1.830453315617497 1.6079381441494045 0.16634155954026003 
1.6547357443171136 1.9668460418946117 1.6296831427268945 
1.9239061916602405 0.16757022360770202 1.6199028324509634 
1.9805396538394533 0.18209470096289665 0.7890231529291724 
0.9546738552201787 3.248226216194233 2.014758660896989 
1.985482271673818 0.36527027450565275 0.4696179293708228 
0.4979871261752376 2.3427707809014824 4.631017409383897 
1.2874508625835939 2.594318373246494 2.436931449369288 
0.03202399010481232 3.998975485791624 0.0959639026124051 
1.2079398139859876 2.6269811189054946 2.7103450756265595 
1.4767047668749802 2.596755319339548 1.0963696271022647 
0.17221092871964117 1.959048761697993 5.2055622607137435 
1.989024940169421 0.3885398847188896 0.2331325629705084 
1.7610446152220776 1.8431873119563862 0.6666955587992586 
1.9587922198524068 0.6445198995336411 0.7304341708858509 
0.42524012953739654 3.9071059045815995 0.15879311522313458 
1.3377492500516683 2.9719055898748725 0.1460859912324903 
1.756362513465175 1.759371297779554 1.1278718561454637 
0.7709462477746849 3.5217632591205708 1.6596240096343413 
0.6655326185709591 0.32608715410941014 5.636873967935916 
1.9737575123870819 0.618094608784842 0.2809615872143961 
1.583099108900629 1.4457835643248529 2.960557743995496 
0.2388643765812276 1.0046548133379423 5.763520159616781 
0.23653790579707665 3.7354139299955484 2.025265376401829 
1.8474808733969514 0.6397828294457376 2.090000648820769 
0.3762571751156926 0.5485856910980283 5.835130311954589 
0.9897353731113345 3.3862571660255067 1.1762888392638158 
0.23326229154022296 3.9614675236033863 0.44781939868531595 
0.12092833901369832 3.414519603302486 3.108716017968424 
1.191409841256816 1.3888138730449286 4.345696074277752 
0.36309590178816903 3.900291294268421 0.7654017831264553 
0.47979955536755137 3.750245416283516 1.524824052258284 
1.9033840148951728 1.227933469402463 0.03958869405037263 
0.7063905124346491 3.2994543495615822 2.648858424173327 
1.9537101291477112 0.33125756740731693 1.1833235125993216 
0.5703625059094353 1.426990264759257 5.337906870455661 
1.7283946372960142 1.0770465214400478 2.5509220720119354 
0.6342280268336022 2.991934540152585 3.499046442032414 
1.6630249808529667 2.112868965764839 1.0318172647923214 
1.551014221184579 2.521501052784567 0.21371075977788365 
0.32756370380022726 2.7811289228488283 4.198963263376443 
1.7406291420742988 0.585733129449071 2.82224962312761 
1.1562093038730048 3.1979308509809456 0.9789823918294788 
2.0 2.5773962549822245E-16 3.8020430541295775E-16 
1.8487767289258943 0.07371830350362486 2.286043325404806 
1.547059829237996 2.4992116570866454 0.6370403615611325 
0.8589775764734708 3.6122389953830725 0.028442021168013656 
1.976301106894037 0.3458098305838055 0.7609470588784548 
0.9988915176569988 0.6767403915014835 5.097989026981573 
1.3169215608026243 2.8232374222731784 1.5837347918853608 
1.1987961561433835 0.07637987716596613 4.801339786086992 
1.946219585431135 0.5692057337172783 1.0867726538429943 
