0.23320995000978212 3.961478331508601 0.4478496267392985 
0.622450130642004 3.7525349652058213 0.9108158525828413 
1.6253666026896403 0.17147493578822284 3.4867595903850663 
1.3826118353891326 1.3795052533885637 3.814019315237133 
1.997031214741227 0.2126839287812728 0.070847904898319 
1.830461367849854 1.6079007656573656 0.16635704021681377 
1.848894127456269 0.07376199524796594 2.2864944262381215 
1.8287676590708353 1.0428310119514619 1.859043696889059 
1.5470503484505669 2.4992325621276823 0.6370630464344887 
1.3964067717950182 0.682601107753068 4.17157746379919 
1.740694129741143 0.5857812780956891 2.822373042267866 
0.6674549219466203 3.7664078032966906 0.28485724079660546 
1.7731701188890976 1.3660097568806644 1.8719905420567142 
1.9050426519756634 0.3259462970963166 1.760190393978042 
1.989029189511313 0.38847356269780575 0.23305493856317946 
1.8473379322681152 0.6397465954071191 2.089845259353 
1.903381435661619 1.2279474080124917 0.03973173175286858 
1.2880003569987555 2.5954264774625164 2.43813699220293 
1.9971498391278946 0.09545682394555287 0.2864099664080122 
2.0 2.5773962549822245E-16 3.8020430541295775E-16 
0.7063819199024832 3.299444970068811 2.648840866752142 
1.2810265668751805E-17 4.0 3.8020430541295775E-16 
1.1913364179663395 1.3888786085236884 4.345830683230896 
1.6548607625690985 1.9670029338057367 1.6297966109081266 
1.9892330879229523 0.08684443195603525 0.6079441566860346 
1.7610747800915496 1.8432841816159207 0.6667320185129156 
1.9587993711427167 0.6444836900447607 0.7303334528468941 
1.8783339967826007 1.2970443788214125 0.6793550598573692 
1.4665975125220307 0.3429502288216068 4.046874373219161 
1.9287847755684855 1.0236463587734215 0.40054575668626297 
1.1239569136631338 2.1721577632468856 3.7435787252418984 
1.2810265668751805E-17 1.2810265668751805E-17 6.0 
0.12092146431725315 3.413220771086274 3.1075570904951553 
1.169392547311728 3.2341877971075514 0.39718451879129185 
0.14988502469457216 3.914804569938363 1.1467331718964235 
1.8517085950073422 1.2326771832903376 1.3121425900499812 
0.39434253249190887 3.547667135872026 2.507010926740858 
1.637333163202225 1.7911463405485748 2.1617281281850635 
1.5825859074676223 1.4453846302735762 2.959599782109583 
1.6101847911355278 0.8474946480544305 3.3247676241540525 
0.32751002514417243 2.781127769918808 4.199002665811259 
0.2365406577423149 3.735480381117232 2.0252996128022756 
0.6656683964204982 0.32617149159958925 5.638382355652849 
1.4814178723870561 1.8649569035523488 2.9094947301230834 
1.75633740706868 1.759474691374552 1.1278608230671137 
1.9737600605846737 0.6180715300543749 0.2809147069373471 
1.9994601475386506 0.07733866196311255 0.07729302177688675 
0.7708320722375434 3.5213004958394354 1.6593964738315015 
1.4767175360307585 2.5967201532625466 1.0964022399208846 
0.03197906564647842 3.998977141210831 0.09594351675970232 
1.98946484422654 0.40817463833927164 0.05832664628948642 
1.9762987299600698 0.3459141059656761 0.7608959784591882 
1.6677402825077532 2.1948205987690836 0.3591613344323268 
0.859000040562493 3.6122175129923337 0.028474729033739064 
1.9941073139470047 0.20526584824902833 0.34208555967538684 
1.890362431786357 1.296346509851914 0.24002452542428518 
1.6630250344229638 2.1128594089046273 1.031860518626308 
1.8221269886407252 1.6210576966991266 0.4539449408705009 
1.3304020970013184 2.958474844307282 0.6139887480668614 
0.8295125260660252 3.6215392469671737 0.5541475338208702 
0.8801228102011968 1.121201977286966 5.118592905717302 
0.3763483780113238 0.5485417895254441 5.835086663614236 
0.9989165579148981 0.676722831171464 5.097950114006261 
1.954982629755011 0.8340912945818654 0.19246456527583414 
0.9897319908194038 3.386261107092846 1.1762889249526176 
0.4798144675251324 3.750378261693411 1.5248834337345016 
1.96192715985687 0.0772803556283352 1.1593700033509626 
0.6343668647122772 2.9924182695061194 3.4996404726882124 
0.5707426033094063 1.4280436697498935 5.341665285603552 
0.17232405677981016 1.9604531338925015 5.209189413660293 
0.4978530016904434 2.34185003666383 4.629221631264806 
1.9681144400717072 0.710706843083745 0.047386382194063735 
1.980539692469815 0.18207200195315662 0.7890340662480111 
0.23886524016314203 1.0046546384460158 5.763503725235837 
1.3377412948847636 2.9719186327815272 0.14614459252319045 
1.7788652742574371 0.3312901545344128 2.697662054128882 
0.955298197726243 3.2505348495673365 2.0161510528850672 
1.1562116021307585 3.197932755525947 0.9789439641450544 
1.9854819069209821 0.3652560656140661 0.46965667279629864 
1.8998620721741848 0.63252285018586 1.6169493991494654 
1.9537045995869522 0.3313389922088089 1.1833543850088586 
1.728306782137428 1.0770429777346875 2.5507944753768275 
1.922623400118085 0.7891552154046712 1.1534513233615855 
0.08080375931884906 0.14385092642475045 5.991216681275569 
1.1988173010198222 0.07620615460309256 4.801298481502823 
1.5509711544326368 2.521439240775508 0.21370693012923972 
0.36303355481982863 3.900309111753362 0.7654636610674111 
0.9587746885128882 2.6292566078056705 3.48973064046741 
1.9653812576284406 0.6578434105929601 0.5116475501058682 
1.8702462725310995 1.2216003240166777 1.0779231788801429 
1.9462283361527386 0.569133162284012 1.0867171297442766 
1.6752811980384372 2.1847652249172937 0.03461530690716739 
1.3160398139531722 2.8212873764038533 1.5826831283787046 
0.01755973365493319 3.2271739835425732 3.544609722051797 
1.4663632873332568 2.4464617226193286 1.785286354529098 
1.9239016339606787 0.16772975805491297 1.6199144002638763 
1.2083256355006693 2.6278100038774976 2.711156652750888 
1.920711427758145 1.0145529891152192 0.6941494969655341 
0.42508306967157816 3.9074202125847384 0.15879493730650504 
0.8276845717167544 2.0008684194835546 4.566079693574057 
