1.4716500696965122 2.708686820112101 
1.9925035756372047 0.34600289636333503 
1.4087858855754125 2.83924097505196 
1.5566623294587885 2.5114158493120478 
1.9994211662743826 0.09622889075506319 
1.9898312211910514 0.4028484140384775 
1.023968129633604 3.4359797842796795 
1.58256966548934 2.445790877301622 
1.6532964754342787 2.250876064395009 
1.9982852385353431 0.16560320590793717 
1.9946777952693873 0.29161956765111785 
1.23020209704495 3.153793892056582 
1.9697719370807265 0.6928160387555783 
1.2682910367847564 3.092854892174185 
1.9936493096467511 0.3185117275393957 
1.9028890480511647 1.23128107401508 
1.8098402658912798 1.7023257173156745 
1.9103592501470934 1.1841073184089945 
1.5012175196692448 2.642987850986895 
1.9847495686301901 0.4930279903708263 
1.9300526392920239 1.0486120532625829 
1.9592411120562998 0.8034283162258933 
0.3732160713994199 3.929737790952364 
1.3754907070890676 2.9038080616401745 
1.999828700029816 0.05235152479369798 
2.0740430130360068E-17 4.0 
1.1094005807197944 3.3282009263255623 
1.9955957897797756 0.26531071454604865 
1.857539964696153 1.4826264257143325 
1.8773947902562185 1.3789688923522665 
1.9971254584057139 0.21438193382622184 
0.14774331529725476 3.98907102608363 
0.5612932013357964 3.839244687244726 
2.0 2.613997014035801E-16 
1.9665184018109736 0.7288494366844627 
1.8949233666276895 1.2794771347833982 
1.7496443013644238 1.9377768898436136 
1.9239166112219672 1.0927851995047924 
1.9727878505792422 0.6575959142419708 
1.9173600676298852 1.1379461693038417 
0.19162795509215289 3.9815970297493446 
1.7960522315133174 1.7597686003290696 
1.9991167261214384 0.11886656958962676 
1.9999395994643443 0.03108687790037834 
1.9508321344122475 0.8814850726916585 
1.5295508773244106 2.577187702652739 
1.150706884248102 3.2716195784620345 
0.7506166814289372 3.7076006181178482 
1.732371707588548 1.9988879575871557 
1.9964096802357834 0.2395695194373191 
1.9827339326608424 0.5244660228280559 
1.7659910897502806 1.8775254681869082 
1.8351110073253278 1.5904308734345172 
1.9630131663443662 0.7657135463309118 
0.10456878198679456 3.994528943359304 
1.1909919588441316 3.2134338882392086 
1.9865979885815206 0.46229182023417337 
1.94115333282372 0.9631692239006895 
1.7141362776732367 2.0608122879724298 
1.6072941362016449 2.3804253035359397 
0.41981294213568543 3.910885881032777 
1.9882889940048463 0.43223547433868126 
1.886434758954795 1.328704482128611 
1.8228480048920597 1.6458738117620533 
1.9755796275343351 0.6231697530249605 
1.630860152854696 2.3154223475044526 
0.9799823720972407 3.4869095488002926 
0.7974502248984704 3.6682819623411604 
1.9357910094153132 1.0054116925256895 
0.4667479431022524 3.8895482296070414 
0.9352525521734877 3.5357051142045077 
1.867773762121576 1.4302743422577566 
1.9781600050285497 0.5895184289076941 
1.980540970948034 0.5566236157268892 
1.0671323499593919 3.3830332825262874 
1.9977489044519594 0.1897294364192942 
1.3409613826769848 2.9677079170087 
1.8466636645062326 1.5360122435662598 
0.8898626981091875 3.582258716795222 
1.9999934258084178 0.010256066128618176 
1.3052211181266307 3.03077496011316 
1.44084020044885 2.7741517743414956 
1.999657152576656 0.07406138397358522 
1.6746321382490361 2.186876495409342 
0.3270304377215475 3.946163246903835 
1.9987395791737692 0.1419872479381742 
1.9551863032865169 0.8420131102086337 
0.608732600613704 3.8102202670974687 
1.69490199988723 2.1234944885996465 
0.020516844854462306 3.999789524001091 
0.28132826703336716 3.9602295850845346 
0.7034890138647343 3.744384683302836 
0.06214567793260374 3.998068491016279 
1.9461603173335857 0.9218677111951308 
1.99123340681478 0.3741097143074763 
0.23617476358673817 3.972012830313995 
0.6561626282202304 3.7785979438554294 
0.5139328324289292 3.865681333866814 
1.7814479602574922 1.818178390471541 
0.8438997882902507 3.6264766081273274 
