1.9894627792445396 0.408216914861801 0.058294840697377545 
1.848789635724529 0.07372284322361486 2.2863077697942797 
1.8903518748409824 1.2964058662145546 0.24005149690585628 
1.7405314995124606 0.5856334017694108 2.822042542367826 
1.47669971131625 2.59676512926625 1.0963786326342508 
1.9462175726046667 0.5692452405377157 1.0867585366790493 
1.8783345088322818 1.297023685819142 0.6794312053640276 
0.9989165129455037 0.6767190979482359 5.0979513083243 
1.466390418406136 2.446563334574674 1.7853384969987454 
1.985483100792411 0.3652505921472869 0.4696208250449476 
1.3824105693112394 1.3793242097005385 3.813455291291953 
1.6550395629876058 1.9671878711064148 1.6299913476714438 
0.03186132477407231 3.9989810948601106 0.09592528599643517 
0.12093122592006783 3.413467850610267 3.10778810090382 
1.899927278872688 0.6324674946956587 1.6163084384807105 
1.9226351646187463 0.7891049588182917 1.153352193769052 
1.4666236837905324 0.34294954044829185 4.046789142010168 
1.6752907764771614 2.184735430013133 0.03467427226269516 
0.8298389778827877 3.620608794708732 0.5545154076786974 
1.2874264032677358 2.5943181274375493 2.4370776518728325 
1.1693869003944082 3.234195916951017 0.3971853835713364 
0.017522518581467503 3.2271843067747765 3.544590232286791 
1.851700730468253 1.2326947646550008 1.3122053123396595 
1.9239055409922545 0.16758007286381563 1.6199074949534513 
1.2810265668751805E-17 4.0 3.8020430541295775E-16 
0.23651939566535451 3.7358157937255085 2.025407341495638 
1.625374819513583 0.1714300522086539 3.4867300832614094 
1.4806363108587084 1.8640835470856458 2.907967849955321 
1.7731628643642776 1.3660489499471924 1.8719880360831993 
1.9994601469488578 0.07732320485902858 0.07732794674313917 
0.6656661927657126 0.32618275907185507 5.638069320234238 
1.3963906206266492 0.6826107783688764 4.17162256124116 
0.9590294527149779 2.6300112786634324 3.490708290938627 
0.3631023208707112 3.900279798874243 0.7655061690248485 
1.9941060731079698 0.20526835920845074 0.3421472626485786 
1.8289888624666213 1.0429845773776054 1.8592631446500152 
1.6630594918338535 2.1128665442087944 1.0318757636512272 
1.1239426072014198 2.172193906000496 3.743570196965416 
1.847317770010535 0.6397722908011276 2.0898394044098927 
0.9897510250829932 3.386248430141603 1.1762268940100076 
1.6677516698636323 2.19483585372631 0.35914800212997067 
1.9971484149040968 0.09548406848886253 0.2864789051750956 
1.3160020163355357 2.8212289902816092 1.582639868035409 
1.3377380907497642 2.9719239249630722 0.14616641042584533 
0.7067434657029356 3.3011481524038255 2.6502041681490125 
0.42532625932689705 3.907067413352495 0.15884794635360688 
1.2078612564796223 2.626769410616099 2.7101339835191225 
0.1721782151180443 1.9591478920765037 5.205770153595702 
1.9890267114656717 0.3885135345688273 0.23309535594341257 
1.9050510129468203 0.32593795319269736 1.760112427271875 
0.8801634771495745 1.1212071306318463 5.118527431246552 
1.9287885498824415 1.0236176583873553 0.40054721296755535 
1.5833206545892322 1.4460619571903377 2.9609753621907484 
0.859014658625783 3.6122037558973514 0.02843245727477175 
1.9763006141967079 0.3458551125088924 0.760912270581979 
1.980539672416941 0.1820694088550565 0.7890358655672992 
0.8275124124530445 2.0002304130923725 4.56453009934659 
2.0 2.5773962549822245E-16 3.8020430541295775E-16 
1.6101858630340327 0.8475180413977208 3.324782047427353 
0.9546525362524235 3.2481820530469023 2.014622012521297 
1.9681208807647197 0.7106359592466988 0.04737075562581085 
0.23324352061938208 3.96147256686657 0.44780701224943253 
1.1913262243081217 1.3888665419278152 4.345864509517883 
1.5470671151593482 2.4991934565671987 0.6370417731194026 
1.954980691783385 0.8341068760569036 0.19248979517173012 
1.198873338058936 0.07620283732307395 4.801172670367794 
1.9207114969335795 1.0145445367037917 0.6941755698485909 
1.2810265668751805E-17 1.2810265668751805E-17 6.0 
0.6343177607494027 2.992368524163511 3.4995332281808516 
0.4980232052204594 2.3431424728159786 4.631725296100283 
1.779076734163158 0.3313171378469287 2.697970545841147 
1.9653757353950985 0.6578679355228195 0.5117674981436585 
1.9537026322695985 0.3313618445645297 1.1833692195975334 
0.14986615768435096 3.9148076373492104 1.1467318033311125 
1.8702465206620449 1.221616505798508 1.0778780410023683 
1.5509837974035365 2.521410776306442 0.21363674837975188 
1.9587915497353294 0.6445037970105502 0.7304823114606837 
0.6673585263525388 3.765963533005418 0.284798839369372 
1.6369842230152334 1.7907412859166847 2.161267774936363 
0.08064967484739063 0.14379174417855212 5.991238563244815 
1.9619281048942392 0.07729586767261178 1.1593532834846139 
0.6223906477497245 3.752578786540464 0.9107754655554452 
1.3304114817356514 2.9584559778728203 0.6140102719970014 
0.47963074071174294 3.748977392385792 1.5243095820386896 
1.822115379320408 1.6211257120375702 0.4538178136438116 
1.728327676470273 1.0770011684788665 2.550822897475157 
0.394340129695091 3.5475106584819813 2.5069086634560924 
0.23875267924227142 1.004631684448608 5.763343022040408 
1.1562255059310427 3.197906550032393 0.9789887812152751 
1.9737623747214441 0.6180374430796755 0.28093711190701076 
1.8304517077169147 1.607944155568775 0.16637005359609228 
0.3275133792864494 2.7811431901979637 4.198977331164125 
0.5704366868475405 1.4269003004648881 5.337632230201454 
1.9892339376164292 0.08680609929149102 0.607931452096675 
1.9033818783388434 1.227946538316099 0.03960113301507484 
1.7610332694437127 1.8432300908946897 0.6666991729838099 
0.7712286387604085 3.5229770058174292 1.6602415138949091 
1.9970305730460585 0.21270262026811884 0.07088442966502992 
1.756353074788921 1.7594251782213668 1.1278150270133573 
0.3763728186295678 0.5486074806180109 5.835058580258121 
