1.0671317828940068 3.3830339980186177 
1.9508321150492725 0.8814852441019818 
1.8466636728726964 1.5360120823643575 
1.998739579564599 0.14198722593149485 
2.0 2.5773962549822245E-16 
1.963013238566179 0.7657128057278964 
1.8228479458999451 1.6458740731032258 
1.9847495585601798 0.4930281525234494 
1.8351109597469788 1.5904310930266954 
1.9300526345006381 1.0486120885382662 
0.6561627725448365 3.778597843606156 
1.9982852328373586 0.1656034809313304 
1.8949233438037458 1.2794772699936972 
1.9827339388993772 0.5244659284893948 
1.7814479319809648 1.8181785012927014 
1.857540015659703 1.482626170311249 
1.630860440581912 2.315421536865349 
1.8677736398560838 1.4302749809162658 
1.9971254774085634 0.21438122572293875 
1.9411532690136484 0.963169738307068 
1.5295508886496973 2.5771882277611717 
0.8898626585340741 3.5822587561183625 
0.7034895563920888 3.7443839215332377 
1.440840353655324 2.7741519595442514 
1.9925035555623212 0.34600335877854294 
1.9665184678625258 0.7288487238257985 
1.6072942715469385 2.3804244366519147 
1.9357909674909832 1.0054120154052735 
1.796052197787448 1.7597687380140352 
1.732371683990436 1.9988880393940438 
1.9551863222253627 0.8420129343017481 
1.2810265668751805E-17 4.0 
1.999116733869536 0.11886604835357976 
1.9936492922261453 0.3185121636998487 
1.959241089443557 0.8034285367996935 
0.06214594860031053 3.998068474187288 
1.994677774841516 0.2916201265571273 
1.9998286951683242 0.05235226762455452 
1.5566623234403612 2.5114158642337645 
0.10456914707649861 3.9945289051299624 
1.9898312314179265 0.40284821197973836 
1.6532963382503225 2.2508764674482475 
1.9977488706442197 0.18973086032318945 
1.9461603649449453 0.9218673091445599 
1.0239680947894536 3.435979825815778 
1.999993426725543 0.010255350724338776 
1.9964096513737102 0.23957048150305238 
1.7141362556421145 2.0608124423116876 
0.41981380063457396 3.910885512411098 
1.9805409594270245 0.5566237797000116 
1.150706908521334 3.271619544312128 
1.9865979847905482 0.46229188539767074 
1.5012177465149201 2.642987691955822 
1.674632080805796 2.186876671361283 
0.6087327084128562 3.8102201982081554 
1.7659906045048248 1.8775272938635894 
1.995595855893031 0.26530872539410494 
0.23616872912637155 3.9720142655246518 
1.8098402416798869 1.7023258202777618 
0.9352528211797579 3.5357050108814287 
1.9727878423907093 0.6575960125043654 
0.14774622175435786 3.9890705954932972 
1.9103593446210485 1.1841067087370774 
1.9239167335568532 1.0927843379915871 
1.969771960452972 0.6928157729534029 
1.999657152813875 0.07406135835392735 
1.9781599560650094 0.5895190861062269 
0.3270286439880585 3.946163841510553 
0.7506169168137558 3.707600059584327 
0.3732159674904845 3.9297378241354175 
1.9994211763401843 0.09622805417202195 
1.8864347056749504 1.328704784705863 
1.988288995515095 0.4322354465500215 
0.8438998368800155 3.626476562898971 
0.281328599754931 3.9602293968708073 
1.1094004254970273 3.328201254783913 
1.6949021200895236 2.1234941048338594 
0.020511165958441435 3.999789640504123 
0.5612929347383672 3.8392448431496478 
1.5825696629926265 2.445790950965187 
0.46674602954857264 3.8895491481150577 
1.9755796132710965 0.6231699338948388 
1.190991801872741 3.2134333837015645 
1.4087858821193295 2.839240981911372 
1.2302016124476005 3.153793901149106 
0.19162790358262616 3.98159703966563 
0.9799825313431116 3.4869093697785427 
1.9999395906422612 0.031089148052962656 
1.2682909310409818 3.092855065624123 
1.305221077801449 3.0307742615475886 
1.3409613602581558 2.9677080194682617 
1.3754907360011202 2.9038081794699866 
1.991233446409996 0.37410887130977755 
1.9173601533002906 1.137945591909008 
1.877394750394112 1.3789691094330288 
1.7496442715577047 1.9377769974951282 
1.9028891742744232 1.2312802937255252 
0.5139345838385853 3.865680402482678 
1.4716497673618345 2.7086874771548364 
0.7974501887896108 3.6682819937400746 
