1.9033824562654509 1.2279429785538127 0.03959949272362752 
1.989462919246148 0.40821279689208917 0.05831671734428069 
0.6673769483147747 3.7659489830805164 0.28484321582387495 
1.6752688318658944 2.1848028491873825 0.0346585735308783 
1.7787865937890823 0.3312464631688105 2.697477486512531 
0.9546880133085139 3.2483717161948515 2.0148087617850483 
1.9971490184344016 0.0954807017067338 0.28644356093677037 
1.2810265668751805E-17 1.2810265668751805E-17 6.0 
1.7283147207528546 1.077006243907952 2.5507809633665603 
1.9287899261553945 1.0236097483588835 0.40053304950866814 
1.830450835106985 1.6079501675291878 0.16632571802555499 
1.9805391656229956 0.18208192398479972 0.7890408164701096 
1.9762982470900399 0.3458830263181501 0.7609390541796128 
1.7405138950029324 0.5857251775306888 2.8219826308165756 
1.6371112470929134 1.790909274921922 2.1614350198277625 
1.1246111782586794 2.1735789729004504 3.7459576106871606 
1.8702486666179716 1.221587820113368 1.077917677776151 
0.7065984099573405 3.3004896524463945 2.6496865523613993 
1.315982803461452 2.82125758130209 1.5826689748083773 
1.922635703304269 0.789120178327376 1.1533206821043231 
0.6224685306002752 3.7525318721266085 0.9107313490966712 
1.625370222930468 0.17148260998393128 3.4867484711570422 
1.667736627815144 2.1948322837922665 0.35915340141256363 
0.989767371448021 3.3862272883170905 1.176240045836484 
1.6546802450380866 1.9667243833311592 1.6295056858293868 
0.8298893795234069 3.6205645604492918 0.5544863866049398 
1.9619223211218437 0.07729119760493172 1.1594420693565286 
1.4806992364052762 1.8641677976585536 2.908093172946406 
0.3763200167780714 0.5486219492523093 5.8350861696761775 
0.2364572607158935 3.7355586128810923 2.0252015878189935 
1.466371222759686 2.4465346997249653 1.7853151545454624 
0.9988925789839584 0.6767221154698374 5.097992613993627 
1.973758265648398 0.6180898433083162 0.28093754939419996 
1.9050621871502127 0.32595525861547325 1.7601529846084405 
1.7731661811065378 1.3660327675724202 1.8719863308627551 
1.9462179843305252 0.5692523760411631 1.0867434909175708 
1.8472839786079072 0.6397015005360553 2.089772263925804 
0.3275271266723687 2.7811443847013346 4.19896590036085 
1.9653800025367407 0.6578831165218637 0.5115760665805104 
1.1913407696602791 1.388898444192896 4.34580568321618 
0.0164004764445213 3.2434995557153985 3.561555049700866 
1.1562286579396244 3.197910004492744 0.9789298862298355 
1.9890272144422458 0.38850542442769903 0.2330871426122796 
1.9854820632869379 0.36527902472444185 0.4696105450364242 
1.8487881106325907 0.07371628661962049 2.286301422879491 
1.3377412336301335 2.971918445209222 0.1461582204949754 
1.8516953108181236 1.232717587545949 1.3122259024634937 
1.2874037854193414 2.594350320372639 2.437084714905447 
0.4978621927592014 2.3418643671194346 4.629196423433085 
1.4666069198298233 0.34298210013729347 4.046837612517059 
1.9238999236951981 0.16758515269496457 1.6199663545246759 
1.7610639007390174 1.8431165098337579 0.666677495327318 
1.663034364432058 2.1128422492953987 1.0318042406606807 
1.1988409930696502 0.07620154009990665 4.801245405300211 
1.2080205031823399 2.6270989997604275 2.710476020117073 
1.5509880658523398 2.521396915502824 0.21372590825978868 
1.2810265668751805E-17 4.0 3.8020430541295775E-16 
1.878332180188346 1.2970442033764955 0.6794010159079907 
0.39431425690920696 3.5475550426488627 2.506905055697849 
1.9994603406459774 0.07730876654981124 0.07731535124136733 
1.9941079497477485 0.20522303096918734 0.3421100039242865 
0.9587365868585697 2.6290227598250535 3.4894062391606417 
0.47984828537315866 3.750960921215312 1.5250995832766536 
1.9549780351020254 0.8341332119703369 0.19247585813752963 
1.989233757850051 0.08681720430095477 0.60793317807303 
0.8589852273892852 3.6122318503107564 0.028404158920766698 
0.36307019779576744 3.900292266766149 0.7655003653247239 
0.8801007831316833 1.121220244052729 5.118617989605519 
1.5831729298498205 1.4459086286821679 2.960693837525213 
1.997029791483731 0.21273114827297512 0.0708899787386251 
0.17218456700218732 1.959020611904439 5.205593944861328 
0.5704243879161865 1.4268965095314066 5.337646339818699 
0.8274572772301136 2.0001976657082046 4.56465234272503 
1.547336393484312 2.4997111957402893 0.6372715116761529 
0.14988968596254945 3.914791088274773 1.1468312397639335 
1.899926850170881 0.6324760557447562 1.6163054363406386 
1.610097486960941 0.8474635549402324 3.324592092718087 
2.0 2.5773962549822245E-16 3.8020430541295775E-16 
1.9681170526108231 0.7106775789188474 0.04739733486157853 
0.4252272901298494 3.9071109067205994 0.15882563198531424 
0.6342543294289151 2.992009133203666 3.4991305168387483 
1.3820466161222744 1.3789591758642277 3.8124497576559495 
1.8289817869172968 1.042968864321083 1.8592602769629814 
0.7708588226704365 3.5212596223776806 1.6594077531392597 
1.7563500491897361 1.759440572543258 1.127803397627609 
1.953706152121375 0.33129508540993 1.1833589754719718 
1.1694018384990057 3.2341757234509356 0.39715952484825995 
1.3964479075339749 0.6826054890588927 4.17145191786815 
1.822107879694535 1.6211440754686066 0.45394120498713875 
1.958795725078142 0.6444940490362144 0.7304008922799873 
0.6655190729233117 0.3261039835921059 5.637026697831416 
1.890350293037108 1.2964157921273318 0.24004299168513088 
0.23874842991097475 1.004555776715807 5.763370974589084 
1.92071250548869 1.0145527665809315 0.6941233895612025 
1.3307279261741287 2.9591991124355204 0.6141482746221311 
1.4767209213296837 2.596717586258959 1.0963748826451425 
0.2331936814613382 3.961483663465022 0.44781974784842443 
0.03200868371436456 3.9989758510858486 0.09597561135172693 
0.08060245206777916 0.14377955949968477 5.991244940627417 
0.12102036515851793 3.413162608527652 3.1074762924898907 
