1.8287881967776853 1.0428768587438995 1.859059183412241 
1.9854825921088477 0.3652522182719138 0.46963733481414355 
0.6224071694365293 3.7525650003117517 0.9108016553484702 
1.4666145153515 0.34294489378160714 4.0468199329668835 
1.973755515980977 0.6181227650092841 0.2809484379934231 
1.2810265668751805E-17 4.0 3.8020430541295775E-16 
1.6370695806458986 1.7908401286165272 2.161385791267088 
1.1239220078869898 2.172218757975857 3.74359341189126 
1.3304152687804875 2.958448123662261 0.6140215692139867 
1.9970311791136524 0.21267771169837854 0.07089891721022408 
1.5509861219885384 2.521403587022224 0.2136757710443075 
1.830450801669745 1.607953008842057 0.1662672157996969 
1.9763022814676667 0.345829967061757 0.7608990121073343 
1.7788195776613802 0.33120209790939636 2.697293981831279 
0.6673864133968934 3.7659440277002623 0.2847910329236599 
1.870251407014352 1.2215931806162 1.077861214841467 
1.5470637220318788 2.4992013395396615 0.6370463521227824 
0.8274301654623015 2.0002407661893735 4.564654079491028 
0.954787268746922 3.248714624501315 2.0150196030618552 
1.2079109204526164 2.6267076582149262 2.710069436450056 
1.7744649246864357 1.3670545213101712 1.873385889381175 
1.822120020970131 1.621099825162889 0.4538581447393076 
1.9619183586249112 0.07728598044003908 1.159503195587022 
1.7610180059394915 1.8432717757967565 0.666802711491197 
1.928788811312343 1.02361801271514 0.40053384539688175 
1.9805395910287298 0.18206781419626733 0.789038532098303 
0.7066629041035469 3.3007151992283874 2.6498756613994354 
1.989464219325156 0.40818801635287283 0.05830782677157254 
0.23310459548017784 3.961508827628246 0.44773630352811783 
1.9653820657192898 0.6578344335950745 0.5116455825942958 
1.9239078343854723 0.16751731415279691 1.6198975860821168 
1.9971490064285162 0.09549042214315022 0.2864370235704389 
1.9033823653047381 1.2279434153399973 0.03960836590337999 
0.8590141635019962 3.6122041351633163 0.028458661634599387 
1.7405697376151972 0.5857004247916421 2.8221436767082526 
1.4806367909325189 1.863745289643257 2.9075681599116083 
0.8801843197481584 1.1212069002111151 5.118495288167508 
0.49786167036442786 2.34182064838566 4.629246691301431 
2.0 2.5773962549822245E-16 3.8020430541295775E-16 
0.9897318104947795 3.386262357304801 1.1762821925579034 
1.191357506321199 1.388854282023078 4.345796145889505 
0.3763370843431925 0.5485708589407989 5.835087070400469 
1.6101504365830215 0.8474983142967493 3.324709716631731 
0.7708802211610826 3.5212306851677546 1.6594564473730804 
0.32752051112780833 2.781245775253725 4.1991134847664515 
1.9226403963519554 0.7890855034702927 1.1533036505273409 
0.9988992376585543 0.6767458835700313 5.097973772731304 
0.17219712518241945 1.959062146637804 5.205555036529214 
1.8516994488721583 1.2326598792740542 1.3122953207956336 
1.6255480820127697 0.17149957600135796 3.487127176422669 
1.7563518605916895 1.7594285493611987 1.1278202119459313 
1.8999260799944433 0.6324657144461078 1.6163226890461653 
1.4767269873432278 2.596701639433047 1.096386329786466 
1.9892320792069547 0.08692184615184821 0.60794896905438 
1.2810265668751805E-17 1.2810265668751805E-17 6.0 
1.8487777146247695 0.07374523069640747 2.28633056285415 
1.9890261220808687 0.38852085529246544 0.23311316431251825 
0.23652307159973696 3.7357761995999086 2.025401371356401 
0.03203260241335972 3.9989747097294015 0.09601078621232743 
0.394437058132325 3.548697323200266 2.5077309223358375 
1.3160097236378374 2.821215279728466 1.582637179781231 
0.3630460523946182 3.9002996457215824 0.7655188372146243 
1.6752684747444948 2.1848045678025168 0.03457005772513807 
1.6630326539624958 2.1128326709520153 1.0318731811348336 
1.953707199076314 0.3313311837335832 1.1833206782353152 
1.999460148746263 0.07731300085583839 0.07735048126640913 
0.017660782743481682 3.244395006623924 3.5635625099473014 
1.9207094027132665 1.0145615535837713 0.6941717614801708 
0.5706010996634892 1.4269282624863011 5.337457247269571 
0.4795596414813687 3.7481740200204516 1.5239877915479285 
1.7285184283101132 1.077151831094969 2.55111402071986 
1.1693807892240842 3.2342061595877163 0.39715965559694977 
1.3377364381242043 2.9719278634918878 0.14612234936561228 
1.9462170041244744 0.5692512696380667 1.0867605935741511 
1.968123552573777 0.710606107055187 0.04737929532066426 
1.6677374308660264 2.194856404610553 0.3591946346867561 
1.1562205160870516 3.197918439661059 0.9789544338144753 
1.994107156367545 0.2052644575615416 0.3420957042307353 
0.8298619546348334 3.620588252743799 0.5545077190242764 
0.12090420319859907 3.413259445803401 3.1075679285664295 
1.582581383186586 1.4454207674572286 2.959597779041086 
1.3825927887487188 1.3795098156850842 3.8139609264190844 
1.958780833825723 0.6446443393230072 0.7304618921171421 
1.8473809790726574 0.6397374005397082 2.089881220052179 
0.14996899059640623 3.914788011429256 1.1467615594653675 
0.6342836579496856 2.9921896410693694 3.4993412101874357 
1.4662295549651614 2.446304743159188 1.7851400956250312 
1.3974502798095605 0.6830637232755371 4.1745289463052595 
1.9549763104524387 0.8341487600119359 0.19248190567343168 
0.08057637946685725 0.14379256035641003 5.991247394968509 
0.23883025455216295 1.0046388179259231 5.763462410817599 
0.9587497485233263 2.629209844947234 3.489662130499203 
1.9050461228987747 0.32597221128991266 1.760145786847025 
1.654764464080793 1.9668831768089794 1.6297060567152657 
0.6654680191105885 0.3261011055196467 5.636940792226907 
1.287468194105997 2.594233729489026 2.437051783456248 
1.1988368329825045 0.07621544217391465 4.8012542575146275 
1.8783265343505569 1.2970818954050005 0.6793795887204483 
0.425253806470224 3.9070993610712215 0.15882572794160665 
1.890570270652827 1.2964997844298303 0.24006421455265933 
