2.1977429116385068 0.3993933903825139 
2.00929863331522 1.5464468206770212 
1.919404493124747 1.7806714087081386 
2.200118980994631 0.23465998440170957 
1.6399413808788064 2.485474692394849 
1.8079805575797436 2.1758976909019436 
2.19881958949622 0.3479238246026125 
2.1834730534040596 0.68607171850064 
1.616331097185858 2.5490134536653457 
2.158715739263513 0.8145459955440728 
1.283996313750697 3.096085308137628 
2.1751039139540023 0.749960017014396 
1.1395280771271066 3.3291992647113884 
1.4999968141611781 2.7852455087705503 
2.200313614717814 0.20031361471781403 
1.1762010194754318 3.269429328270393 
1.7319041431245639 2.2481609526186634 
0.09546624865418632 4.095466248654186 
2.094024439358619 1.102937064671589 
2.078458241015713 1.229277930837191 
0.36703556338195675 4.021234742591839 
1.9792032530227115 1.5824262782186667 
0.931776908302147 3.5678072043501188 
0.8491080263004682 3.675455541013182 
1.707462415784982 2.302912298628193 
2.0421056391372296 1.4557455517744011 
0.6776017908995043 3.844451792715457 
0.4092233202240482 3.9997285394228883 
0.6338138895786363 3.874857665133173 
1.9063087468975572 1.8358595269661029 
2.1992379230218106 0.32188833073636236 
2.1931756110772893 0.5350700164417286 
2.2002604568862494 0.20708408505901316 
2.1970599631601004 0.42360725288316137 
0.8097111091607849 3.7199027510425515 
2.1453792774870633 0.8468716711276894 
1.5913910791688042 2.610535271341697 
1.0984224975933317 3.3794441126065724 
1.3488258320954962 2.972256354529189 
2.1962387503472414 0.45181999101631337 
1.9430800500933239 1.6730278918510388 
2.071711729104091 1.2733912350513892 
1.7778067080169588 2.221923018624433 
2.1072873729551778 0.98481826418533 
0.7214232227034716 3.8051901796344194 
2.195387808098596 0.48484228164200405 
0.2773644220853212 4.0592513491343505 
2.0649834860259717 1.317395705133621 
2.1902865073405726 0.5934798673551582 
2.0503732134026382 1.410561557605751 
1.6857100588758267 2.3647281450016573 
2.1799760441516525 0.7178527980782548 
1.9317226007012107 1.72633569296416 
1.5644425529978663 2.675700402734168 
2.1862395676468203 0.6543838253991121 
2.088914352241797 1.1434747356172408 
1.8643248540438793 2.0047111998443627 
2.19438342285114 0.5070866615580192 
1.213190479404012 3.2121719393745862 
2.1034580375763614 1.0229798237606151 
1.0584539757470197 3.426771490741442 
1.8778831455079845 1.9459795949265104 
1.8476057080202692 2.0606300382479277 
0.15394380849591832 4.089640719466421 
1.251070765124467 3.1568981600472545 
2.199789726337212 0.27783523829425005 
1.8938883605030612 1.8912332025654857 
1.4525038005001432 2.8104525029058984 
1.3148375251728681 3.032276457068412 
2.099023032182809 1.0624865224435391 
1.014001607433448 3.470894522694866 
2.058390863280331 1.3643723030144403 
1.663467541043563 2.4237790835342965 
1.3834773240659033 2.920823592817542 
2.1983193116059407 0.3733630416949075 
1.955783338622252 1.6258484522748748 
2.027123893095769 1.5023347743208757 
0.4995935518069341 3.9574830796172016 
0.5449296644469593 3.940833899680435 
0.7657028808615286 3.7633126079908577 
0.19649094956737917 4.082152589559985 
2.11179221723005 0.9496590867994192 
1.5360896165743687 2.734593916194305 
2.1264621839900317 0.8758877843706597 
0.9733587915519043 3.5151018227207826 
0.8926667757328147 3.6248417605126164 
0.23854688541841373 4.07283799610405 
1.8317224079652077 2.1229069319081937 
2.191819303947952 0.5642954475753077 
2.1683690953658106 0.7828614928440375 
1.4161190505923622 2.8646982005923687 
2.199554469641045 0.30108015283299017 
2.1884872188435804 0.6230985934514963 
2.1148007095619388 0.9103428111747418 
0.4539600894003865 3.97668207523867 
0.5889361436839025 3.9071932124440254 
2.0884211915234845 1.1863521601168436 
2.2001005363333657 0.2548092919477372 
0.3229111828800867 4.0413910033871305 
1.9043394865751446 1.8898701071075814 
