1.9219696844225165 0.35958317949715 2.914708929617036 
2.196639003554543 0.43092504835076484 0.257401422295897 
2.038286292103645 1.4088439807975794 0.7376747633979815 
2.1358023920015157 1.1348076484863527 0.4442272354661839 
2.1852204699381104 0.6824153781559523 0.30985378429016175 
1.9949601837962292 0.15002867507306972 2.4665021916677174 
2.0017959801732963 0.6948200511506067 2.2644783878089756 
1.5492875907478214 2.586043940920912 1.8866668990067537 
2.078808808084788 0.3571547289313681 1.920514456704728 
0.9606711896033582 2.6352289033998617 3.4963315142208136 
1.8833794117654878 0.6353510068953254 3.053521061906901 
1.912220110189157 2.002599597818945 0.7245262308068006 
2.058692577974603 0.6868398103474345 1.7515090747996447 
1.664925637930088 2.7078959574292414 0.22990933698965738 
1.4667037509911762 0.7184297364999892 4.380230847798259 
0.6811273816687414 3.8423868755523185 0.2911097843398172 
0.848570075681646 3.7012460390427986 0.5671195097174552 
1.9843271922450105 1.7443366011366008 0.18088666706096646 
1.7801564614845198 2.262289000974146 1.1048251369130846 
1.9240040900024242 1.4843207699515926 2.0316053108824077 
2.1282596823523225 0.20002130323628967 1.792839805054924 
1.9857825745224922 1.1341500970461589 2.0184417498089844 
1.1519721181535445 2.2277623022686193 3.836850784398575 
1.6979030993941748 0.8949188146916435 3.5059236318020446 
0.02831251773619186 3.9996757278851494 0.08302633123974401 
2.133196788254568 1.2320742222964187 0.2008088981544495 
2.0767333470173996 1.4248850029954503 0.26310456582096775 
1.8151351431399196 2.3657644948940817 0.15001760180944548 
0.0017903683459540875 0.0017903683459540875 6.001790368345954 
0.1511620258320396 3.98566972966555 0.4034433825763652 
0.6353850545321791 3.8295564257335504 0.929662472657444 
2.1671620898359607 0.2000339512723915 1.2833907614890645 
2.1991098994263716 0.22757641927507144 0.3781290866036707 
1.6338403502559529 2.640111048705468 0.6724871709389588 
0.6397083449278074 3.018380472505146 3.528472318174978 
0.43163396655028125 3.9871608663881593 0.16476773995929694 
1.0216848867549035 0.6905763447465146 5.205989969104416 
0.17306733952689624 2.0014615759056404 5.327890358422883 
2.18756963224375 0.200098094745142 0.8706292190758872 
1.909032518581173 1.9133978183496438 1.2257850136666684 
2.0309138544796506 1.3280031053961465 1.1708317218110653 
0.8608478234205833 3.715496932190789 0.05476763993588446 
1.559300054335736 2.7429357615941274 1.1580441171575062 
0.12281661398002844 3.456922782954421 3.1468930795655066 
1.407875695663528 3.126365123852931 0.151836989024918 
2.1717133297090423 0.9321137853125645 0.20503140265354633 
0.3810671558887567 0.5573935845707157 5.904403298350712 
1.7485195562855471 0.18452735557565578 3.7498115054098875 
1.6723058360986869 1.5285311896061629 3.1267884587005783 
2.1076074215444507 1.114600317024384 0.7620724139484101 
1.3880103202898666 2.9759267088603236 1.6690338941870548 
1.2280218561608574 3.3963804286385293 0.4174780438827964 
0.11958230662695739 0.07543000578558823 5.998468211122916 
0.39790043168643113 3.5749471586027033 2.525659230339249 
2.0114669843444095 1.3404488178729232 1.425691604990903 
0.5778760164920176 1.4482501234932812 5.423201310969453 
1.2212294296298898 1.4250437291959772 4.454939350312607 
2.172825130421632 0.7163122358300689 0.8107590086116688 
0.47998787138188903 3.749223992320093 1.5243563906654107 
0.33457672652860404 2.836991443699633 4.28128374210187 
0.9785745727517647 3.329077932460347 2.064374732649372 
2.1945414896803794 0.40544246897352476 0.5197169617368771 
1.5395414245447314 0.3618714063023132 4.246842292650268 
1.322856136030712 2.666750249402084 2.5039491201816997 
0.6765076479678507 0.3333186708335281 5.72825836605052 
6.261432285745656E-4 4.000626143228574 6.261432285749331E-4 
2.199940653421816 0.23901533357648425 0.20003561930921854 
1.4011182081590299 3.1160950902734483 0.6465516926902174 
1.4218815402172973 1.4198845407219398 3.9213269769417614 
0.27466436241006253 3.9600643107292908 0.7185749604224807 
0.8313893257922195 2.009863265663409 4.583127380211029 
0.7090916388498294 3.3110354580811276 2.6567185968095735 
0.507890069984058 2.387491685001117 4.716775987147349 
2.1785553159391737 0.7307320451255863 0.5676373706169033 
0.8812389010649675 1.1237112051336757 5.122201468159287 
1.2513116238090165 0.10004692396946498 5.0062986825047044 
2.1636303373287427 0.36865891568151143 1.3109037501411558 
1.2402901085094387 2.6985398037257933 2.782611446517163 
1.204206745241183 3.330662935714657 1.0197200237610526 
1.7507867296990471 2.0824237305388986 1.7239248132159475 
0.7885876384455971 3.601959665537814 1.6972982160045544 
1.8477206588152226 1.1526103363566476 2.725606959518394 
1.731813626897664 1.8957638122147653 2.2867438177860597 
2.155965356353916 0.6318487162731045 1.2037138953367814 
1.5644417032677032 1.970338015199351 3.071464107947721 
0.23806413043810742 3.761286873336883 2.0388095287511376 
2.1863992282114344 0.38449930286116035 0.8422362960017219 
0.24359584381697505 1.026451282763893 5.902115386279307 
2.0897116134274007 0.8590535018812725 1.2539046956456876 
1.8082410437921277 2.380713686878054 0.3898952971794123 
1.9776455138399631 1.759112561731706 0.49407539323447597 
2.1938194334241654 0.20001692035211563 0.6719955743272608 
0.05127028107617748 3.2778374852049206 3.5975139520316666 
0.15074995445361594 3.920312567561931 1.1494277644770283 
1.014490694678326 3.4693085752808557 1.2043370339086363 
1.9326750325542545 1.223703962230116 2.5394385359126304 
1.4854925661230305 0.35633653105352225 4.431179887041004 
1.191546231434126 3.2965470474037635 1.339129249965729 
2.0581439969154345 1.3829250683451992 0.6361422496938114 
2.197317679987766 0.7246106727249706 0.21590669122180858 
