2.198710832666107 0.3711628922045177 
2.1754977525647448 0.751834930333763 
2.0985145451252003 1.0614092615800779 
1.210562804516629 3.2172217002241847 
1.056926590200004 3.4292416700771224 
2.1149193998759284 0.9103436669927361 
1.8456106861601995 2.0649209026824793 
0.7194802492041886 3.807267613238416 
1.9422546244399268 1.6779114078185078 
2.200213127339692 0.25646711674142075 
0.1880507891133961 4.08268616615199 
1.863516301154402 2.007796248916939 
2.1594093118248487 0.816980267329408 
1.5923514095838198 2.6223850036182665 
1.5646121662904582 2.6776200272659514 
2.1971824708286425 0.42597858332678207 
2.1998334712135255 0.30159600691202293 
2.071001533826517 1.2754449650478124 
2.0006755116780286 1.5435130166136235 
1.707581306502173 2.308490886316525 
2.1838708847388366 0.686618002720194 
0.3212385906512596 4.045744293405639 
1.3165525162240026 3.0354550722067555 
1.5003734876672978 2.792208044986306 
1.450203903520874 2.8145609369857305 
1.9314188792479026 1.7254992003292338 
1.6416498030308215 2.494524115105771 
2.0887939680550924 1.1449139752539357 
2.190518254058503 0.5941802611916248 
0.8899932752842507 3.631215537079637 
1.281934633150036 3.101009965811231 
2.197939914829347 0.3973930150757881 
2.1690214921590734 0.7844129209806905 
2.0942475662340785 1.1027733684200034 
1.6858612509472144 2.3671741458486966 
0.15181407823231555 4.090962152024104 
2.2007670518521913 0.20076705185219165 
1.5355885552433095 2.7462044404259993 
1.0125433326202131 3.475371721693892 
1.9053497222801914 1.8386672337250458 
1.9578738542512382 1.6277157477170485 
0.40751614286400695 4.00044910185549 
2.199091147653843 0.3484075491893097 
2.0645396553073248 1.3205193313705004 
2.193327855370647 0.5363174694660201 
2.188682721283133 0.6249247418137593 
2.077397516742549 1.2287346321880892 
2.1080541084241866 0.9863231997471555 
2.0568510408437164 1.3653063386036033 
0.5816789375698237 3.9184453211533197 
2.037473269978282 1.4573616503948776 
2.195485358241845 0.48005519937372065 
1.6156464878030874 2.554543049016707 
1.973348524534211 1.5832328563364089 
0.8466402867653002 3.6769651716837966 
2.049628187705225 1.411181308316183 
2.0830546726875023 1.1871331113939854 
1.3502122184813323 2.9867732928647266 
1.8289793763825635 2.1218067332174866 
0.8061122326873496 3.722892581784226 
0.5385524389077966 3.9344762930282196 
0.7632579306234861 3.771638524650351 
1.1341949060220275 3.326638730104454 
0.2779732320119547 4.059564795007294 
1.920857845210898 1.7837723658863758 
1.807029003083112 2.1826040284963 
1.2443122730730962 3.1517615810788198 
2.1994428437083036 0.3249132685541043 
2.200721678009656 0.20956815282437116 
2.146408467740332 0.8484384309934452 
2.200009590240343 0.276817095539817 
1.8956671413330588 1.893165252295581 
0.3588654193144192 4.03028925384549 
1.3814495304951913 2.921564184776592 
1.8777873187615128 1.9502926818020005 
0.9311825692562686 3.5790539107095665 
1.096947471693501 3.390700155399321 
0.6750124441469493 3.8496086406724648 
0.23263531058729628 4.071741552874689 
0.12638123960630265 4.092322324522793 
1.6638120796345275 2.4318515090896664 
2.022962616250248 1.5025286515289318 
2.1923288739123596 0.5622560281916306 
2.1944252857760227 0.5077021001628274 
1.1731911443533476 3.2733427167800566 
1.7291605586844572 2.2458110692258426 
1.7759132466729324 2.227233516360069 
2.1120818479539905 0.948582016835115 
0.45579151410185603 3.990986064443259 
0.6325053866272534 3.893084520854294 
2.1045526203923774 1.0261930232198835 
0.09251662418851848 4.0925166241885185 
0.4945365551375613 3.9589588939272695 
2.1274150966518413 0.8779486119695923 
2.2003176392569053 0.2310780409427634 
2.1865201285049505 0.6554369932250258 
0.9708269802007755 3.5204812885035137 
2.196514536865914 0.45086687456114216 
1.4132953379916156 2.8603835703799168 
2.1803087010282143 0.7193920296264146 
