1.8019040422198673 2.1807045837726466 
2.0930115300060215 0.28396334635465614 
1.3547992285293506 3.2023314635017384 
2.0649820521728675 0.7883757953172341 
1.8190410835778374 2.1235431369231343 
1.96685358200857 1.505284663368747 
0.5556477377361411 3.987807250583228 
1.1240560936392119 3.525418445153707 
2.092770927886657 0.2938789981544053 
2.059259101087639 0.8505493697206368 
2.086576310795159 0.4671196158727423 
1.8793381952803054 1.902987538365687 
0.9109783424123383 3.7473992580767823 
2.0781254246489596 0.6173893806235086 
0.5998812203837176 3.965812029840849 
1.1647232905393612 3.4752996531240954 
2.052732998043398 0.9155198218881123 
2.0368858514354073 1.0544139064233464 
2.049139455844862 0.9491008747773888 
1.6303273574658232 2.659221456782869 
2.08284487598448 0.5398600609255516 
2.069985366419111 0.7288772214061432 
2.0043933703067447 1.2870907877548265 
1.9049840986580333 1.7979663485480615 
1.2435630673077254 3.3702041411719335 
2.0813893103869656 0.5651521207687937 
1.7450330668292617 2.356368456296261 
2.0894707631458633 0.3988015031976901 
1.4566598178034535 3.0254487608649194 
1.9167918232757204 1.7468354906606556 
2.0916549765096186 0.3345805122701025 
2.076303075302209 0.6443575419074064 
2.092244454898966 0.3140282949549469 
1.8925097916404596 1.850021018567032 
1.8507753794519923 2.011579159267016 
0.46810030058892704 4.025110371577857 
2.067568719132765 0.7583011412226275 
2.0561019504137685 0.8826720129457447 
1.38983369347906 3.14418956987267 
0.8669506068078751 3.785474475783447 
2.0165619648850783 1.2061223437924644 
2.0453097574676766 0.9834323693175087 
2.0876273880470277 0.4438704828145428 
1.8353202289900161 2.0671551575083424 
1.9977415118704662 1.3289034210813935 
1.9906841558571804 1.3716168800533426 
1.9579447929777634 1.5517063115714902 
2.072241007593903 0.7000872481567448 
1.9831986760569829 1.4152467246672 
0.9546455181252842 3.707118620827281 
0.7781506187428352 3.8548307196742178 
2.0902719842469306 0.3769587340880343 
1.6553795279086592 2.598004647216394 
2.06221549349092 0.8191191075285125 
1.9385267671954445 1.647382838645325 
1.576921184764647 2.7819587429889348 
1.2045786268075365 3.4235199802018257 
0.8226479321177618 3.821295465141214 
1.4237931934840684 3.085183221647664 
0.6889063719803054 3.914955063424338 
1.7241565564327908 2.416122587796596 
2.0106603492691573 1.246166627069984 
0.34004287408167244 4.065160704442002 
1.5485443177820826 2.8432578726137616 
1.9279626866334525 1.696639896532393 
2.022117967424806 1.166941241585046 
0.382212866333182 4.053847105326251 
1.604178329083773 2.7205769376336506 
2.0412299805079828 1.0185310345638736 
1.7649321114482885 2.297167825319563 
0.15805961763873289 4.093264340945222 
0.25748597926586764 4.082054312983546 
2.074344140729309 0.6719210415962389 
0.6443273443465426 3.9415360733283626 
0.2171855093092396 4.087795601064591 
0.4249165336428897 4.040520027655686 
1.9752632723976182 1.4597996682466392 
0.17758604322173063 4.091846235607076 
1.3187182677581641 3.2594747973789255 
2.027346125029947 1.1286022465796324 
1.0826452530695871 3.5737613417381904 
2.088590700379811 0.4211014195347136 
1.7022725468741151 2.476367510702185 
0.5116972080038784 4.007558396930016 
1.865436751042216 1.956848224660646 
1.7838783176542283 2.238595796079496 
2.090998604526871 0.3555552025901409 
1.4884117947982725 2.9651294118226703 
1.2816265260064548 3.315476984035439 
1.948511683280226 1.599071967370087 
2.079818397691327 0.5909900205683063 
0.9978641955096497 3.6647030652040375 
0.2984529438421152 4.074537035208206 
1.0405550476727727 3.62022162389662 
1.5190410590620564 2.9043569490967114 
1.6793544215085656 2.53702227131635 
2.084190200099599 0.5151025041646139 
2.0854322930748017 0.490855418947208 
0.7335403136317884 3.88605358244925 
2.0322631497625285 1.0911004143540501 
