2.0861200859733353 0.29859392576855404 0.5814654730940388 
1.8304895033565618 1.1154044803667422 2.664842122997725 
2.0700407570975328 0.2777213555500271 1.0098796505170848 
2.079024221097186 0.19930780190363262 0.8425211666506122 
2.0337802856515226 0.6677295676343565 1.2961288188669728 
1.5909530001983994 1.8911022711156547 3.0297435763546887 
0.30621717840642054 2.0183828754745337 5.319659448558714 
0.19983733769128553 0.10373118932035919 6.087028542017673 
1.720321227660885 0.2591893184605204 3.5919795567779556 
2.091176360376326 0.3040991587836315 0.3178909404635184 
1.9388289566658599 0.1961433842954805 2.4165982158808053 
0.278972203366893 3.9848249185263516 1.388035485129979 
0.3939732071438561 3.780571212507866 2.252378287704551 
2.049852201088429 0.7217659195779209 0.9550551450442659 
2.0112503373831885 0.24270860682048528 1.8020949464984484 
1.326219367185193 0.16636778867522284 4.825990161948843 
1.9925020801866564 0.41761094142524025 1.9385330352430303 
1.6860420518378125 1.5058756824008266 3.121926141406578 
1.4597749194033236 3.012424584028539 0.4035222205087553 
1.2519493256551222 2.188567902873991 3.8549201684354504 
0.5899921687691252 2.3965367979494436 4.773198013052654 
1.828425704659781 0.6498493779876392 2.971481010856342 
1.6644715306553401 2.525996029724326 0.8468572786954941 
2.0244195267319336 1.0910823438055932 0.6349448887766359 
0.9011270441862944 3.5581323976988157 1.881359880628374 
1.9861270549979628 1.3744684214189864 0.48790983983666186 
1.019423729964357 1.1778819856009644 5.162437813872006 
0.8432800960292399 3.343590560323857 2.849862960716458 
1.8684332135372472 1.416514393853908 2.041010392246626 
2.082257910345872 0.4736623476337344 0.4760946474890557 
1.3419160775006733 2.632057497895731 2.8622064392215685 
0.5955437590374556 3.962407802895176 0.4091985842182793 
2.076897221465027 0.4543845284913194 0.703157581086926 
1.5712034524826444 2.4829441870691276 1.9842691562850692 
2.050294167298902 0.9096759531788182 0.44493880829798277 
2.0894299295520367 0.20105692605730563 0.5256788512299982 
1.9760431027184053 1.3493826918955483 0.9032921563804591 
1.9371115017452325 0.69221946183455 2.255322140166334 
0.17857611495548553 3.275010597373452 3.7267645253373063 
1.8599425223288208 1.7767588802183616 1.3647106928030608 
1.667755399156304 2.5560199419940344 0.4643247354859115 
0.38622129626190016 4.032539496443873 0.6950943507645269 
1.018475652190296 3.6447662190166796 0.28867221152142797 
1.7629108805234326 2.0115484593151987 1.8678400450989945 
1.918718476226804 1.1118243217929331 2.034536051131919 
1.485977152480105 0.7457997255672391 4.313176578045939 
2.0028479635927914 1.2915953440107997 0.2695447913461551 
1.492177364575026 1.4121858462454564 3.909633194557647 
1.4273007785268508 3.032321751933414 0.8845955207365679 
1.9321954677559028 1.6639396265871376 0.40954834955651703 
1.5879999023388947 2.632328525033 1.3139604642414726 
1.7708949684835886 2.1424574123626337 1.2434040422523993 
2.013917547234503 0.8540291431245454 1.3498912750707102 
2.065947024101103 0.4353748564472617 0.9880891186655217 
1.7986197387893474 2.188524034125199 0.2668389910066085 
2.0675024814787144 0.6957261396669142 0.5403327322124203 
1.4039715174895329 2.6118128775499843 2.617249176996603 
0.8229803857613549 0.4076147700987191 5.6643159156320495 
2.093099154975921 0.2000459131292951 0.32693216670975983 
1.867087517183924 1.8759423457338535 0.9045625857790232 
0.740327785439745 3.0443447238188437 3.6586968588909135 
1.0910131157577794 2.647696384556434 3.6238089342677484 
0.19981994081940033 4.086201264960495 0.3484041473363954 
0.6169439961861445 3.795415493682201 1.755312996714931 
1.0817852192281345 3.297684608665309 2.13705118855954 
1.8660735979594683 0.4275553639159957 2.839437992561261 
2.041055901419339 0.42065879561304664 1.3950066336070908 
2.0641104146273896 0.7860756955457724 0.2944389620993375 
1.4282811313076431 2.8576090992671666 1.7847871058794806 
2.083005156780684 0.516902322985824 0.30724062283820586 
0.199876375168473 4.088385549611866 0.2524952928042384 
1.9301169172336319 1.637434791318466 0.7078312353291945 
1.3040796062433413 1.4353477049404637 4.434044749611755 
0.9859753945052536 3.6515097560491756 0.7797992107925742 
1.9566023641128116 1.3156274843665485 1.3068594349296814 
1.293485935709209 3.2191782348546867 1.2018338729315716 
0.44008544443387154 1.056741149123345 5.846488497283787 
1.5662541515670878 0.43636451335453275 4.138751716658026 
1.9442909231726786 1.2950267562519098 1.5168203754733118 
1.768054408873473 2.261673833904567 0.6152421499769842 
1.2998179595174106 3.295626266665265 0.6333713645586339 
2.049166144060137 0.19967907940340598 1.3667300947059 
0.5286231586217006 0.6425586808573972 5.8949426792682535 
0.18453664901730094 0.2472525156454451 6.0850188099444695 
0.843644893729714 3.793596435192891 0.5397601115273242 
0.5463777220792512 3.5770882356291387 2.7205757676971483 
0.27654080611628834 3.447483228431999 3.323266061758544 
0.5221685118858278 2.8083021212758656 4.320367839396737 
0.7076399996436012 1.5007677083759063 5.403714518047999 
1.6997764760218528 0.9162405712159112 3.458848876630228 
1.1159879799980557 3.424122326941849 1.4002783052496657 
2.013441690077888 1.081209066556853 0.9348291225684551 
0.49001054887962653 3.9714859883204383 0.9850995790009682 
2.058399499925468 0.7322796884113899 0.7470503431251323 
0.7779400047819182 3.7908230095930326 1.139526547369368 
0.9457359062879197 2.0460194204181503 4.6704863562185395 
1.989498497704734 0.6989720779231541 1.7980595322671193 
1.7625469456161156 1.8522879552416065 2.339512127049748 
1.1298982277817746 0.7496832724443827 5.135402135917619 
0.31492593470461216 0.984445735788607 5.908501313027637 
