2.0273330563232177 1.1286984519055119 
2.0560921079950063 0.8827732839350864 
2.0927687243875437 0.2939913439331682 
2.0743366858172494 0.6720226707624852 
1.8654155028983792 1.9569299642251823 
2.0922417166406952 0.3141307764115226 
2.0762960039210476 0.6444601230942322 
2.0649733059774853 0.7884752263483547 
1.9167725642191 1.7469221861666293 
1.3898078003781589 3.1442320284845873 
1.9279434054832565 1.696728119888313 
1.5485179051106976 2.843313040850566 
0.1580596213466277 4.093264343927852 
1.997726486980106 1.3289957861166082 
0.8226298755319643 3.8213092540088227 
2.0902684578876443 0.37705926481475366 
2.0043788094872066 1.2871845493606535 
1.9484936056357465 1.599161032105098 
0.5998706815486626 3.9658181279082045 
1.3186932301678604 3.259513067060587 
2.036873808398648 1.054512940074048 
1.3547735907768357 3.20237401452457 
2.084184816816804 0.5152003843510705 
1.8924895811116855 1.850105276113493 
2.069977366366107 0.7289781522939304 
2.0165484625471835 1.206217974726078 
0.257483731601429 4.082055799047312 
1.724132095637777 2.416191152174941 
2.0622063191418936 0.8192197777939186 
2.059249716988705 0.8506436175652264 
2.0828388308596244 0.5399599784516342 
1.604153411164086 2.720634222274985 
2.090995416551969 0.35565539694010156 
2.0798120795826978 0.5910910091298996 
0.7335263070902357 3.8860635664539687 
0.644314263652811 3.941543857245021 
1.124034338009237 3.5254448007902823 
2.0412181870909025 1.0186292676472017 
1.95792733460044 1.5517963627382252 
0.9546257155717811 3.707138326202521 
2.0221043660318174 1.167035086822265 
1.7649080930878425 2.2972400674368663 
1.8018810976355397 2.1807802855549525 
1.9906683092218027 1.3717114009108198 
2.010646017762473 1.246261672210191 
2.081383378225819 0.5652519264643374 
0.4680908314346815 4.025114408314905 
2.0930093189753616 0.28406561488261434 
0.7781317747932666 3.854842573393884 
1.630301503695411 2.659283523756511 
0.9978426611229172 3.6647236322733416 
1.4237674177681232 3.085228892932893 
1.0405345282908174 3.6202450205457093 
2.0865713872816327 0.4672186848855615 
2.087622909327301 0.44397325360885304 
2.0527224707987304 0.9156194617903131 
1.9385086994039082 1.647469778175251 
2.091652036230722 0.33468506137277476 
2.0675603474384383 0.7583995879942859 
2.088586580209886 0.4212038703079919 
1.7022474140224404 2.4764337503999947 
0.6888917634408789 3.914964111954656 
1.9668365501665421 1.5053750316963104 
2.0854271694405075 0.49095836884973615 
1.2816024544199967 3.3155122593490507 
1.6553542173145124 2.5980679427538904 
0.555637271584897 3.9878124969846596 
2.089467642918555 0.39888161818823903 
1.4566343235894417 3.0254950360076465 
2.0322506070791584 1.091197674594608 
1.6793294809803545 2.5370874680467908 
0.17758314140350961 4.091846603425099 
1.8352982703781473 2.067233837359953 
1.904964177477061 1.7980507313389102 
1.9752465906107572 1.4598918330056028 
1.576895654764958 2.7820158457544846 
1.9831825037947597 1.4153399644444928 
2.078118288543659 0.6174901893945048 
0.34003771686098183 4.065162181652164 
0.5116881552497552 4.007563094122924 
0.38220707836160167 4.053848907383963 
2.0722332191362787 0.7001889967025696 
1.243540354831598 3.370236433585561 
1.1647004240839967 3.4753285467764834 
1.4883858054495023 2.965179927280875 
1.8507534871760094 2.0116599034679403 
1.8793168305097177 1.9030707630125578 
0.42491237668079584 4.04052216946751 
2.049128793937886 0.9492002474764775 
1.783854831632235 2.2386697831573743 
1.5190152084425865 2.904408711713101 
0.9109593388053034 3.747415459049067 
0.8669353107865386 3.7854885766562205 
0.29844568288700657 4.074538217943981 
0.21718420725234733 4.087795838221781 
1.0826217566324359 3.573786568822921 
1.7450090435140375 2.356438966834337 
1.2045553788320353 3.4235520541965676 
1.8190181509459356 2.123620045702192 
2.04529845944214 0.9835313656315685 
