0.997788239486899 3.6647781602038174 
2.090986398289096 0.35592920970562625 
1.8506941576368896 2.011877543344381 
2.082823429620198 0.5402367708094666 
1.983138886076353 1.4155900223536722 
2.0490995922001134 0.9494662096604389 
2.0743167991863753 0.6722955908237194 
0.9109089705245611 3.7474610419376266 
0.34002444008251975 4.0651654705800535 
1.8924338004118697 1.850333328120809 
2.078100412664777 0.6177626727307252 
2.0649493454795986 0.7887462566545257 
1.7648435390841644 2.297436543393014 
2.088575269598426 0.42148520586823957 
1.1646383063767078 3.4754101208678625 
1.8792603345105048 1.9032940822923103 
0.5998394161562186 3.9658355489411377 
0.9545731262813799 3.707187673338512 
2.081367041528035 0.5655285460001764 
2.0762768818567405 0.6447345050366673 
2.085413450730591 0.49123417864102664 
2.0220682523139373 1.1672945297726518 
2.0411866187419774 1.0188949991794873 
1.9049097600263818 1.7982815525957458 
1.0404771331420533 3.6203051044580663 
1.865357463325136 1.9571499190441748 
0.2574763341107518 4.082055991207509 
1.4565648207126691 3.0256269051103226 
1.9384584787437695 1.6477079466128148 
2.0930025816177227 0.28434323142712176 
2.086558678250628 0.4674935176715028 
1.7449433005503157 2.3566309051572185 
2.07979478078414 0.5913657384728438 
1.5484479603034895 2.843462095209032 
1.8189564503091886 2.1238301436759564 
1.957879691925868 1.5520406338940593 
2.0592236561968114 0.8509155353790404 
2.0841701878307126 0.5154793056433864 
1.0825637291919 3.5738525028539923 
2.087610991539798 0.44424651821771277 
1.4883165335488993 2.965316955447874 
1.9278917416595491 1.696964106296084 
0.5116618665846104 4.007574444056465 
0.8225851693982393 3.8213448304337816 
2.0043385448236735 1.2874404629977763 
0.15805964532198052 4.0932643686284695 
1.576825496669459 2.7821697708823163 
2.0699553285320857 0.7292511447095118 
1.2434752953960286 3.3703285534751624 
0.29843784247737837 4.074539775548053 
0.555607191704279 3.9878267209117024 
1.9906257846550288 1.3719637379131955 
1.6792609450695635 2.5372644321164315 
2.090258397186526 0.37733787732697066 
1.630232448022693 2.6594494006417055 
1.9752015645152285 1.4601406059827333 
0.17758384791611637 4.091846406032592 
0.4680680842143842 4.025123077495413 
1.997685192681156 1.329250157206277 
2.0526942942878343 0.9158882089382809 
1.3186262040289554 3.259617471360319 
2.056065057234766 0.883043503716007 
1.5189450061600156 2.9045524197124357 
2.092234236371297 0.3144060298710917 
1.7240654964602755 2.416378498246362 
1.3897386913384202 3.1443490018106153 
1.916719373544326 1.7471554887925536 
1.123974462999001 3.5255171766098674 
1.9484445498315806 1.5994022899148739 
2.067537624705951 0.7586735006900052 
2.0894559388239817 0.3991872087672881 
2.062181562126481 0.8194892789378251 
0.6442798839572067 3.9415642241634106 
2.0452681834673583 0.9837958439012235 
0.7780908488472137 3.8548723776940887 
0.2171803950976402 4.087796517901175 
1.9667898269402315 1.5056216860797482 
1.423697877419818 3.0853523278995305 
0.3821924171217643 4.05385304046901 
2.0322168696105694 1.0914606608358044 
2.0272982190566102 1.1289600545985246 
0.8668868436980962 3.7855284897200523 
0.4248923114963938 4.040528404481015 
2.092762166696576 0.294221324931667 
1.7837909609496234 2.2388713506374796 
0.7334860438462306 3.8860904626566537 
1.204491045850927 3.423636574495996 
1.6552860395530091 2.598241155030956 
1.835237534714514 2.0674481964266427 
0.6888551637798948 3.9149869068411207 
2.0916433257326124 0.3349653095135343 
1.2815355051867123 3.315610933237703 
2.0368410664019043 1.054777443976717 
1.604083987939319 2.720795211425931 
2.016510746865421 1.206476772686465 
1.7021801897313968 2.4766145623505684 
1.8018183001740995 2.1809856516453223 
2.0106072710765672 1.2465202613868829 
2.0722124174874668 0.7004611103893885 
1.354705581741597 3.2024840055655983 
